15.1200	283.6000	45.0000
22.0500	282.5350	45.0000
23.1300	281.7800	45.0000
20.5600	280.9400	45.0000
17.6000	280.6600	45.0000
15.0600	281.2450	45.0000
12.9900	283.0300	45.0000
11.3200	285.2300	45.0000
9.9800	286.3800	45.0000
8.9000	285.2350	45.0000
8.0500	285.7200	45.0000
10.1600	283.6000	45.0000
18.2200	287.6500	45.0000
53.5000	287.3750	45.0000
93.4500	287.4450	45.0000
101.8500	287.7100	45.0000
89.6400	287.8200	45.0000
79.8500	288.0250	45.0000
69.5400	287.4900	45.0000
59.1200	286.1800	45.0000
51.9000	285.2050	45.0000
44.8600	284.4900	45.0000
40.3300	284.2750	45.0000
37.2800	284.1450	45.0000
34.6100	284.6350	45.0000
31.6200	285.5100	45.0000
28.3500	286.1850	45.0000
25.1200	287.7050	45.0000
22.1800	288.9600	45.0000
19.6600	290.2400	45.0000
17.5900	289.2700	45.0000
15.9400	289.2950	45.0000
14.7500	288.0350	45.0000
13.9900	287.4600	45.0000
14.0600	287.1300	45.0000
15.7100	287.4150	45.0000
17.6100	287.8400	45.0000
17.8100	288.3650	45.0000
16.4900	289.4400	45.0000
14.6700	291.5000	45.0000
12.9300	293.0850	45.0000
11.4300	287.1900	45.0000
10.1900	286.5800	45.0000
9.1700	289.4150	45.0000
8.3600	293.2000	45.0000
7.6800	294.0300	45.0000
7.1400	295.1600	45.0000
6.7000	295.5350	45.0000
6.5600	290.0100	45.0000
6.5000	289.0700	45.0000
6.9300	291.3550	45.0000
11.8100	294.6600	45.0000
21.9800	294.6250	45.0000
24.5800	293.7800	45.0000
21.7400	292.8450	45.0000
18.3100	293.2150	45.0000
15.4300	292.7200	45.0000
13.1700	293.0050	45.0000
11.4200	295.2250	45.0000
10.1000	295.5300	45.0000
9.2000	291.0600	45.0000
9.2400	289.9250	45.0000
12.0700	289.2800	45.0000
13.4600	289.5600	45.0000
15.1300	290.9600	45.0000
19.6700	291.6900	45.0000
29.5100	291.3600	45.0000
42.4800	290.6300	45.0000
42.8500	290.7950	45.0000
36.8100	291.3000	45.0000
30.7800	292.0400	45.0000
25.9500	293.3450	45.0000
22.3000	294.3850	45.0000
19.5900	294.9850	45.0000
18.7700	294.5400	45.0000
24.4400	294.5200	45.0000
35.9200	294.1100	45.0000
41.1800	292.4450	45.0000
40.2300	290.8500	45.0000
36.1900	290.1950	45.0000
31.8200	290.1150	45.0000
29.8300	290.4900	45.0000
30.2200	291.0750	45.0000
29.6000	291.8050	45.0000
26.8600	292.6200	45.0000
23.4600	292.0600	45.0000
20.4000	291.2550	45.0000
18.0000	290.1300	45.0000
22.4500	288.9950	45.0000
25.5100	291.3350	45.0000
24.6100	293.0750	45.0000
23.1100	294.6700	45.0000
21.8600	296.1350	45.0000
21.4700	297.4200	45.0000
21.1200	298.6300	45.0000
19.9600	299.8000	45.0000
18.1700	300.5450	45.0000
16.2400	301.2050	45.0000
14.4400	301.7950	45.0000
12.8500	302.3800	45.0000
11.4800	302.6200	45.0000
10.3100	303.6400	45.0000
9.3100	301.5900	45.0000
8.4600	304.4700	45.0000
7.7300	304.4550	45.0000
7.0900	305.1650	45.0000
6.5400	305.7450	45.0000
6.0600	304.4800	45.0000
5.6400	298.9600	45.0000
5.2600	300.1900	45.0000
4.9400	301.9450	45.0000
7.9100	300.5050	45.0000
24.4600	296.9950	45.0000
30.3300	295.1700	45.0000
33.0500	293.7700	45.0000
123.1500	293.4000	45.0000
240.8500	293.6500	45.0000
202.7400	293.7500	45.0000
136.2600	294.0850	45.0000
86.2000	294.7800	45.0000
63.2700	295.8050	45.0000
53.1500	297.1200	45.0000
47.0600	298.4950	45.0000
41.4100	299.7250	45.0000
35.8900	300.6400	45.0000
31.1300	301.1550	45.0000
57.1700	300.0600	45.0000
216.4800	299.1500	45.0000
403.9700	299.1700	45.0000
342.9500	299.4150	45.0000
231.3400	299.6450	45.0000
167.3200	299.9300	45.0000
133.1600	300.3300	45.0000
116.4800	300.5900	45.0000
103.4900	300.3600	45.0000
91.3100	300.3100	45.0000
79.5200	300.6300	45.0000
70.3500	301.4300	45.0000
63.5000	302.4000	45.0000
53.9600	303.3800	45.0000
44.1300	303.9850	45.0000
36.7400	305.2650	45.0000
45.5900	304.4500	45.0000
133.2100	300.9800	45.0000
139.3600	300.6350	45.0000
91.0900	301.2050	45.0000
58.0900	302.2050	45.0000
42.5800	303.3100	45.0000
35.3800	304.5400	45.0000
41.4200	305.6400	45.0000
60.9800	306.2150	45.0000
66.5200	306.6500	45.0000
59.6300	306.4700	45.0000
50.8900	307.0550	45.0000
43.9100	307.8950	45.0000
39.8800	308.2950	45.0000
39.3600	308.0300	45.0000
40.8400	307.8150	45.0000
39.7100	308.6450	45.0000
35.6000	307.6700	45.0000
31.0000	305.9500	45.0000
27.2500	305.8150	45.0000
24.9700	306.5150	45.0000
24.1200	308.5150	45.0000
23.7900	310.0900	45.0000
23.1000	311.2250	45.0000
21.8600	311.6000	45.0000
20.7100	311.6500	45.0000
19.8900	310.8650	45.0000
22.6300	310.7100	45.0000
28.3800	310.5600	45.0000
34.5800	310.2400	45.0000
35.2000	309.9650	45.0000
31.3200	310.2800	45.0000
27.2800	310.1550	45.0000
25.6900	309.3200	45.0000
25.3100	307.5150	45.0000
43.5700	306.8900	45.0000
61.2000	305.9250	45.0000
69.7500	305.3550	45.0000
58.6000	305.6650	45.0000
45.6300	306.7000	45.0000
35.8700	307.7550	45.0000
29.0500	308.3350	45.0000
29.8500	307.9150	45.0000
39.9100	306.8200	45.0000
69.6700	305.5550	45.0000
104.1400	304.8650	45.0000
96.3800	305.3650	45.0000
79.4900	306.4200	45.0000
69.7800	307.3200	45.0000
62.6700	307.5000	45.0000
56.7900	307.9350	45.0000
50.9100	307.3400	45.0000
43.7300	307.5150	45.0000
36.5600	306.4700	45.0000
30.5300	306.9450	45.0000
25.6600	307.2550	45.0000
21.7200	307.5100	45.0000
18.5300	307.8500	45.0000
15.9100	308.3250	45.0000
13.7500	308.8900	45.0000
11.9600	309.2650	45.0000
10.4500	309.7800	45.0000
9.1900	310.2300	45.0000
8.1200	310.2500	45.0000
7.1900	309.9950	45.0000
6.4000	310.0700	45.0000
5.7200	310.4100	45.0000
5.1300	310.7700	45.0000
4.6200	311.5100	45.0000
4.1800	312.1500	45.0000
3.8000	312.4950	45.0000
3.4600	312.5700	45.0000
3.1700	309.7700	45.0000
2.9500	303.8100	45.0000
3.3200	303.5900	45.0000
3.6400	305.5950	45.0000
3.5700	307.1050	45.0000
3.3700	305.3150	45.0000
3.0800	304.5500	45.0000
2.8000	304.3600	45.0000
2.5600	304.9600	45.0000
2.3600	304.5900	45.0000
2.1800	305.6300	45.0000
2.0400	305.7550	45.0000
1.9100	306.1250	45.0000
1.7900	305.7050	45.0000
1.6800	306.0150	45.0000
1.5700	305.8500	45.0000
1.4800	305.0650	45.0000
1.3800	305.9600	45.0000
1.3000	306.0350	45.0000
1.2600	304.3500	45.0000
1.3000	304.5200	45.0000
1.4100	304.9900	45.0000
1.4800	304.3850	45.0000
1.4500	304.1900	45.0000
1.3800	303.9400	45.0000
1.3300	303.3550	45.0000
2.7300	301.7550	45.0000
6.4000	300.4550	45.0000
32.9200	299.1450	45.0000
110.3300	298.6250	45.0000
181.1000	297.9300	45.0000
171.7100	298.1850	45.0000
154.9800	298.9900	45.0000
151.8100	300.2800	45.0000
178.6900	301.9300	45.0000
271.4000	302.1450	45.0000
737.0700	301.7450	45.0000
441.3100	302.4500	45.0000
260.9500	303.3050	45.0000
180.6300	303.5050	45.0000
127.2800	303.6850	45.0000
103.3800	303.9100	45.0000
92.4900	304.2950	45.0000
82.5700	304.6800	45.0000
73.6400	305.0750	45.0000
66.6300	304.9600	45.0000
59.4700	304.8900	45.0000
51.2700	304.6650	45.0000
41.4400	305.2150	45.0000
33.1900	305.4200	45.0000
27.3500	305.5100	45.0000
22.9700	304.6050	45.0000
19.5500	304.5600	45.0000
17.0900	304.4850	45.0000
17.2200	302.0350	45.0000
20.5700	302.5350	45.0000
21.9200	302.2200	45.0000
23.1200	302.2400	45.0000
26.2200	302.2100	45.0000
25.5900	302.2600	45.0000
22.4400	301.9000	45.0000
19.1000	300.9350	45.0000
16.2400	301.1150	45.0000
13.9100	302.1250	45.0000
12.0500	303.0700	45.0000
10.5600	301.8100	45.0000
9.3700	300.0500	45.0000
8.4200	302.5450	45.0000
7.6500	303.9200	45.0000
7.0200	304.4700	45.0000
6.5700	304.7400	45.0000
6.4500	305.3600	45.0000
7.0800	305.0250	45.0000
10.2500	300.6050	45.0000
37.6500	297.2200	45.0000
100.8000	296.2800	45.0000
104.1900	295.3150	45.0000
71.1900	294.8050	45.0000
47.4000	294.9200	45.0000
34.5300	295.4150	45.0000
26.4900	296.0000	45.0000
21.3400	297.0200	45.0000
18.5100	298.7550	45.0000
17.5400	300.7850	45.0000
17.3200	302.0850	45.0000
16.8100	299.2700	45.0000
15.7900	297.8750	45.0000
14.4900	297.2800	45.0000
13.1100	297.2950	45.0000
11.7800	297.5450	45.0000
10.5500	299.0150	45.0000
9.4400	299.9900	45.0000
8.4800	300.6900	45.0000
7.6500	300.4100	45.0000
6.9400	299.7650	45.0000
6.3500	299.4400	45.0000
5.8000	297.9100	45.0000
5.3000	298.4550	45.0000
4.8400	299.5550	45.0000
4.4400	299.8750	45.0000
4.0900	298.5700	45.0000
3.7900	298.1900	45.0000
3.6200	297.1300	45.0000
3.8200	297.2150	45.0000
4.1000	296.8550	45.0000
6.2100	295.7600	45.0000
19.7000	294.2850	45.0000
64.3700	293.0050	45.0000
168.1600	292.0150	45.0000
202.5800	291.8850	45.0000
149.3400	291.7400	45.0000
100.0600	290.9050	45.0000
73.6700	290.5300	45.0000
75.2100	290.7400	45.0000
81.1700	291.0150	45.0000
77.4300	291.1800	45.0000
69.2400	291.4800	45.0000
61.0900	292.4350	45.0000
53.1600	291.7000	45.0000
52.3600	288.8250	45.0000
55.4900	286.3950	45.0000
48.8700	286.1300	45.0000
45.0800	286.2500	45.0000
64.3600	285.4450	45.0000
87.3800	287.2550	45.0000
95.5000	288.8150	45.0000
90.9200	290.4350	45.0000
80.2000	291.6300	45.0000
64.4900	292.6700	45.0000
54.5200	292.0300	45.0000
47.2500	290.5200	45.0000
44.0000	289.3550	45.0000
50.0700	288.7750	45.0000
56.0800	289.0450	45.0000
53.2800	288.6400	45.0000
48.5100	288.2000	45.0000
44.7900	288.4500	45.0000
41.1900	289.3600	45.0000
37.5300	289.5300	45.0000
34.0500	289.5600	45.0000
31.4000	289.0600	45.0000
30.1200	288.4800	45.0000
28.9300	288.7900	45.0000
26.7400	289.3950	45.0000
23.9800	289.0550	45.0000
21.2700	288.3100	45.0000
18.8800	287.4550	45.0000
16.8700	286.4350	45.0000
15.1900	287.7800	45.0000
13.7900	287.8650	45.0000
12.6000	285.5450	45.0000
11.5600	285.7400	45.0000
10.6400	284.3250	45.0000
9.8100	283.2250	45.0000
9.0600	282.8700	45.0000
8.3800	282.9850	45.0000
7.8100	287.7600	45.0000
7.9000	285.7700	45.0000
7.6700	286.2600	45.0000
7.1700	286.0300	45.0000
6.7700	288.0500	45.0000
6.4900	289.8400	45.0000
6.3400	291.2200	45.0000
6.7800	288.9650	45.0000
8.0700	288.3550	45.0000
9.1700	287.7450	45.0000
9.3000	287.3550	45.0000
8.7500	288.3050	45.0000
7.9800	291.4250	45.0000
7.2100	292.3450	45.0000
6.5200	292.6400	45.0000
5.9000	288.3700	45.0000
5.3700	291.2150	45.0000
4.9000	291.9400	45.0000
4.5000	294.6650	45.0000
4.1400	295.2650	45.0000
3.8600	290.8100	45.0000
3.6300	289.4050	45.0000
3.4100	289.5450	45.0000
3.2000	293.4650	45.0000
3.0100	294.7400	45.0000
2.8700	294.6500	45.0000
2.8200	295.6000	45.0000
2.8500	285.5200	45.0000
2.8400	282.8400	45.0000
2.8400	285.0200	45.0000
2.8600	289.5350	45.0000
2.9500	284.6400	45.0000
3.5500	281.7850	45.0000
4.5400	282.7400	45.0000
5.4900	285.3500	45.0000
6.3800	287.1800	45.0000
7.1500	288.4950	45.0000
8.2700	284.6850	45.0000
9.8500	284.9650	45.0000
10.8600	285.8100	45.0000
10.7200	287.2750	45.0000
9.8900	288.0500	45.0000
8.8600	288.4750	45.0000
7.8600	287.3200	45.0000
6.9900	290.1050	45.0000
6.2300	292.3250	45.0000
5.5900	291.7950	45.0000
5.0400	291.6350	45.0000
4.5800	291.4850	45.0000
4.1800	290.0900	45.0000
3.8400	291.0300	45.0000
3.5600	293.1000	45.0000
3.3200	287.9250	45.0000
3.1200	276.9900	45.0000
2.9700	279.2250	45.0000
2.8500	286.7450	45.0000
2.7800	290.4400	45.0000
2.7700	278.1900	45.0000
2.7500	277.4650	45.0000
2.7100	280.7800	45.0000
2.6800	289.7650	45.0000
2.6400	292.5650	45.0000
2.6100	294.0250	45.0000
2.5700	295.6600	45.0000
2.5500	284.3250	45.0000
2.5300	285.5300	45.0000
2.5100	291.3150	18.3000
2.4900	291.0600	2.5500
2.4700	293.4800	2.5300
2.4500	296.5900	2.5100
2.4100	295.7550	2.4800
2.3700	296.0950	2.4500
2.3200	298.5350	2.4200
2.2700	297.6300	2.3800
2.2600	296.3000	2.3300
2.4600	289.5250	2.3500
2.9400	286.4250	2.4600
6.3500	285.5100	3.1700
23.8300	289.0200	8.6500
38.1000	290.6800	23.9000
33.5100	291.8550	32.1200
26.4200	292.4550	30.1100
20.7900	292.8700	25.2800
16.6400	294.5800	20.7200
13.6100	296.5100	17.0400
92.1100	298.7100	28.0800
325.5100	296.3150	45.0000
308.8300	295.8050	45.0000
201.2500	296.0550	45.0000
130.3400	295.4300	45.0000
84.1400	294.3800	45.0000
57.5300	293.8150	45.0000
42.6100	294.2950	45.0000
35.9300	295.9650	45.0000
44.6400	298.0250	45.0000
75.5000	298.5550	45.0000
95.8500	298.3950	45.0000
100.3300	298.4300	45.0000
83.0700	298.8400	45.0000
65.3500	299.4850	45.0000
51.7200	300.2400	45.0000
41.7300	301.0100	45.0000
40.1600	301.6000	45.0000
57.1900	302.0300	45.0000
67.0400	301.8700	45.0000
64.4100	301.9550	45.0000
54.9800	302.2950	45.0000
45.2200	302.9550	45.0000
38.0500	303.4600	45.0000
33.5300	304.1600	45.0000
30.6100	304.9700	45.0000
28.1800	305.2400	45.0000
25.7200	305.6300	45.0000
23.1900	306.4350	45.0000
20.7200	306.6350	45.0000
18.4300	307.3200	45.0000
16.3900	306.3750	45.0000
14.6000	307.4650	45.0000
13.0700	308.8900	45.0000
11.7700	309.3350	45.0000
10.6700	308.2300	45.0000
9.7200	308.2200	45.0000
8.8800	308.6500	45.0000
8.1400	309.3750	45.0000
7.4600	310.2700	45.0000
6.8400	310.0900	45.0000
6.2600	310.0100	45.0000
5.7500	310.9300	45.0000
5.2800	309.0750	45.0000
4.8600	306.4850	45.0000
4.5000	305.7350	45.0000
4.1700	306.0550	45.0000
4.1300	305.4150	45.0000
7.9500	302.2500	45.0000
16.5300	299.3500	45.0000
62.0600	299.1750	45.0000
139.1000	298.6650	45.0000
159.9400	298.6250	45.0000
150.7800	299.2700	45.0000
130.4300	300.2750	45.0000
106.9300	301.0600	45.0000
85.3600	302.0400	45.0000
67.6600	302.6950	45.0000
53.5100	303.5850	45.0000
45.4600	304.4150	45.0000
55.3400	305.0100	45.0000
59.2100	305.4750	45.0000
53.1600	305.9100	45.0000
45.9100	306.2300	45.0000
39.2000	306.8700	45.0000
33.3300	307.3100	45.0000
28.4100	307.6550	45.0000
24.3400	307.4400	45.0000
21.0000	306.4950	45.0000
18.2700	306.6900	45.0000
16.0400	306.7600	45.0000
14.2200	307.0900	45.0000
12.7700	307.6100	45.0000
11.7200	308.3750	45.0000
11.2600	309.0950	45.0000
11.3800	309.4550	45.0000
11.5100	310.6850	45.0000
11.2700	310.1600	45.0000
10.7100	310.7550	45.0000
10.0600	311.3700	45.0000
9.4300	311.1800	45.0000
8.9900	311.5100	45.0000
9.2900	311.2400	45.0000
10.8500	310.9400	45.0000
12.1000	311.0200	45.0000
11.8900	310.7800	45.0000
10.8900	311.3350	45.0000
9.8000	311.3200	45.0000
10.0700	310.3200	45.0000
15.1600	307.4650	45.0000
21.0400	307.2900	45.0000
30.4000	305.5400	45.0000
166.6600	302.2850	45.0000
1026.4200	299.8150	45.0000
991.3100	299.5100	45.0000
957.5700	299.3950	45.0000
1055.7700	299.4550	45.0000
959.8400	299.8400	45.0000
1048.7300	300.1700	45.0000
845.1500	300.6000	45.0000
557.0200	301.4150	45.0000
431.9700	302.0900	45.0000
349.5000	302.4150	45.0000
280.3000	303.0250	45.0000
222.5900	303.7450	45.0000
173.3100	304.4100	45.0000
439.4900	302.3050	45.0000
965.7400	300.1350	45.0000
1052.3800	300.1650	45.0000
700.6700	300.3850	45.0000
487.4300	300.8550	45.0000
363.9500	301.4700	45.0000
271.8100	302.1750	45.0000
198.9200	302.9650	45.0000
148.4700	303.6500	45.0000
114.7700	304.3300	45.0000
91.9000	305.1650	45.0000
75.1500	305.9750	45.0000
62.2300	306.4000	45.0000
50.8000	306.7300	45.0000
40.8700	306.3500	45.0000
34.1700	306.2600	45.0000
29.3400	305.1800	45.0000
25.6800	305.4750	45.0000
23.2000	306.2950	45.0000
25.8500	306.6000	45.0000
33.3600	306.3150	45.0000
33.9700	305.3550	45.0000
29.6700	305.4050	45.0000
26.1900	306.6000	45.0000
24.1500	306.8950	45.0000
23.6600	306.5400	45.0000
24.0300	306.3800	45.0000
24.3600	306.4800	45.0000
29.0300	306.3400	45.0000
43.5000	305.1700	45.0000
52.3100	303.6150	45.0000
52.2900	303.9750	45.0000
103.6800	304.8850	45.0000
170.5100	303.9050	45.0000
131.0100	304.0400	45.0000
90.4900	304.7150	45.0000
63.8300	305.6400	45.0000
48.3400	306.4800	45.0000
38.9000	307.2700	45.0000
32.5500	307.8850	45.0000
27.9200	308.6550	45.0000
24.3300	309.2500	45.0000
21.4600	308.6700	45.0000
19.1200	308.1150	45.0000
17.2000	308.1000	45.0000
15.7200	308.0900	45.0000
17.9000	307.2450	45.0000
30.4600	306.2200	45.0000
50.3400	306.4700	45.0000
46.3700	305.9300	45.0000
41.8900	306.3350	45.0000
38.8400	306.7250	45.0000
34.4000	306.9900	45.0000
32.7900	307.0700	45.0000
41.2800	306.5550	45.0000
54.5500	302.8450	45.0000
244.2900	296.5550	45.0000
1555.4900	294.9650	57.6800
1557.8100	295.9900	1532.1000
900.4500	297.1200	1122.5900
493.3200	298.4350	648.1700
295.2200	299.6500	387.0000
213.5300	300.4950	253.3300
229.2500	299.9850	242.8700
172.5200	299.5100	202.6300
145.9900	299.6850	164.8100
128.0100	300.3900	141.2600
114.8500	301.0200	124.4400
106.5000	301.1600	113.1000
101.6600	301.1950	105.8300
99.1200	301.4900	101.6400
91.6100	301.2900	96.8600
78.5600	301.2900	87.1100
64.9800	301.4100	74.7300
52.6100	301.9750	62.0900
43.6400	302.5900	51.1300
37.0500	303.0650	45.1100
32.0000	303.3300	45.0000
28.0500	303.0850	45.0000
24.9500	302.6100	45.0000
22.5100	303.0300	45.0000
20.5200	304.0450	45.0000
18.9200	304.0600	45.0000
17.7400	303.6550	45.0000
16.9000	303.4350	45.0000
17.2600	301.9650	45.0000
19.8400	299.2150	45.0000
123.2300	297.7700	45.0000
387.7000	295.1400	49.0400
377.7400	295.2300	369.9200
237.0800	296.4200	297.4000
158.2400	297.0350	201.9500
117.8000	296.4400	144.4300
106.3000	295.8200	116.6800
107.0600	295.2650	108.8800
105.9200	295.3500	107.4300
97.0400	295.6450	102.5400
84.6700	296.2200	92.6400
77.0500	296.9700	82.2600
126.4400	297.5300	97.3600
162.6300	296.9450	140.7800
227.9500	294.5600	183.3100
598.7400	293.4750	417.4700
856.4000	292.9550	768.5400
804.5700	292.8800	830.8900
635.9900	293.4150	706.3500
478.0800	294.3350	547.4200
347.4600	294.9150	408.5400
254.0800	295.1000	302.0100
191.7600	294.9850	226.9100
149.1600	294.4850	175.3500
127.5900	293.6750	142.5700
116.5800	292.6800	124.3800
140.2000	290.8050	129.6500
165.5300	290.2450	152.6400
160.1500	290.0000	162.7900
137.1600	289.7450	150.2400
107.0700	289.9750	125.4700
83.1500	291.0150	99.4900
67.4700	292.1400	79.7600
56.9200	292.6050	65.9200
49.6500	292.3000	56.2400
44.4800	292.0250	48.9600
40.6600	292.4300	45.1300
37.7000	291.8950	45.0000
35.2800	291.1050	45.0000
33.2600	290.5400	45.0000
31.5300	291.5650	45.0000
30.0300	291.2800	45.0000
28.7200	290.0350	45.0000
27.5400	289.9700	45.0000
26.4900	289.2550	45.0000
25.5300	290.0450	45.0000
24.6800	292.0000	45.0000
23.9000	289.6650	45.0000
23.2800	286.2400	45.0000
23.0300	286.7550	45.0000
24.1500	287.6850	45.0000
28.0200	288.4600	45.0000
32.3600	287.1900	45.0000
32.4100	287.2100	45.0000
30.0200	289.4450	45.0000
28.8700	290.5900	45.0000
33.4800	286.3550	45.0000
40.0200	284.2200	45.0000
58.0600	284.2000	45.0000
69.8400	284.6300	45.0000
63.9500	284.4800	45.0000
69.4300	284.2850	45.0000
76.9200	283.9600	45.0000
100.6800	283.9750	45.0000
113.7000	284.6350	45.0000
97.0600	284.9250	45.0000
81.1000	285.3250	45.0000
67.1700	286.2350	52.1900
55.6000	287.3850	64.8700
47.3000	288.5150	54.5600
41.4400	289.5600	46.6900
37.1400	289.2250	45.0000
33.8600	288.7550	45.0000
31.3100	288.8800	45.0000
29.2700	289.2850	45.0000
30.9300	290.2100	45.0000
32.7400	288.1050	45.0000
33.5300	286.1600	45.0000
46.8600	285.2550	45.0000
59.2400	285.1400	45.0000
53.5600	285.2450	45.0000
44.5400	286.0450	45.0000
39.0000	286.8600	45.0000
35.6300	286.7850	45.0000
33.8200	287.0150	45.0000
34.8300	286.5150	45.0000
36.6600	286.5550	45.0000
35.9300	286.8500	45.0000
32.9400	287.5250	45.0000
29.6800	287.8700	45.0000
26.9800	287.7500	45.0000
24.8900	288.1550	45.0000
23.2300	288.7950	45.0000
21.8900	286.5500	45.0000
22.7500	284.5800	45.0000
26.5700	283.5100	45.0000
30.1500	284.3050	45.0000
48.9200	284.5050	45.0000
79.7900	284.0200	45.0000
74.8100	283.8050	45.0000
58.5800	283.4300	45.0000
46.4100	283.1900	45.0000
38.0600	283.9200	45.0000
32.2800	285.3450	45.0000
28.2600	286.8650	45.0000
25.5300	287.0400	45.0000
23.7400	285.1400	45.0000
22.6000	283.9450	45.0000
22.0700	285.2700	45.0000
21.9200	285.4500	45.0000
21.3800	286.8400	45.0000
20.7800	288.8850	45.0000
20.3800	289.4500	45.0000
20.1000	287.9300	45.0000
19.8100	288.7750	45.0000
19.4200	289.2800	45.0000
18.9100	291.4000	45.0000
18.2900	289.1150	45.0000
17.6100	288.3550	45.0000
16.9400	290.9600	45.0000
16.5400	288.3600	45.0000
18.5100	284.1650	45.0000
21.2300	284.6400	45.0000
26.5400	286.0950	45.0000
33.9800	286.5400	45.0000
39.9900	287.3400	45.0000
42.4000	288.4500	45.0000
40.9300	289.5800	45.0000
37.9100	291.0750	45.0000
41.2200	292.0200	45.0000
38.7100	289.8000	45.0000
46.0200	289.1600	45.0000
109.7600	289.1050	45.0000
90.1400	289.7850	45.0000
64.6200	290.3000	45.0000
58.8100	290.2950	45.0000
85.3700	289.4900	45.0000
133.5100	289.0550	45.0000
139.4000	288.0250	45.0000
106.3800	286.9950	45.0000
74.2900	286.6750	45.0000
59.3000	286.7050	45.0000
52.9100	287.2250	45.0000
49.5300	287.9550	45.0000
47.2700	289.0050	45.0000
47.7900	289.1700	45.0000
45.3100	289.4200	45.0000
44.3000	289.9150	45.0000
43.0800	290.7950	45.0000
41.9400	291.5950	45.0000
39.9900	292.3750	45.0000
36.5800	293.2750	45.0000
32.6000	293.8100	45.0000
28.8400	294.1650	45.0000
25.6400	295.2000	45.0000
23.0100	296.7300	45.0000
20.8900	297.5800	45.0000
19.7700	296.2700	45.0000
19.0100	296.0250	45.0000
18.3300	296.5550	45.0000
18.2300	294.3750	45.0000
18.6100	293.7200	45.0000
20.3300	293.9550	45.0000
30.4000	293.3300	45.0000
41.4700	291.1900	45.0000
39.9800	293.1750	45.0000
44.2200	293.6300	45.0000
73.8400	293.7850	45.0000
145.6500	293.4500	45.0000
155.6300	293.3100	45.0000
114.4400	292.8250	45.0000
80.6400	291.1500	45.0000
61.2200	290.1350	45.0000
49.2200	290.2150	45.0000
41.5300	291.2750	45.0000
36.3500	293.0050	45.0000
32.4800	294.6750	45.0000
29.2800	296.2000	45.0000
26.5300	297.4100	45.0000
24.2400	297.7850	45.0000
22.0700	297.6250	45.0000
20.1200	293.5350	45.0000
18.4400	292.7200	45.0000
17.0500	294.6150	45.0000
16.1300	295.6700	45.0000
16.0500	297.1600	45.0000
16.7800	297.1750	45.0000
17.2900	297.1450	45.0000
16.9000	297.4850	45.0000
15.9400	298.7600	45.0000
14.8400	298.4950	45.0000
13.8400	299.6400	45.0000
13.1300	300.2150	45.0000
12.6200	299.3500	45.0000
12.0400	299.2650	45.0000
11.4600	300.6200	45.0000
11.0100	302.0100	45.0000
10.7000	303.0400	45.0000
10.4900	301.6000	45.0000
10.3800	301.6500	45.0000
10.3600	302.0600	45.0000
10.4000	303.2000	45.0000
10.4300	303.7350	45.0000
10.4300	303.9700	45.0000
10.2600	304.8000	45.0000
9.9500	304.5750	45.0000
9.6400	304.9450	45.0000
9.4100	306.0700	45.0000
9.3000	306.8000	45.0000
9.3600	307.1300	45.0000
9.5700	305.9700	45.0000
9.8900	307.6300	45.0000
10.1700	308.1150	45.0000
10.3400	308.1750	45.0000
10.5800	307.8500	45.0000
10.8400	307.0350	45.0000
10.7300	307.2150	45.0000
10.2000	308.4400	45.0000
9.5100	308.9050	45.0000
8.8400	309.4000	45.0000
8.3100	308.3200	45.0000
7.9200	308.5500	45.0000
7.6400	308.3500	45.0000
7.4700	307.0700	45.0000
7.3500	306.8850	45.0000
7.4800	307.6050	45.0000
11.7600	308.2900	45.0000
21.5900	305.6650	45.0000
28.0500	304.8950	45.0000
26.9300	305.0600	45.0000
23.7900	305.4250	45.0000
23.1900	305.8050	45.0000
35.2100	306.0600	45.0000
52.3900	305.7250	45.0000
50.8200	305.6500	45.0000
41.4200	306.3250	45.0000
33.5200	307.6250	45.0000
33.0900	308.9650	45.0000
176.9400	306.5850	45.0000
332.4800	304.4600	45.0000
298.1700	304.1050	45.0000
243.4800	304.2100	45.0000
189.9400	304.5000	45.0000
136.3500	305.0500	45.0000
115.2500	305.1400	45.0000
156.6000	304.9600	45.0000
280.5400	304.7500	45.0000
356.7400	304.5350	45.0000
558.3800	304.2000	196.2400
547.3400	304.1300	564.9200
394.9900	303.9900	458.0500
296.0800	304.0650	343.8400
228.4300	304.1800	265.7100
170.9500	304.8400	203.5800
134.8400	305.5950	157.1500
120.8800	306.2350	131.7700
113.7500	306.7600	119.8400
104.4000	307.0550	110.9400
91.7900	307.3100	100.1700
78.1200	307.5450	87.5400
65.2700	307.6300	74.6900
53.9500	305.9450	62.8100
43.0800	306.0850	51.6600
34.5500	306.3900	45.0500
30.0800	306.8000	45.0000
28.2400	307.3650	45.0000
26.2900	308.0000	45.0000
26.5300	307.7800	45.0000
65.2000	304.9200	45.0000
196.2900	302.9250	47.9900
326.6800	301.7700	250.0000
411.8900	300.9950	375.9500
318.0200	300.8950	359.8100
226.4200	301.5100	270.7000
179.1100	302.4900	207.1600
148.2600	303.6100	168.3600
123.5100	304.3600	139.5800
109.5200	305.1250	119.6900
100.7400	305.8800	107.6700
789.2500	302.0200	396.6300
923.4500	300.7900	984.5400
477.2700	301.4250	628.8400
318.5500	302.3100	392.4300
246.1300	302.8850	287.7600
190.0300	303.6200	222.3000
148.9900	304.5650	173.9900
122.2500	305.4450	140.0800
101.4800	305.9850	116.0100
83.3000	306.5850	96.2200
68.0800	307.0650	79.4600
55.6900	307.0500	65.5300
49.2700	306.2850	55.3600
45.8600	305.8100	49.5100
43.0300	306.3700	45.9700
38.9300	307.0550	45.0000
34.5500	307.7500	45.0000
30.9800	308.3700	45.0000
28.1200	308.9950	45.0000
25.3700	309.5800	45.0000
22.5800	310.0350	45.0000
19.9600	310.5050	45.0000
17.6300	310.3600	45.0000
15.6400	311.6950	45.0000
13.9300	310.8250	45.0000
12.4800	310.5550	45.0000
11.2600	310.1200	45.0000
10.5200	310.5250	45.0000
10.8500	309.4250	45.0000
16.4700	307.7750	45.0000
35.4000	306.6200	45.0000
57.1800	305.4350	45.0000
58.5500	305.0550	45.0000
49.3000	305.5000	45.0000
39.9300	306.2950	45.0000
32.4800	307.1950	45.0000
26.7100	308.2350	45.0000
22.2400	309.0700	45.0000
19.2600	309.6350	45.0000
75.7000	305.9700	45.0000
140.0000	304.4500	45.0000
98.4900	304.8050	45.0000
64.3500	305.9000	45.0000
47.2700	307.5950	45.0000
46.4600	308.4750	45.0000
50.5600	308.4300	45.0000
124.9500	307.3100	45.0000
251.3200	304.5900	45.0000
203.9400	303.8300	165.4500
186.6700	302.6700	196.7000
185.3600	302.3050	189.1200
172.0400	302.4650	181.0500
166.6500	302.8300	171.1200
154.8300	303.1400	163.6800
140.0500	303.3650	149.3200
128.6500	303.6300	137.0600
108.1600	304.1400	121.2100
87.0800	304.7700	101.0300
91.8500	304.7300	87.0700
173.0500	303.1550	130.5100
243.6000	302.2700	205.7800
278.1300	301.8600	259.3400
226.2600	301.6500	253.7300
156.7900	301.6850	193.5300
121.0000	301.8850	144.3400
118.3600	301.6650	122.8700
135.7600	301.4050	129.5800
137.2700	301.1450	135.6100
153.9800	300.2700	145.0700
164.9400	299.9100	159.6100
161.1100	299.9250	163.0300
143.9200	300.3500	154.2400
114.8200	300.9550	132.0800
91.1400	301.4500	107.0100
73.2300	302.1600	86.5500
64.9200	302.7400	72.0200
75.5500	302.3150	71.0000
77.1000	301.6850	76.3700
66.1200	301.1550	72.2200
56.1900	300.6550	63.2900
49.1100	300.7650	55.0500
43.8300	301.4900	48.1600
39.4000	302.1900	45.0200
35.4000	301.9050	45.0000
31.6600	301.0350	45.0000
31.7300	299.7850	45.0000
32.2200	299.3700	45.0000
44.7800	297.5900	45.0000
132.6100	297.9950	45.0000
1248.9600	297.6450	654.6500
1172.2400	297.2600	1322.2800
631.8000	296.7650	806.0000
386.1100	296.2400	493.1300
247.8100	296.8050	316.9900
169.4000	297.6150	214.1200
126.9800	297.7300	154.7500
102.7200	297.5900	120.4300
85.8700	297.6100	98.6100
72.7700	297.9150	82.8900
61.8400	298.2400	70.4800
51.8900	298.5650	59.9400
41.6000	298.8950	49.5000
33.8000	298.8000	45.0000
29.9700	293.4950	45.0000
28.0700	293.1700	45.0000
25.2900	295.2800	45.0000
23.6900	296.3200	45.0000
22.6100	297.8750	45.0000
21.7300	298.5500	45.0000
21.1700	299.0900	45.0000
20.5100	299.1450	45.0000
19.4000	299.4650	45.0000
17.9900	299.9050	45.0000
16.6700	300.2350	45.0000
16.1600	300.5100	45.0000
17.7000	298.5850	45.0000
22.9800	296.1250	45.0000
32.7700	295.0700	45.0000
40.5300	296.9200	45.0000
40.2800	297.9700	45.0000
36.0100	297.7700	45.0000
31.2500	296.8650	45.0000
27.0100	296.3450	45.0000
23.3300	297.3500	45.0000
20.5100	297.9800	45.0000
22.4000	298.0500	45.0000
27.7300	296.0900	45.0000
37.9500	294.9600	45.0000
48.7200	293.6900	45.0000
59.7400	292.9400	45.0000
55.6000	293.0600	45.0000
46.2100	292.6100	45.0000
37.9700	291.2600	45.0000
31.6000	291.4600	45.0000
26.8100	292.3550	45.0000
23.2800	292.1350	45.0000
20.6900	290.3500	45.0000
18.8100	289.0900	45.0000
17.4000	291.7450	45.0000
16.2500	292.8200	45.0000
15.3000	292.7500	45.0000
14.3400	293.6650	45.0000
13.3600	292.0550	45.0000
12.4100	288.7850	45.0000
11.5300	288.0800	45.0000
10.7400	291.0100	45.0000
10.0400	293.2800	45.0000
9.4100	289.0800	45.0000
8.8500	288.5150	45.0000
8.3400	291.8900	45.0000
7.9500	292.6400	45.0000
8.2200	288.9250	45.0000
8.0000	289.8000	45.0000
7.5000	290.5800	45.0000
7.0600	286.2300	45.0000
6.6900	285.9450	45.0000
6.4000	286.0650	45.0000
6.1500	285.9250	45.0000
5.9300	287.4050	45.0000
5.7300	290.1650	45.0000
5.5400	290.2800	45.0000
5.3400	286.8600	45.0000
5.1400	287.5750	45.0000
4.9500	290.4150	45.0000
4.7500	292.7400	45.0000
4.5900	292.6950	45.0000
4.6400	290.3150	45.0000
4.8800	286.7600	45.0000
4.8900	288.6150	45.0000
4.8000	292.1450	45.0000
4.7500	293.5600	45.0000
4.7300	294.1900	45.0000
4.7200	294.5950	45.0000
4.7600	293.7950	45.0000
4.8100	287.9200	45.0000
4.8700	286.1950	45.0000
4.9500	287.4000	45.0000
5.1900	290.3150	45.0000
5.4000	288.5150	45.0000
5.4100	287.5400	45.0000
5.3600	289.4250	45.0000
5.2600	292.2950	45.0000
5.1400	292.7600	45.0000
5.0600	292.4250	45.0000
5.3300	292.8800	45.0000
8.4000	292.8150	45.0000
22.6900	291.6950	45.0000
104.3700	290.1450	45.0000
160.4800	288.5000	45.0000
131.2000	287.2350	45.0000
87.4300	286.4150	45.0000
56.0300	286.0100	45.0000
40.4000	286.0800	45.0000
34.7600	287.5500	45.0000
31.8500	288.3700	45.0000
31.7100	288.1500	45.0000
35.7300	287.2700	45.0000
42.2200	287.3300	45.0000
43.1000	288.1700	45.0000
39.1800	288.4150	45.0000
34.3100	288.5300	45.0000
29.9200	289.0600	45.0000
26.2400	288.9150	45.0000
23.2300	288.8150	45.0000
20.7900	290.2200	45.0000
19.0000	290.7600	45.0000
17.5900	289.3200	45.0000
16.5400	288.2550	45.0000
16.4800	288.7900	45.0000
18.1400	290.6650	45.0000
20.6400	290.3400	45.0000
22.5900	289.0650	45.0000
24.9500	287.9950	45.0000
25.2100	286.8900	45.0000
25.8400	286.4000	45.0000
27.9000	286.3100	45.0000
29.5300	286.4650	45.0000
28.1600	286.8700	45.0000
25.0900	287.2950	45.0000
21.8400	288.2850	45.0000
18.9700	289.3400	45.0000
16.5800	290.1700	45.0000
14.6400	291.1900	45.0000
17.3000	292.7000	45.0000
45.3800	291.8500	45.0000
62.9100	288.4250	45.0000
94.8500	287.4050	45.0000
122.5300	287.0350	45.0000
108.6600	287.4500	45.0000
85.0100	288.5250	45.0000
67.4800	290.1250	45.0000
54.6300	291.6200	45.0000
45.1700	293.1600	45.0000
38.2100	293.7500	45.0000
33.0800	294.1200	45.0000
30.4900	294.5150	45.0000
32.6200	294.3450	45.0000
34.8800	294.3850	45.0000
32.6400	294.2200	45.0000
28.6600	294.2300	45.0000
30.6800	293.2050	45.0000
71.5600	292.7800	45.0000
160.9300	292.0800	45.0000
260.4900	291.6550	45.0000
330.1600	292.3300	45.0000
325.0300	293.3600	45.0000
228.2400	294.4200	45.0000
158.0800	295.5200	45.0000
116.5200	296.1950	45.0000
98.7400	296.1600	45.0000
88.1500	295.6500	45.0000
78.3300	295.4500	45.0000
68.6800	295.7150	45.0000
59.5300	296.3350	45.0000
50.5100	296.8600	45.0000
41.1200	297.2150	45.0000
34.4800	297.8100	45.0000
30.3400	296.0700	45.0000
28.2800	295.6400	45.0000
32.3000	295.2850	45.0000
45.4600	296.3450	45.0000
71.7200	295.9150	45.0000
99.1500	296.1400	45.0000
255.9900	295.5500	45.0000
536.1600	294.9150	45.0000
544.6500	294.8050	45.0000
523.6300	295.4250	458.8300
564.7100	295.7400	558.8800
431.9300	296.2500	491.7900
297.5000	296.7600	359.1600
221.9000	294.8000	261.9000
204.0500	292.5550	216.2200
213.5300	291.5400	211.6200
200.4600	291.1200	209.3200
157.6400	291.7900	180.9700
118.4600	293.1050	141.6600
93.9500	294.4300	111.2500
76.2900	295.5250	89.6200
62.5100	296.4400	73.4000
50.0000	297.2700	60.0100
40.4000	298.3900	48.4000
33.7100	299.5300	45.0000
32.8900	300.2300	45.0000
73.5400	299.0600	45.0000
201.8000	298.1100	111.8000
274.6400	297.8450	232.8900
233.1400	297.6850	250.6700
184.3900	297.4300	206.4600
179.9900	298.5950	187.8900
157.5300	299.4800	170.2800
168.7700	298.4650	164.1800
185.4900	296.5700	178.0700
181.1700	295.7350	183.7700
155.4400	295.6300	170.2400
115.8600	296.1250	139.0100
85.4900	297.1400	105.5200
68.2900	298.1050	82.0400
57.9800	298.6200	67.2000
51.6500	299.4550	58.0100
47.4200	300.2850	51.6200
56.8200	300.2000	52.3000
67.9600	301.1200	61.1100
89.7400	300.6300	73.7300
131.3900	299.9200	109.2500
119.7800	300.0500	123.4800
98.3100	300.3250	110.5400
81.5200	300.8700	93.4400
66.9700	301.6050	77.9900
54.6000	302.2800	64.4500
44.8600	302.8150	53.0200
37.4800	303.4000	45.4200
31.9000	304.1950	45.0000
27.6600	304.8950	45.0000
24.3700	305.4350	45.0000
21.7800	306.2300	45.0000
19.6800	306.2100	45.0000
17.9300	307.3650	45.0000
16.4500	307.0500	45.0000
15.1800	308.2150	45.0000
14.0700	309.8450	45.0000
13.1100	310.1850	45.0000
12.2800	309.8750	45.0000
11.6500	309.3300	45.0000
11.3100	310.0050	45.0000
10.9800	310.7050	45.0000
10.5400	310.6850	45.0000
10.1700	310.7850	45.0000
14.9200	305.9200	45.0000
31.7300	304.2700	45.0000
166.9700	302.0000	45.0000
684.4200	299.2950	45.0000
626.0600	299.2650	600.0600
329.2000	300.2650	445.9600
182.9400	301.5900	257.7900
116.0700	303.0350	157.8900
109.2700	304.0450	119.3200
104.4700	304.8500	111.2100
77.7900	305.3100	94.0700
57.6000	306.1100	72.1300
48.4000	306.9300	57.3000
44.6000	307.7150	48.9200
46.4700	307.9200	45.3300
117.4200	304.8000	74.0000
240.0000	302.6900	164.3200
397.3500	301.9700	322.3400
608.1600	301.9750	445.8300
1215.8900	301.8200	1091.7200
596.6100	301.9800	794.1500
339.4900	302.2300	448.5300
244.6700	302.1650	293.1200
466.0500	301.3900	339.3200
800.7500	301.0050	690.1600
641.2100	301.6050	709.5300
424.5000	302.5250	513.8700
286.5400	303.4800	352.5300
202.7700	304.2950	248.3500
153.9600	305.0450	183.7300
122.9400	305.4800	143.6200
101.0000	305.8350	116.4800
83.6800	305.9750	96.2900
70.0300	305.8050	80.4500
58.6300	305.3400	67.7700
47.4300	304.7900	56.4700
38.4000	304.9350	46.4900
32.5300	305.4250	45.0000
28.5100	306.0800	45.0000
25.7700	306.7300	45.0000
23.9900	306.8750	45.0000
22.7500	308.1500	45.0000
21.5700	307.4300	45.0000
20.2700	307.1600	45.0000
18.9400	307.2650	45.0000
17.7300	307.3550	45.0000
16.7700	307.7800	45.0000
16.2000	308.2950	45.0000
17.0600	309.3200	45.0000
22.4200	309.1950	45.0000
32.1200	308.4750	45.0000
41.7000	308.1400	45.0000
47.1400	307.2550	45.0000
63.1500	305.9550	45.0000
78.1500	306.2350	45.0000
138.7400	305.8150	45.0000
154.9600	305.7950	45.0000
114.1400	306.4200	45.0000
80.3000	307.4050	56.5600
67.8400	308.3400	78.9700
59.9900	309.0500	67.5100
51.2300	309.1500	58.3100
46.4400	309.3400	50.5500
64.3000	308.9400	53.4500
89.2300	307.8200	74.1300
86.8100	307.3000	84.7000
82.9900	305.3700	85.7400
74.7300	305.1800	80.3300
67.4300	305.4100	73.4300
57.9400	305.6100	65.1500
49.1200	305.7950	56.2200
42.4900	306.2450	47.9300
38.0000	306.8100	45.0000
34.9600	307.8200	45.0000
32.6200	308.3150	45.0000
31.4700	307.9300	45.0000
37.1500	306.5200	45.0000
72.3100	305.4150	45.0000
279.5700	304.5200	111.0900
447.3800	304.3100	373.8600
362.5100	304.7750	395.2900
256.6700	305.3850	306.7900
177.1300	306.0350	220.3200
127.3300	306.5600	157.9800
110.5300	306.5950	123.0400
131.8000	305.8200	122.4100
170.6900	304.3350	149.1500
182.2400	303.2350	175.1100
202.0000	302.5450	190.0000
208.3600	302.2000	207.4700
180.4100	302.9100	195.2000
154.6000	303.6450	169.5300
147.1200	303.8100	153.3200
153.7800	303.8750	151.0000
162.6000	303.4900	159.3100
139.9500	303.1650	152.6500
106.7400	303.2600	125.9000
86.0500	303.9500	100.7000
75.1900	304.0550	84.1700
70.1700	303.8000	75.3100
67.0600	304.0850	70.4600
62.7000	304.6550	66.2600
58.9000	305.0800	62.1900
53.7600	305.2450	57.8700
46.9700	305.3250	52.0400
40.1800	305.6500	45.9100
34.3500	305.8550	45.0000
29.6600	305.7700	45.0000
26.1800	305.9950	45.0000
24.2800	306.3200	45.0000
24.3800	306.4100	45.0000
32.4200	305.8600	45.0000
48.4600	304.8550	45.0000
49.6500	304.6150	45.0000
42.7400	304.4250	45.0000
37.3900	304.4900	45.0000
35.6300	304.6450	45.0000
36.6000	303.8750	45.0000
103.7100	301.3100	45.0000
250.9400	300.2850	66.6900
238.5800	300.1550	241.6000
158.5400	300.3550	195.1100
135.0700	300.6900	152.3500
128.1400	300.7250	134.7600
125.6300	300.5900	129.6500
117.3900	300.6000	122.4800
117.1700	300.5750	118.5500
107.7500	300.8250	114.0800
89.4800	301.0200	100.6100
79.8700	299.0850	87.3600
78.3200	297.6650	81.1000
77.7000	297.7050	78.9700
75.4200	298.3400	77.4600
67.1500	299.0800	72.7000
56.3700	300.0700	64.0100
46.8300	301.1550	54.3400
39.2700	302.1100	46.1300
33.4300	302.9700	45.0000
28.9000	303.4350	45.0000
28.3200	304.1500	45.0000
62.4500	303.1200	45.0000
111.0600	301.3350	45.0300
130.2700	300.6550	109.3900
107.7900	300.5850	117.9500
73.9100	300.9900	94.0700
52.1900	301.4600	68.6000
42.6600	301.7800	51.5600
53.0400	300.8850	49.3800
85.3400	298.5950	65.0000
127.9200	295.9800	101.0500
135.0300	293.9400	128.6000
107.1300	292.7500	121.2100
79.1500	292.4400	96.5900
63.0300	292.7150	75.8000
52.9000	293.4950	61.9000
45.7400	294.3250	52.1900
40.3000	295.3100	45.6900
35.8900	295.0200	45.0000
32.1700	294.0050	45.0000
29.0800	292.8650	45.0000
27.5400	293.1800	45.0000
37.0400	295.1300	45.0000
209.9400	294.7350	45.2800
644.8300	294.4100	438.8500
610.6000	293.9650	619.2600
440.7000	293.7450	516.4800
281.1400	293.9950	353.5900
206.0600	294.3500	246.9400
185.1800	294.4800	199.6200
203.9300	294.0900	197.0600
213.1200	293.0750	209.6000
195.9800	291.8500	205.6700
158.8600	291.2850	179.6200
122.4000	290.8200	144.1400
96.7300	290.9600	114.3200
77.5000	291.6200	91.6800
61.5700	290.5200	73.9100
49.0900	290.0050	59.2900
41.0100	289.9100	48.1700
35.5500	289.7000	45.0000
31.7000	289.9700	45.0000
28.8700	291.2250	45.0000
26.6500	292.4900	45.0000
25.2400	292.2450	45.0000
30.4600	291.5500	45.0000
48.5300	291.7950	45.0000
50.5000	291.8000	45.0000
42.2900	291.4050	45.0000
34.8900	291.4950	45.0000
29.5100	290.5000	45.0000
25.7100	286.9400	45.0000
23.0600	287.1300	45.0000
21.2900	287.4650	45.0000
20.1600	287.6600	45.0000
19.5400	287.3400	45.0000
19.2200	287.1150	45.0000
19.0200	288.0150	45.0000
18.8000	289.6650	45.0000
18.5100	283.4300	45.0000
18.1400	281.1800	45.0000
18.3200	280.7100	45.0000
19.5100	281.5800	45.0000
18.6500	283.7800	45.0000
17.9200	288.1500	45.0000
17.3700	289.2600	45.0000
16.8800	289.3950	45.0000
16.4200	289.7100	45.0000
15.9600	289.4600	45.0000
15.5300	290.2850	45.0000
15.1400	291.5950	45.0000
14.8100	292.4200	45.0000
14.6600	293.1850	45.0000
15.7900	291.5650	45.0000
20.0400	289.1150	45.0000
24.1100	291.5200	45.0000
24.5400	291.8600	45.0000
22.8900	294.1550	45.0000
20.8400	293.8050	45.0000
19.0100	293.5600	45.0000
17.5500	292.5500	45.0000
16.6000	286.9950	45.0000
15.7800	286.9200	45.0000
15.0700	286.2850	45.0000
14.5500	285.3350	45.0000
14.1300	287.5100	45.0000
13.8000	288.6250	45.0000
13.4900	290.7750	45.0000
13.2000	290.5100	45.0000
12.9200	290.7900	45.0000
12.6500	285.6950	45.0000
12.4300	283.9050	45.0000
12.2300	286.8750	45.0000
12.0500	290.0450	45.0000
11.9300	290.9800	45.0000
16.0600	288.2300	45.0000
34.4200	289.4400	45.0000
105.9900	288.0950	45.0000
167.1900	288.1250	45.0000
138.8700	287.8950	45.0000
102.8600	286.9000	45.0000
83.4100	286.0900	45.0000
79.9400	285.5650	45.0000
80.6700	285.0700	45.0000
72.4100	284.9500	45.0000
61.1000	286.1600	45.0000
53.3200	287.4950	45.0000
51.4400	288.9450	45.0000
57.1100	289.4950	45.0000
59.8800	289.6050	45.0000
54.9600	289.8050	45.0000
47.8700	290.4350	45.0000
41.5400	291.1050	45.0000
36.5900	291.6750	45.0000
33.7000	292.3900	45.0000
33.4400	293.0200	45.0000
33.7000	292.0500	45.0000
32.1900	291.2000	45.0000
29.4900	292.4450	45.0000
26.6600	294.4250	45.0000
24.2100	295.6200	45.0000
22.4600	294.6750	45.0000
26.9900	294.3100	45.0000
109.0800	292.6450	45.0000
186.6800	290.1750	45.0000
219.1800	288.4550	45.0000
209.4100	287.9100	45.0000
177.9700	287.9950	45.0000
152.5500	288.3550	45.0000
119.8900	289.1250	45.0000
89.0300	290.0850	45.0000
70.5400	291.0000	45.0000
67.5000	291.5550	45.0000
86.6100	291.2700	45.0300
126.5900	291.7550	97.9800
167.3000	291.4300	143.6200
161.6900	291.1300	163.2900
124.0000	291.3400	143.8700
92.3900	291.6650	112.2500
74.9700	292.3800	88.4900
64.7200	293.0700	73.6400
57.6000	292.8400	63.9600
53.7400	292.3650	57.2000
57.5900	289.4050	57.2300
52.9200	288.8800	55.8100
51.2600	289.8000	53.2600
50.1400	290.7200	51.5000
48.4300	292.1350	50.1900
44.6000	293.3000	47.4900
40.0400	293.8000	45.0500
35.6400	294.1750	45.0000
32.4100	294.9100	45.0000
31.3900	296.0200	45.0000
30.3700	296.2500	45.0000
28.3600	295.2800	45.0000
47.1800	294.3550	45.0000
95.7500	292.7600	45.0000
96.2500	292.3200	45.6000
68.7800	293.1300	80.9300
49.0200	293.6850	63.0800
38.0100	294.0450	48.1700
31.0100	294.6850	45.0000
26.4500	295.9950	45.0000
23.6400	297.3650	45.0000
22.4500	296.4050	45.0000
21.4700	296.1750	45.0000
20.4900	296.4250	45.0000
19.5200	297.4800	45.0000
18.5200	298.4850	45.0000
17.5000	297.3650	45.0000
16.5100	297.8950	45.0000
15.8800	297.8450	45.0000
17.6100	297.6350	45.0000
22.2800	297.5850	45.0000
24.1200	297.6550	45.0000
22.4400	297.7050	45.0000
19.8700	298.4050	45.0000
17.5900	299.2400	45.0000
15.7500	299.6750	45.0000
14.2800	300.6700	45.0000
13.1800	300.7600	45.0000
12.5100	297.4650	45.0000
12.1000	298.0150	45.0000
11.8600	299.7900	45.0000
11.7600	297.5800	45.0000
11.6600	299.7150	45.0000
11.4500	301.8750	45.0000
11.1700	301.8950	45.0000
10.8600	298.1150	45.0000
10.5400	298.2000	45.0000
10.2600	299.6050	45.0000
10.2000	298.9800	45.0000
11.1600	298.3450	45.0000
13.2700	299.0100	45.0000
14.5800	299.1000	45.0000
14.2800	299.4800	45.0000
13.8600	298.3600	45.0000
21.9100	301.1900	45.0000
137.0500	299.9350	45.0000
186.8200	299.7500	45.0000
124.7100	300.3000	45.0000
74.0300	301.1400	45.0000
46.8800	302.2300	45.0000
36.7000	302.7050	45.0000
35.3200	301.5600	45.0000
44.6700	301.1300	45.0000
80.1900	300.6900	45.0000
85.8300	300.5550	45.0000
64.8700	301.5150	45.0000
49.0200	303.0400	45.0000
39.9300	304.5550	45.0000
34.9500	305.8400	45.0000
32.5500	306.9650	45.0000
31.1400	307.7600	45.0000
29.5000	307.7400	45.0000
27.4500	307.3900	45.0000
31.1700	306.1600	45.0000
92.7400	305.0400	45.0000
187.4500	303.9950	45.0000
230.9200	303.5650	45.0000
216.9900	303.7100	45.0000
183.9800	304.1250	45.0000
197.7200	304.4750	75.2100
192.6200	304.9000	198.0800
153.2300	305.4950	174.1200
119.8800	306.1500	139.8700
101.4300	306.8150	114.8800
87.6800	307.1850	98.0500
75.8300	307.5650	84.7500
65.7700	307.9450	73.5700
57.0200	308.0550	64.0500
48.0700	308.1550	55.1900
40.1200	308.6800	46.7000
33.9700	307.9050	45.0000
29.2100	308.2700	45.0000
25.4300	307.6650	45.0000
22.3900	308.3950	45.0000
19.9000	308.6650	45.0000
17.8200	308.8900	45.0000
16.0600	308.9650	45.0000
14.5700	309.4050	45.0000
13.2800	309.4750	45.0000
12.1800	309.5850	45.0000
11.2200	310.3250	45.0000
10.4000	310.5450	45.0000
9.7000	310.7450	45.0000
9.0900	311.5650	45.0000
8.5500	312.3250	45.0000
8.0800	312.9600	45.0000
7.6800	313.8950	45.0000
7.3200	314.8750	45.0000
6.9800	315.1400	45.0000
6.6600	314.6500	45.0000
6.3600	313.4350	45.0000
6.0800	313.6300	45.0000
5.8200	313.7450	45.0000
5.5800	313.7600	45.0000
5.3600	313.6200	45.0000
5.1500	313.2600	45.0000
4.9700	313.2100	45.0000
4.8100	312.6300	45.0000
4.7200	312.9900	45.0000
4.9400	313.4050	45.0000
40.2500	308.2000	45.0000
86.1700	304.8150	45.0000
127.1000	303.9250	45.0000
115.9800	304.4600	45.0000
113.2700	305.0900	45.0000
98.1500	305.2850	45.0000
82.5900	305.1900	45.0000
73.9500	305.3850	45.0000
67.1700	305.7650	45.0000
61.4400	306.3150	45.0000
55.1700	306.8950	45.0000
49.3000	307.6850	45.0000
44.4800	308.2400	45.0000
43.7000	308.5350	45.0000
42.8400	308.8000	45.0000
40.4500	309.2200	45.0000
59.0700	309.0400	45.0000
86.5000	307.6150	45.0000
78.7300	307.1050	45.0000
65.0400	307.5050	45.0000
55.7300	308.1700	45.0000
49.4000	308.6150	45.0000
46.1600	309.1300	45.0000
43.6100	308.9850	45.0000
41.0900	308.2700	45.0000
54.0500	307.4550	45.0000
76.5900	305.8800	45.0000
72.3400	305.2400	45.0000
78.8200	305.9700	45.0000
149.6300	305.0700	45.0000
169.3000	304.6700	45.0000
126.3900	305.1350	45.0000
87.7100	305.9000	45.0000
68.9600	306.8600	64.2400
60.2000	307.5600	68.7200
55.0100	308.0700	60.2200
51.4100	308.4500	54.9900
47.1700	308.6850	50.5400
41.9200	308.6000	45.9900
38.1400	308.1100	45.0000
38.8100	307.3750	45.0000
39.5000	306.6500	45.0000
36.2700	306.9350	45.0000
31.5600	308.0300	45.0000
27.1900	308.5250	45.0000
23.5400	309.3350	45.0000
20.5600	309.4350	45.0000
18.2200	309.8750	45.0000
19.3000	309.7150	45.0000
27.5400	308.1100	45.0000
30.1200	307.3650	45.0000
28.0300	307.1500	45.0000
53.3600	306.6400	45.0000
92.2900	304.6400	45.0000
74.7800	303.7400	45.0000
47.6400	304.4250	45.0000
33.8400	305.0250	45.0000
25.9900	305.2750	45.0000
20.8800	305.3000	45.0000
86.1700	303.4800	45.0000
466.0400	301.6000	92.8100
552.8600	301.2900	535.0700
303.4800	301.8700	400.8500
165.7300	302.9700	236.3600
95.3800	304.4550	140.5700
60.5700	306.1600	87.7000
45.0300	307.6650	60.3800
35.8000	308.6850	46.4000
29.2000	309.4250	45.0000
24.2000	310.2950	45.0000
20.2900	310.1900	45.0000
17.2300	309.9550	45.0000
14.7800	310.1650	45.0000
12.8200	309.9300	45.0000
11.2200	310.1950	45.0000
9.9100	311.3550	45.0000
8.8100	311.6750	45.0000
7.9000	311.2600	45.0000
7.1300	310.4600	45.0000
6.4900	309.6450	45.0000
6.0700	308.9250	45.0000
5.9000	307.7500	45.0000
5.7100	306.6350	45.0000
5.6500	306.3350	45.0000
5.5100	302.5100	45.0000
5.5900	298.9500	45.0000
6.0300	300.6600	45.0000
7.7900	303.4350	45.0000
26.6400	301.5600	45.0000
209.6000	298.2150	45.0000
800.8500	297.1250	45.0000
744.4300	297.2600	610.0200
576.6200	297.4700	639.3900
452.5700	297.9150	508.9300
343.8400	298.3600	395.5500
257.6600	298.7750	301.3700
200.6700	298.9600	232.2600
165.2700	299.2100	186.9400
140.2600	299.5750	156.5100
119.6400	299.4400	133.2500
101.5600	298.6750	113.8600
85.2600	297.8400	96.6900
71.0300	293.8900	81.4900
58.9500	293.4850	68.3200
48.4500	295.4150	57.0100
40.2400	295.0600	47.0100
35.4000	295.0600	45.0000
32.4900	295.3950	45.0000
31.7500	296.9050	45.0000
35.6300	297.5850	45.0000
39.5700	296.0450	45.0000
36.8700	294.9400	45.0000
31.9300	294.7550	45.0000
27.5700	295.7800	45.0000
24.1900	296.9650	45.0000
21.5900	298.0050	45.0000
19.4800	298.0100	45.0000
17.7300	298.5950	45.0000
16.2600	298.2150	45.0000
15.0000	298.7500	45.0000
13.9400	298.9450	45.0000
13.0500	300.0900	45.0000
12.2900	299.7550	45.0000
11.6300	300.2350	45.0000
11.0200	296.3350	45.0000
10.4300	292.1800	45.0000
9.8500	293.5400	45.0000
9.2900	294.1100	45.0000
8.7600	295.5400	45.0000
8.2700	293.1100	45.0000
7.8200	294.1950	45.0000
7.4200	294.8750	45.0000
7.0400	295.1250	45.0000
6.7000	295.6600	45.0000
6.4200	296.7550	45.0000
6.6100	295.5800	45.0000
6.7100	294.1450	45.0000
8.3400	290.0300	45.0000
28.4800	290.5800	45.0000
43.0200	293.7650	45.0000
37.0200	291.5800	45.0000
29.2100	293.7550	45.0000
23.2200	294.2250	45.0000
18.8700	289.6900	45.0000
15.7000	286.5450	45.0000
13.3400	289.8550	45.0000
11.5800	285.4050	45.0000
10.2600	283.9800	45.0000
9.2500	286.5200	45.0000
8.4900	288.4700	45.0000
7.9500	288.5450	45.0000
7.5600	291.1800	45.0000
7.2700	292.4950	45.0000
7.0400	288.3100	45.0000
6.8700	286.5550	45.0000
6.8400	285.7350	45.0000
7.4600	286.2150	45.0000
7.9800	287.3350	45.0000
8.5900	287.9050	45.0000
9.3300	288.0700	45.0000
9.9500	288.0950	45.0000
10.2900	287.9600	45.0000
10.3200	288.6700	45.0000
10.0700	289.1050	45.0000
9.6300	289.2100	45.0000
9.1000	290.0300	45.0000
8.5500	291.5250	45.0000
8.0300	292.0500	45.0000
7.5300	291.5950	45.0000
7.0700	292.3250	45.0000
6.6700	293.3650	45.0000
6.3200	293.5200	45.0000
5.9900	293.5700	45.0000
5.7100	293.4950	45.0000
5.4500	293.8900	45.0000
5.2300	289.6000	45.0000
5.0200	289.6000	45.0000
4.8400	290.2800	45.0000
4.6900	291.8850	45.0000
4.5500	292.5000	45.0000
4.4200	289.7400	45.0000
4.3100	292.3800	45.0000
4.2100	292.9850	45.0000
4.1000	289.4750	45.0000
4.0100	289.6100	45.0000
3.9100	292.6650	45.0000
3.8200	292.1200	45.0000
3.7300	288.7300	45.0000
3.6600	290.8450	45.0000
3.5700	293.6000	45.0000
3.4900	293.4650	45.0000
3.4600	291.5200	45.0000
3.7700	290.8450	45.0000
4.0100	290.7100	45.0000
4.0700	290.8950	45.0000
4.1700	291.5950	45.0000
4.4300	292.5150	45.0000
4.9600	293.9550	45.0000
5.8200	293.5150	45.0000
6.8900	295.1950	45.0000
11.2000	291.9550	45.0000
39.4600	289.5550	45.0000
48.5300	290.5300	45.0000
38.4900	291.6200	45.0000
29.4700	291.7500	45.0000
23.1800	291.1350	45.0000
18.8900	291.3050	45.0000
15.8700	290.2700	45.0000
13.5900	289.5300	45.0000
11.7900	290.2800	45.0000
10.3500	293.1150	45.0000
9.2500	290.0950	45.0000
8.5600	286.2600	45.0000
8.2900	287.7900	45.0000
8.3300	288.9850	45.0000
8.4600	292.6150	45.0000
8.4800	295.1200	45.0000
8.3800	294.4850	45.0000
8.1800	289.1750	45.0000
7.9500	286.7700	45.0000
7.7100	289.4750	45.0000
7.5200	295.0450	45.0000
7.4600	295.5850	45.0000
7.3400	296.3850	45.0000
7.1200	295.7300	45.0000
6.9600	295.8050	45.0000
6.9800	294.1100	45.0000
7.1600	292.3150	45.0000
7.4400	294.5950	45.0000
8.9700	295.1200	45.0000
15.9800	296.4150	45.0000
22.6900	295.6700	45.0000
22.5400	295.4400	45.0000
19.6900	295.5250	45.0000
16.7600	296.6700	45.0000
14.3100	297.5150	45.0000
12.3300	297.0950	45.0000
10.7400	298.7150	45.0000
9.4700	297.7750	45.0000
8.4400	299.6200	45.0000
7.6300	300.5800	45.0000
7.2800	301.0400	45.0000
8.6800	297.3350	45.0000
11.9400	295.8250	45.0000
13.6900	297.7850	45.0000
13.2200	299.7200	45.0000
11.9000	298.8800	45.0000
10.5400	299.5100	45.0000
9.4100	300.9500	45.0000
8.8500	297.4750	45.0000
10.1500	293.4000	45.0000
29.2600	294.0300	45.0000
56.4700	293.8550	45.0000
52.1500	292.6950	45.0000
41.1300	291.7700	45.0000
32.9700	291.5550	45.0000
27.2200	292.3150	45.0000
23.0300	293.3500	45.0000
20.1500	294.8700	45.0000
18.5000	296.6300	45.0000
18.7300	298.4000	45.0000
21.5300	299.8300	45.0000
24.7000	301.0150	45.0000
25.2500	301.8900	45.0000
23.6600	302.2200	45.0000
21.3600	302.3900	45.0000
19.0800	302.6650	45.0000
17.0200	302.4300	45.0000
15.2200	298.7250	45.0000
13.6500	299.4300	45.0000
12.3000	300.6800	45.0000
11.1200	301.5250	45.0000
10.1000	301.6800	45.0000
9.2200	301.6400	45.0000
8.4600	303.2000	45.0000
7.8000	304.3400	45.0000
7.2200	306.5650	45.0000
6.7100	307.1000	45.0000
6.2700	306.9100	45.0000
5.8600	306.2300	45.0000
5.5000	306.6550	45.0000
5.2100	307.0450	45.0000
10.8900	305.1600	45.0000
65.0500	302.3900	45.0000
85.5600	302.1900	45.0000
70.0900	301.0200	45.0000
64.8500	301.6900	45.0000
64.9900	303.0750	45.0000
61.4800	303.7600	45.0000
54.1300	303.8450	45.0000
46.2700	303.4500	45.0000
41.5100	303.8100	45.0000
48.6600	303.9300	45.0000
52.2300	303.7800	45.0000
45.4700	304.4000	45.0000
40.1900	304.9350	45.0000
45.6200	304.5600	45.0000
66.3700	304.4350	45.0000
84.7200	304.5350	45.0000
89.4700	304.9900	45.0000
82.6100	305.4550	45.0000
71.6800	305.3850	45.0000
61.2300	305.2300	45.0000
52.1000	305.4450	45.0000
45.4600	305.4850	45.0000
193.9400	303.6250	45.0000
315.6600	302.0250	45.0000
196.4600	301.8400	45.0000
129.5100	301.8900	45.0000
99.0100	302.4550	45.0000
81.2700	302.2900	45.0000
67.3200	301.5100	45.0000
55.0900	302.8550	45.0000
43.3300	303.3800	45.0000
34.3700	304.0150	45.0000
28.4100	304.3950	45.0000
24.0400	305.0000	45.0000
20.6800	305.2000	45.0000
18.5900	305.3700	45.0000
25.7100	304.3600	45.0000
69.4900	304.5550	45.0000
112.2500	303.0300	45.0000
103.9600	301.8150	45.0000
83.1800	302.0800	45.0000
70.2300	303.0400	45.0000
62.3000	304.0600	45.0000
56.1600	305.0500	45.0000
49.9800	306.1000	45.0000
43.6000	306.7800	45.0000
37.5700	307.5150	45.0000
32.2500	307.9900	45.0000
27.7300	308.4300	45.0000
23.9300	308.8200	45.0000
20.7600	307.9750	45.0000
18.1000	309.2000	45.0000
15.8700	308.9250	45.0000
13.9800	308.4200	45.0000
12.3700	309.4300	45.0000
11.0700	309.8850	45.0000
11.6700	309.9600	45.0000
11.6100	311.5550	45.0000
12.5500	311.0250	45.0000
23.1900	309.7850	45.0000
31.5000	308.7400	45.0000
30.4500	308.8150	45.0000
27.1100	309.5050	45.0000
23.7000	310.0950	45.0000
21.0600	310.5000	45.0000
18.5500	310.4300	45.0000
16.3700	309.5600	45.0000
14.6000	309.7100	45.0000
13.5000	309.1800	45.0000
13.5300	308.2200	45.0000
13.9100	307.0050	45.0000
14.6000	307.7500	45.0000
37.3000	306.9550	45.0000
136.0100	304.4350	45.0000
192.4200	303.8400	45.0000
182.9000	303.8100	45.0000
147.3200	303.9100	45.0000
111.5600	304.3950	45.0000
85.6400	305.1750	45.0000
65.6000	306.1850	45.0000
51.7200	306.9750	45.0000
42.1300	307.4450	45.0000
35.1100	307.9700	45.0000
29.7800	308.4450	45.0000
25.5800	308.7350	45.0000
22.1700	308.3550	45.0000
19.3300	307.8050	45.0000
16.9400	307.8800	45.0000
14.9000	308.2750	45.0000
13.1500	309.1600	45.0000
13.1400	309.8700	45.0000
14.4100	309.1000	45.0000
12.6000	308.0150	45.0000
11.2300	308.8000	45.0000
10.9900	309.8650	45.0000
11.9500	309.9650	45.0000
12.6400	309.8050	45.0000
13.8700	309.1650	45.0000
14.9900	309.4400	45.0000
15.6200	309.6100	45.0000
17.3600	309.1550	45.0000
19.7000	308.8900	45.0000
19.5400	307.8400	45.0000
17.4700	308.0150	45.0000
15.0400	308.2750	45.0000
12.8600	308.0450	45.0000
11.1300	308.3800	45.0000
10.1500	309.1150	45.0000
10.4800	309.5950	45.0000
11.8600	310.0400	45.0000
12.8700	309.8600	45.0000
13.1100	309.9000	45.0000
12.9400	309.9950	45.0000
12.7200	310.2500	45.0000
12.6600	310.7100	45.0000
12.7200	311.0500	45.0000
12.6800	311.5650	45.0000
12.3400	311.0800	45.0000
11.7600	311.5300	45.0000
11.0500	311.2550	45.0000
10.3100	311.2750	45.0000
9.6000	311.5650	45.0000
8.9100	312.1500	45.0000
8.2600	312.6550	45.0000
7.6400	312.9550	45.0000
7.0900	313.1850	45.0000
6.6100	313.3900	45.0000
6.2100	313.4850	45.0000
5.8800	313.8450	45.0000
5.9500	312.1250	45.0000
6.4500	311.5000	45.0000
6.1300	311.3050	45.0000
5.9100	309.9850	45.0000
6.2300	309.5250	45.0000
7.3600	308.1500	45.0000
9.3400	305.8200	45.0000
10.3900	307.9650	45.0000
10.2000	307.5500	45.0000
13.5200	305.3900	45.0000
26.9400	303.4600	45.0000
31.2300	302.1950	45.0000
35.3300	301.7050	45.0000
39.5100	302.6450	45.0000
64.7500	302.8000	45.0000
103.2300	303.2300	45.0000
105.2000	303.7500	45.0000
85.3400	304.5400	45.0000
122.9900	303.6300	45.0000
247.5900	302.7950	45.0000
257.3300	302.8100	45.0000
238.4500	302.1000	45.0000
178.4200	302.3600	45.0000
126.3100	303.3700	45.0000
144.6800	303.7700	45.0000
339.3900	301.4500	45.0000
314.2900	299.9300	45.0000
223.9000	300.0550	45.0000
158.7200	300.6400	45.0000
118.4100	301.6600	45.0000
91.1900	302.6200	45.0000
69.9900	303.4250	45.0000
54.0500	303.7300	45.0000
43.5500	303.5750	45.0000
36.0100	303.4900	45.0000
30.3000	303.3900	45.0000
25.8700	303.8150	45.0000
22.3500	303.7250	45.0000
19.5100	303.9050	45.0000
17.1800	303.1100	45.0000
15.2400	303.5700	45.0000
14.2500	303.6300	45.0000
14.1800	305.1350	45.0000
14.9900	306.0700	45.0000
44.1200	301.7800	45.0000
66.0300	300.2500	45.0000
57.7600	300.1000	45.0000
46.3600	300.8400	45.0000
39.7200	301.7600	45.0000
35.6000	302.6750	45.0000
33.2600	301.9000	45.0000
31.9200	300.8850	45.0000
30.6000	301.2550	45.0000
29.9000	300.0150	45.0000
35.5400	299.3300	45.0000
34.8000	298.3650	45.0000
28.9700	298.8950	45.0000
24.3300	300.6150	45.0000
21.6100	299.8700	45.0000
28.3000	298.2650	45.0000
42.0900	296.9350	45.0000
40.9400	297.0150	45.0000
34.2100	298.1950	45.0000
28.1600	298.2900	45.0000
23.4700	294.5600	45.0000
19.9100	294.8650	45.0000
17.2100	297.4800	45.0000
15.1100	297.6400	45.0000
13.4800	299.3300	45.0000
12.2300	297.6550	45.0000
11.3800	299.0400	45.0000
10.9700	299.8050	45.0000
10.7300	300.0350	45.0000
10.4500	299.7650	45.0000
10.1400	299.2900	45.0000
9.8000	299.9650	45.0000
9.4000	299.8450	45.0000
8.9400	294.9450	45.0000
8.4200	293.5950	45.0000
7.8600	294.9700	45.0000
7.3000	295.8450	45.0000
6.7600	294.1950	45.0000
6.2600	291.8900	45.0000
5.8000	291.7900	45.0000
5.3800	292.7600	45.0000
5.0000	293.5100	45.0000
4.6700	293.7850	45.0000
4.3700	294.9900	45.0000
4.1000	295.6000	45.0000
3.8700	296.1900	45.0000
3.6600	297.5500	45.0000
3.4800	296.6800	45.0000
3.3200	288.1050	45.0000
3.1800	283.4000	45.0000
3.0400	285.7000	45.0000
2.9200	279.8550	45.0000
2.8000	281.4850	45.0000
2.7200	288.7700	45.0000
2.6800	291.0300	45.0000
2.8100	282.1250	45.0000
3.0700	280.8000	45.0000
3.3200	285.5600	45.0000
3.7600	289.4200	45.0000
4.1500	291.6950	45.0000
4.4900	290.3550	45.0000
4.7600	291.8550	45.0000
4.8700	293.9100	45.0000
4.8500	293.8150	45.0000
4.8000	294.2950	45.0000
4.7600	294.7250	45.0000
4.7500	295.1750	45.0000
4.7700	295.9300	45.0000
4.7900	294.3200	45.0000
6.2800	292.1000	45.0000
7.5600	288.6100	45.0000
17.4300	285.2250	45.0000
39.2000	283.1200	45.0000
52.0800	282.6350	45.0000
53.3900	282.5800	45.0000
66.3600	283.0000	45.0000
66.7000	284.0350	45.0000
55.1800	285.4750	45.0000
50.9600	285.8700	45.0000
47.7600	286.0200	45.0000
44.9500	285.5700	45.0000
40.4800	285.4050	45.0000
46.9500	285.1100	45.0000
62.6900	285.9600	45.0000
78.8100	286.7650	45.0000
118.9400	286.7750	45.0000
124.1900	286.5900	45.0000
94.4100	286.3700	45.0000
69.1700	286.4500	45.0000
54.6200	287.0000	45.0000
45.6900	288.1550	45.0000
40.1000	289.3400	45.0000
37.6600	290.6950	45.0000
35.7300	291.6250	45.0000
35.4400	288.0500	45.0000
35.5900	284.3400	45.0000
40.9900	281.2950	45.0000
46.1200	280.6050	45.0000
55.0100	280.6150	45.0000
64.0100	280.6150	45.0000
64.2500	281.2050	45.0000
59.1900	281.7850	45.0000
54.6800	282.0200	45.0000
70.8900	281.9600	45.0000
79.7700	282.7000	45.0000
88.8900	283.4200	45.0000
104.3400	284.5200	45.0000
95.6100	284.0950	45.0000
79.0600	284.4450	45.0000
64.5900	284.9050	45.0000
53.4900	284.9300	45.0000
45.0100	285.6350	45.0000
38.3500	285.2800	45.0000
33.0100	285.0150	45.0000
28.6400	285.9950	45.0000
25.0100	286.9500	45.0000
21.9600	288.1450	45.0000
19.3900	289.8850	45.0000
17.2100	291.7350	45.0000
15.3600	289.1150	45.0000
13.7700	287.5150	45.0000
12.4100	290.6750	45.0000
11.2300	291.8600	45.0000
10.2000	286.9950	45.0000
9.3100	284.7850	45.0000
8.5400	284.4050	45.0000
7.8700	286.9950	45.0000
7.2800	288.1500	45.0000
6.7900	289.1000	45.0000
6.3600	292.2450	45.0000
6.0200	294.3250	45.0000
5.9000	294.0450	45.0000
5.7800	294.2450	45.0000
5.5600	295.6350	45.0000
5.3400	293.3300	45.0000
5.1200	292.7900	45.0000
4.9200	295.0800	45.0000
4.7300	296.0000	45.0000
4.5600	296.9350	45.0000
4.3900	293.0750	45.0000
4.2200	292.6800	45.0000
4.0500	289.6050	45.0000
3.8900	288.4950	45.0000
3.7300	288.6900	45.0000
3.5700	289.7250	45.0000
3.4100	292.3550	45.0000
3.2600	292.3450	45.0000
3.1300	295.4200	45.0000
3.0000	294.3450	45.0000
4.3400	293.8300	45.0000
13.3400	295.0150	45.0000
190.8300	294.0100	45.0000
361.2700	293.8650	45.0000
279.4800	294.2700	45.0000
177.4900	294.5300	45.0000
113.9800	294.3800	45.0000
78.1300	294.8250	45.0000
58.9500	295.5250	45.0000
46.9700	296.1800	45.0000
38.7000	296.7800	45.0000
32.6800	297.3950	45.0000
28.1500	297.8500	45.0000
24.6500	298.2650	45.0000
21.8800	298.5750	45.0000
22.6500	298.1550	45.0000
60.9000	297.1150	45.0000
142.7100	296.4800	45.0000
174.3900	295.9500	45.0000
133.6900	296.3450	45.0000
133.7900	297.1850	45.0000
193.8700	296.9650	45.0000
256.0500	296.7450	45.0000
200.7000	297.2950	45.0000
136.8300	297.7300	45.0000
96.8200	297.2350	45.0000
79.1900	296.3600	45.0000
84.6500	291.7650	45.0000
83.9400	288.7650	45.0000
80.0500	289.3950	45.0000
79.2900	291.0150	45.0000
82.6300	291.5100	45.0000
73.9800	292.1650	45.0000
60.3800	293.8150	45.0000
49.1600	294.3100	45.0000
41.0100	294.0650	45.0000
35.4300	294.2250	45.0000
32.0900	294.8400	45.0000
30.5400	295.7150	45.0000
29.1300	296.4300	45.0000
26.8600	296.8700	45.0000
24.0900	297.6200	45.0000
21.4000	298.3900	45.0000
19.0200	299.5950	45.0000
17.2800	299.9950	45.0000
19.0200	299.3450	45.0000
22.6800	299.1250	45.0000
26.8900	299.0950	45.0000
28.5200	299.5900	45.0000
30.6500	300.2500	45.0000
32.3100	300.3850	45.0000
39.8100	300.9200	45.0000
85.6600	300.6250	45.0000
146.9700	300.3200	45.0000
162.1000	300.7600	45.0000
145.7000	301.4450	45.0000
107.1900	302.2950	45.0000
72.4900	302.8850	45.0000
57.1900	303.3300	45.0000
54.9000	303.1850	45.0000
88.5000	302.4250	45.0000
145.3000	301.0200	45.0000
182.6300	300.5750	45.0000
174.3100	300.6950	45.0000
143.0000	301.1350	45.0000
118.6900	301.6900	45.0000
102.2300	301.9450	45.0000
89.3000	301.6050	45.0000
78.4200	301.0500	45.0000
68.8800	300.6150	45.0000
61.2500	300.6200	45.0000
58.6700	300.6400	45.0000
59.5000	301.0400	45.0000
59.1200	301.4550	45.0000
92.7800	300.7950	45.0000
524.8700	297.7550	45.0000
616.9300	297.4700	45.0000
583.9500	297.4400	45.0000
521.3100	297.8750	45.0000
397.4700	298.8200	45.0000
289.9700	299.7800	45.0000
211.2000	300.7050	45.0000
158.2500	301.6300	45.0000
124.5900	302.5900	45.0000
103.0400	303.3800	45.0000
90.5000	303.8600	45.0000
107.1700	302.4200	45.0000
138.1200	302.2800	45.0000
137.5100	303.5650	45.0000
121.3000	304.6950	45.0000
101.7900	305.5400	45.0000
83.2400	306.1450	45.0000
68.1200	306.4300	45.0000
56.1300	306.4950	45.0000
47.5500	306.8350	45.0000
41.3700	307.1700	45.0000
36.9000	307.7500	45.0000
88.1100	304.8550	45.0000
315.5000	301.5800	45.0000
401.8700	301.9550	309.0600
350.2100	302.6000	374.7800
251.7100	303.0800	297.2500
215.7700	303.0550	235.0100
226.2400	302.9400	223.6900
261.8500	302.8200	245.8100
247.3400	302.7200	257.1300
194.0000	302.9950	221.4800
149.7300	303.6500	175.6300
129.3100	304.1200	141.3600
178.4600	303.2750	156.2400
279.8500	303.0850	227.8100
296.9700	302.9200	289.5900
248.9100	302.7850	271.6300
190.4000	302.7550	222.4500
184.6200	302.2300	181.6100
530.8500	299.0350	379.9200
453.5900	299.5900	491.0600
312.4400	300.5600	373.9000
243.2600	301.4700	278.4700
244.0000	302.5050	247.6100
238.1200	303.4200	244.0500
205.2000	304.2750	223.0400
161.7400	305.0750	186.3100
120.6900	305.8650	145.3100
92.0100	306.4200	111.6600
71.3200	306.9500	86.8100
54.8800	307.4300	67.8900
44.2900	307.2200	53.4700
40.1800	306.3650	45.5300
43.1200	305.0350	45.0000
56.8400	303.9000	45.9500
88.3300	302.9200	66.9500
151.1900	301.8400	112.3100
482.9000	300.2950	280.8500
656.2300	299.8950	630.8400
348.8000	300.5800	462.8000
234.0300	300.7250	288.4800
247.2200	300.4950	246.2600
296.6000	300.5000	276.6500
295.1800	300.5850	297.1800
254.8400	300.9550	275.1000
214.4700	301.5300	235.2000
206.6800	302.3100	212.2000
201.7600	303.2100	206.8800
169.0100	303.9600	187.2500
127.7500	304.2900	151.3800
102.0600	304.5750	119.3000
87.4000	305.1450	98.8000
77.7100	305.8000	85.6200
70.1000	306.4150	76.3100
62.8300	306.7750	68.6000
55.3000	306.9650	61.2200
46.3500	306.8000	53.1800
37.7300	306.3650	45.6600
31.2000	306.3700	45.0000
26.3700	306.0150	45.0000
22.6800	306.8400	45.0000
19.9800	305.5100	45.0000
177.4100	303.7100	45.0000
414.7100	300.9900	267.1000
404.2600	300.5850	384.5800
348.3500	300.5550	386.7000
205.2100	301.4950	271.4500
118.9500	302.4850	169.1700
72.9200	303.4400	105.5500
52.5800	304.3700	71.1200
44.9100	305.2050	54.0600
42.9700	305.8200	46.4700
40.6000	306.1150	45.0000
38.1400	306.2500	45.0000
37.1400	306.5000	45.0000
41.1100	306.0000	45.0000
45.2100	305.9750	45.0000
55.0400	305.3200	45.0000
91.8700	303.9300	50.3000
110.4900	302.9850	99.8000
109.7000	302.4400	107.6200
113.7000	302.1700	112.3400
138.7100	302.0150	121.1900
281.2400	300.9800	206.0900
271.5600	301.2500	277.9500
181.2700	302.4250	222.7900
124.1100	303.4650	157.7300
100.8700	304.2100	118.0200
97.4000	304.2650	102.7900
95.0500	304.1850	97.8400
88.6900	304.2050	93.0500
79.6000	304.5000	85.7200
70.0100	304.2150	76.8400
60.9700	303.8500	67.8200
51.7600	303.2050	58.9800
42.9000	303.5700	49.6400
40.5100	301.1300	45.0100
37.8300	302.6450	45.0000
33.6400	303.8400	45.0000
30.4300	304.6650	45.0000
27.7700	305.0850	45.0000
25.6100	305.0600	45.0000
23.7400	305.4250	45.0000
21.9800	306.0950	45.0000
20.2300	306.3450	45.0000
18.6500	305.5750	45.0000
17.3900	305.3900	45.0000
16.4000	305.1750	45.0000
16.1800	304.5800	45.0000
17.1800	304.7600	45.0000
19.0400	304.2050	45.0000
21.0800	303.5450	45.0000
22.3700	304.5450	45.0000
22.4700	304.1650	45.0000
21.6000	304.6600	45.0000
20.2200	303.8350	45.0000
18.7700	304.0500	45.0000
17.6200	304.0150	45.0000
17.3700	302.5400	45.0000
18.3300	302.2350	45.0000
19.7600	303.0350	45.0000
20.5000	303.0550	45.0000
20.3400	303.0850	45.0000
19.6800	302.2050	45.0000
18.8900	303.4900	45.0000
18.2100	301.9000	45.0000
17.6400	302.7950	45.0000
17.0800	303.3900	45.0000
16.7800	303.8050	45.0000
18.7900	300.1950	45.0000
19.3400	297.7400	45.0000
25.6200	296.5700	45.0000
50.8800	293.7950	45.0000
52.1500	292.1000	45.0000
41.1900	291.7250	45.0000
32.4000	291.9550	45.0000
26.3200	292.5900	45.0000
22.0600	293.3700	45.0000
18.9800	294.3450	45.0000
16.7100	294.9300	45.0000
15.0200	295.0900	45.0000
13.7700	296.1250	45.0000
12.8600	296.8000	45.0000
12.2100	296.8100	45.0000
11.7600	295.2450	45.0000
11.4300	296.3800	45.0000
11.1700	297.8600	45.0000
10.9300	298.5800	45.0000
10.7000	298.0950	45.0000
10.4600	298.3600	45.0000
10.2000	298.6700	45.0000
9.9500	298.8400	45.0000
9.6900	297.3950	45.0000
9.4200	293.8750	45.0000
9.1600	296.7250	45.0000
8.9000	298.0650	45.0000
8.6600	298.7200	45.0000
8.4300	298.4100	45.0000
8.2200	299.0950	45.0000
8.0400	295.0350	45.0000
7.8900	290.1900	45.0000
7.7500	288.8050	45.0000
7.6000	288.3800	45.0000
7.4800	288.5900	45.0000
7.4000	289.3400	45.0000
11.2600	287.3600	45.0000
25.5800	288.4800	45.0000
35.6700	290.6300	45.0000
35.9900	292.2450	45.0000
34.0100	293.4600	45.0000
36.6800	293.8400	45.0000
38.5700	292.4100	45.0000
34.6800	290.8850	45.0000
29.3000	290.5350	45.0000
24.6900	291.2000	45.0000
21.3700	292.5450	45.0000
19.6900	293.9050	45.0000
20.0100	294.9500	45.0000
21.5700	295.0900	45.0000
22.6600	295.4950	45.0000
22.4500	292.8050	45.0000
21.3200	291.2800	45.0000
19.8100	293.3450	45.0000
18.3800	287.1550	45.0000
17.2100	286.8500	45.0000
16.7200	290.7150	45.0000
16.0900	293.1750	45.0000
16.2100	294.4200	45.0000
17.2300	289.7300	45.0000
18.1500	289.9150	45.0000
18.3400	288.1050	45.0000
17.9500	285.2700	45.0000
17.1800	285.6950	45.0000
16.1300	287.5500	45.0000
14.9600	287.6400	45.0000
13.8000	289.4000	45.0000
12.7500	286.7300	45.0000
11.8300	287.7800	45.0000
11.0500	288.5100	45.0000
10.3800	287.5950	45.0000
9.8100	283.9100	45.0000
9.3200	283.0950	45.0000
8.8900	286.6700	45.0000
8.5200	290.1650	45.0000
8.1800	290.6350	45.0000
7.8800	292.0250	45.0000
7.6000	293.0100	45.0000
7.3500	290.8650	45.0000
7.1200	291.3000	45.0000
6.9000	288.7850	45.0000
6.7000	288.8900	45.0000
6.5200	287.8350	45.0000
6.3600	286.6800	45.0000
6.2200	287.8050	45.0000
6.3900	286.6700	45.0000
7.7900	287.7200	45.0000
7.9200	285.7150	45.0000
7.8600	283.4100	45.0000
8.5800	282.6850	45.0000
8.7700	286.1950	45.0000
8.8400	287.9600	45.0000
8.8000	290.5150	45.0000
8.7200	287.9600	45.0000
9.2600	284.7400	45.0000
9.7500	284.0950	45.0000
10.2800	287.0900	45.0000
10.8500	288.0650	45.0000
11.3800	290.4350	45.0000
11.6300	291.1550	45.0000
11.4700	290.2250	45.0000
11.0000	289.2050	45.0000
10.3500	287.8900	45.0000
9.6500	289.6100	45.0000
8.9800	293.0450	45.0000
8.3600	294.8150	45.0000
7.8400	291.8150	45.0000
7.4100	289.3250	45.0000
7.0400	290.5350	45.0000
6.7200	292.5550	45.0000
6.4400	293.9000	45.0000
6.1700	294.2950	45.0000
5.9100	295.4300	45.0000
5.6900	292.1850	45.0000
5.5000	291.6050	45.0000
5.3100	295.6450	45.0000
5.1500	297.1900	45.0000
5.0900	295.7700	45.0000
5.2200	293.6250	45.0000
5.2100	292.3150	45.0000
5.1200	294.8150	45.0000
5.1800	297.3750	45.0000
5.4300	297.7150	45.0000
5.8800	295.7700	45.0000
6.5200	296.5500	45.0000
7.1000	297.0050	45.0000
7.3500	296.9550	45.0000
7.2500	290.9550	45.0000
6.9700	291.2950	45.0000
6.6100	296.3200	45.0000
6.2500	296.6350	45.0000
5.9300	297.4700	45.0000
5.6400	291.6700	45.0000
5.3900	292.7000	45.0000
5.1800	294.8150	45.0000
7.6000	288.8450	45.0000
9.4200	287.4950	45.0000
9.5100	289.2500	45.0000
9.3200	292.3450	45.0000
10.8700	290.9700	45.0000
13.5700	291.5000	45.0000
19.0700	292.0400	45.0000
49.4100	291.6900	45.0000
60.2500	292.1400	45.0000
47.9900	292.9300	45.0000
36.7400	294.2200	45.0000
28.7200	295.7650	45.0000
23.1200	296.5250	45.0000
19.1400	295.9000	45.0000
16.3900	295.1900	45.0000
16.3400	295.2750	45.0000
21.2900	295.6200	45.0000
24.2900	294.1900	45.0000
22.5700	292.5050	45.0000
19.7300	294.7000	45.0000
17.3100	297.2950	45.0000
15.4700	297.3050	45.0000
14.0800	298.1850	45.0000
13.4600	298.7800	45.0000
17.5900	301.4700	45.0000
29.3100	301.0400	45.0000
32.9500	301.5100	45.0000
29.7100	301.9200	45.0000
26.2400	302.4800	45.0000
23.5600	302.4150	45.0000
21.1500	301.8950	45.0000
18.8500	302.0950	45.0000
16.7600	302.6300	45.0000
15.0100	303.3150	45.0000
13.7800	303.9150	45.0000
13.1000	304.5000	45.0000
13.7700	303.5600	45.0000
13.2800	300.0450	45.0000
12.3900	298.5950	45.0000
11.8800	297.7800	45.0000
11.6400	298.5350	45.0000
11.4400	300.3250	45.0000
11.3900	300.9300	45.0000
13.3200	298.2250	45.0000
19.7800	297.8350	45.0000
30.6100	297.8400	45.0000
37.7300	298.4250	45.0000
41.7100	298.9750	45.0000
36.8700	299.8750	45.0000
30.1400	301.2350	45.0000
28.0600	302.4850	45.0000
56.8100	301.3200	45.0000
76.3300	299.2300	45.0000
84.9200	297.3400	45.0000
78.3800	296.6850	45.0000
70.0100	297.1550	45.0000
61.1300	298.4650	45.0000
51.7100	300.0300	45.0000
43.0700	300.5150	45.0000
36.0900	300.8800	45.0000
34.1900	301.2300	45.0000
33.4400	301.5800	45.0000
34.9400	302.6300	45.0000
35.8900	303.2550	45.0000
34.0200	304.4050	45.0000
31.2500	305.7250	45.0000
28.3700	305.4400	45.0000
25.5900	305.3550	45.0000
23.0000	306.5750	45.0000
21.0600	307.3300	45.0000
23.2500	306.6150	45.0000
46.3400	303.4550	45.0000
104.6200	300.6250	45.0000
122.0700	300.0050	45.0000
107.4200	300.2100	45.0000
88.7400	301.2550	45.0000
77.5700	302.7000	45.0000
69.5000	304.0850	45.0000
63.4500	305.3000	45.0000
58.5600	306.1550	45.0000
53.7000	306.5050	45.0000
47.3300	306.8450	45.0000
40.6600	307.1150	45.0000
34.8400	306.9800	45.0000
30.0500	305.4000	45.0000
25.9900	305.4550	45.0000
22.6000	306.3550	45.0000
19.7600	306.1700	45.0000
17.3700	306.8750	45.0000
15.3600	307.3200	45.0000
13.6400	307.9500	45.0000
12.1800	307.8700	45.0000
10.9100	308.5700	45.0000
9.8100	308.9450	45.0000
8.8400	309.4400	45.0000
7.9900	310.0050	45.0000
7.2600	310.4650	45.0000
6.6200	310.9500	45.0000
6.0700	311.2550	45.0000
5.6100	311.5750	45.0000
5.2300	311.8350	45.0000
4.9600	312.3800	45.0000
4.7400	312.5050	45.0000
4.5700	312.3850	45.0000
4.4200	311.6050	45.0000
4.2600	310.6450	45.0000
4.0900	310.3850	45.0000
3.9500	310.3250	45.0000
3.9700	309.9300	45.0000
4.0000	308.9500	45.0000
5.2100	308.0250	45.0000
11.3300	307.6250	45.0000
16.9800	307.1250	45.0000
17.2600	306.7450	45.0000
15.2800	306.9350	45.0000
13.1400	307.2550	45.0000
11.3200	307.4400	45.0000
9.8500	306.9750	45.0000
9.0100	305.8500	45.0000
9.4200	305.1000	45.0000
11.9200	305.1850	45.0000
30.8600	305.1450	45.0000
78.0300	304.0600	45.0000
112.3900	302.8250	45.0000
133.9100	302.1500	45.0000
143.2500	302.2400	45.0000
158.7000	302.1400	45.0000
152.7700	302.4850	45.0000
125.0100	303.2750	45.0000
97.8600	304.3000	45.0000
79.3200	305.4000	45.0000
66.4300	306.1150	45.0000
57.1000	306.6400	45.0000
49.6900	306.8100	45.0000
43.6500	306.8550	45.0000
42.6300	306.2950	45.0000
67.9000	305.3550	45.0000
129.3100	303.9150	45.0000
158.5300	303.0050	45.0000
167.7600	300.6750	45.0000
183.2800	301.7100	45.0000
191.7100	302.4400	45.0000
177.7200	303.0050	45.0000
151.8600	303.5600	45.0000
133.9900	304.1750	45.0000
106.8300	304.8500	45.0000
82.9600	305.7350	45.0000
64.7600	306.5750	45.0000
51.7700	307.2850	45.0000
43.5400	307.8900	45.0000
37.7500	308.5000	45.0000
33.2700	308.9700	45.0000
29.7900	308.3200	45.0000
27.6900	307.0150	45.0000
26.2600	306.4200	45.0000
25.0700	307.1300	45.0000
24.8500	307.5050	45.0000
25.5100	308.1150	45.0000
26.9000	308.4250	45.0000
28.8600	309.0500	45.0000
30.8100	308.5750	45.0000
32.3000	307.7000	45.0000
35.1800	307.6750	45.0000
46.2300	306.4250	45.0000
59.2400	304.8550	45.0000
79.3600	304.2300	45.0000
167.0200	303.3450	45.0000
236.6800	303.2150	45.0000
258.2900	303.2800	45.0000
209.7300	303.4450	45.0000
165.4800	303.6150	45.0000
155.9300	303.5300	45.0000
185.9100	303.3300	45.0000
206.9200	303.2500	45.0000
190.3300	303.4650	45.0000
161.7600	303.8600	45.0000
142.5400	304.1250	45.0000
137.2400	304.2650	45.0000
136.4000	304.7250	45.0000
134.1500	305.3850	45.0000
128.4700	305.9650	45.0000
121.3700	306.1650	45.0000
115.8000	305.5450	45.0000
111.7900	305.3100	45.0000
107.3400	303.5000	45.0000
101.3400	303.5000	45.0000
94.3400	302.2350	45.0000
88.8600	302.2250	45.0000
84.6200	302.3050	45.0000
78.8100	303.6700	45.0000
73.3700	304.4600	45.0000
74.1800	305.5650	45.0000
79.1300	304.4950	45.0000
75.9600	302.9350	45.0000
72.8300	301.8650	45.0000
71.3600	301.0500	45.0000
68.3600	299.6100	45.0000
63.9500	300.4550	45.0000
58.9800	301.6700	45.0000
53.9900	301.2550	45.0000
49.3500	301.7250	45.0000
45.2200	301.8500	45.0000
41.0900	301.7050	45.0000
37.2100	300.8150	45.0000
34.1000	302.0300	45.0000
31.5800	301.1550	45.0000
29.1900	300.9100	45.0000
26.8900	301.0800	45.0000
24.7600	301.5950	45.0000
22.8500	301.2500	45.0000
21.1800	301.3050	45.0000
19.7300	300.5600	45.0000
18.4900	301.0150	45.0000
17.4100	302.3300	45.0000
16.4500	302.9400	45.0000
15.5700	300.4450	45.0000
14.7700	299.9100	45.0000
14.0400	300.1350	45.0000
13.3600	301.9350	45.0000
12.7600	302.0400	45.0000
12.3200	302.2000	45.0000
12.6400	302.4450	45.0000
14.0100	302.3300	45.0000
17.9700	297.8700	45.0000
22.9800	298.6500	45.0000
33.9500	298.7450	45.0000
53.8400	298.1950	45.0000
58.6700	298.0650	45.0000
52.4900	298.3000	45.0000
44.8700	298.5500	45.0000
38.2800	298.8950	45.0000
33.0100	297.7800	45.0000
28.8300	297.4850	45.0000
25.4400	298.1700	45.0000
22.6200	299.1400	45.0000
20.2300	295.8350	45.0000
18.1600	294.2200	45.0000
16.3700	296.2250	45.0000
14.8200	297.2300	45.0000
13.4900	297.6650	45.0000
12.3300	298.2800	45.0000
11.3300	297.7900	45.0000
10.4500	298.6300	45.0000
9.6800	299.4100	45.0000
9.0200	299.6300	45.0000
8.4300	299.2250	45.0000
7.9200	296.8300	45.0000
7.4700	297.1750	45.0000
7.0600	299.3850	45.0000
6.7000	300.3950	45.0000
6.3800	300.8600	45.0000
6.1000	298.9800	45.0000
5.8400	298.2550	45.0000
5.6100	297.3550	45.0000
5.4000	292.3100	45.0000
5.2100	292.7900	45.0000
5.0400	293.5000	45.0000
4.8900	293.9000	45.0000
4.7600	294.9550	45.0000
4.6500	294.1300	45.0000
4.5600	291.3400	45.0000
4.4800	294.4850	45.0000
4.4000	296.2850	45.0000
4.3400	295.5850	45.0000
4.3000	293.8850	45.0000
4.2500	296.4750	45.0000
4.2200	296.7750	45.0000
4.1600	296.5650	45.0000
4.0900	293.1100	45.0000
4.0000	290.7300	45.0000
3.9000	288.8700	45.0000
3.8100	291.0200	45.0000
3.7200	290.1400	45.0000
3.6400	285.9500	45.0000
3.5700	286.0200	45.0000
3.5000	286.8500	45.0000
3.4400	288.8850	45.0000
3.3700	292.6000	45.0000
3.4400	288.3000	45.0000
4.5600	283.0500	45.0000
4.8000	284.1900	45.0000
4.6600	285.4900	45.0000
4.5200	289.1500	45.0000
4.4900	291.5650	45.0000
4.6500	287.0750	45.0000
5.0300	288.4000	45.0000
5.8200	291.4650	45.0000
6.7300	293.4900	45.0000
7.3600	294.6250	45.0000
7.6100	292.7050	45.0000
7.5300	286.0650	45.0000
7.2900	285.2800	45.0000
7.0200	289.7950	45.0000
6.7600	290.6850	45.0000
6.5100	293.6500	45.0000
6.3100	295.0150	45.0000
6.1400	291.3850	45.0000
6.0000	289.0200	45.0000
5.8900	289.3950	45.0000
5.8200	291.1900	45.0000
5.7700	291.2450	45.0000
5.7600	292.5850	45.0000
5.7500	294.5200	45.0000
5.7200	294.8400	45.0000
5.6600	291.7150	45.0000
5.5800	289.0200	45.0000
5.4900	289.5250	45.0000
5.4300	289.8200	45.0000
5.4100	292.1700	45.0000
5.4900	293.1300	45.0000
6.0500	289.3550	45.0000
8.2900	287.5650	45.0000
11.5000	287.2050	45.0000
12.8900	285.7600	45.0000
12.4500	286.6650	45.0000
11.3600	287.0500	45.0000
10.2300	287.2150	45.0000
9.2500	291.0300	45.0000
8.4500	288.3950	45.0000
7.8200	288.8750	45.0000
7.3600	286.9950	45.0000
7.0000	287.6650	45.0000
6.7400	290.4500	45.0000
6.5100	291.7900	45.0000
6.3000	288.3550	45.0000
6.0900	292.6550	45.0000
5.8600	294.3200	45.0000
5.6300	291.8050	45.0000
5.4100	289.0400	45.0000
5.2000	289.1700	45.0000
4.9800	288.9000	45.0000
4.7500	291.3850	45.0000
4.5400	291.5950	45.0000
4.3300	288.2850	45.0000
4.1600	288.6250	45.0000
4.0200	288.7100	45.0000
3.9100	290.3600	45.0000
3.8500	292.8000	45.0000
3.8000	293.0400	45.0000
3.7800	294.1800	45.0000
3.7900	295.1850	45.0000
3.8200	295.2300	45.0000
3.9000	293.5200	45.0000
3.9200	294.8950	45.0000
3.9100	297.7100	45.0000
3.9500	296.7450	45.0000
4.0700	295.7750	45.0000
4.1700	293.5350	45.0000
4.2000	296.7500	45.0000
4.1800	297.7850	45.0000
4.1200	294.6450	45.0000
4.0700	294.6650	45.0000
4.0100	291.7800	45.0000
3.9600	290.3900	45.0000
3.9200	292.8700	45.0000
3.9400	295.5350	45.0000
4.0100	297.3100	45.0000
4.1200	298.2600	45.0000
4.2100	297.9850	45.0000
4.2300	290.9900	45.0000
4.1900	290.7300	45.0000
4.0900	291.6850	45.0000
3.9600	294.9200	45.0000
3.8000	296.3150	45.0000
3.6500	297.3350	45.0000
3.5100	298.1300	45.0000
3.3700	299.2900	45.0000
3.2500	298.0650	45.0000
3.1500	297.7300	45.0000
3.0600	298.9500	45.0000
2.9900	288.5150	45.0000
2.9900	281.1850	45.0000
12.5200	281.6850	45.0000
124.0700	281.2900	45.0000
145.9600	281.7600	45.0000
99.8700	283.3250	45.0000
63.2800	285.0000	45.0000
45.1000	287.0200	45.0000
39.6500	289.4100	45.0000
45.0600	291.2100	45.0000
48.8900	291.9800	45.0000
47.4600	292.4500	45.0000
43.0300	293.1200	45.0000
36.8800	293.7750	45.0000
30.9700	294.4600	45.0000
30.4600	293.7150	45.0000
31.5200	295.2250	45.0000
29.7800	293.2550	45.0000
28.5000	292.6400	45.0000
34.2500	293.8950	45.0000
38.5400	294.4150	45.0000
34.9200	294.5800	45.0000
29.4200	294.8100	45.0000
24.6500	294.9600	45.0000
20.9600	296.0600	45.0000
18.2100	296.2100	45.0000
16.1900	295.1050	45.0000
14.7100	294.4400	45.0000
13.5800	296.9900	45.0000
12.6500	299.1900	45.0000
11.8100	298.9550	45.0000
11.0200	299.0050	45.0000
10.2500	299.3200	45.0000
9.5300	298.3500	45.0000
8.8500	298.7750	45.0000
8.2500	299.5250	45.0000
8.0000	300.7850	45.0000
13.1800	299.5450	45.0000
35.1400	301.6700	45.0000
86.2100	299.8050	45.0000
100.5600	298.7300	45.0000
90.0900	298.6300	45.0000
74.1600	298.9400	45.0000
60.0100	299.4200	45.0000
48.7300	300.0750	45.0000
40.1700	300.9350	45.0000
33.9400	301.9850	45.0000
29.8600	302.4250	45.0000
28.3300	302.6550	45.0000
27.4000	303.0100	45.0000
31.9100	303.3950	45.0000
44.7400	303.1200	45.0000
44.2600	303.2950	45.0000
37.3200	304.1300	45.0000
31.0500	304.8200	45.0000
26.3500	305.8200	45.0000
22.9800	307.2650	45.0000
20.6900	308.3100	45.0000
19.1400	307.7000	45.0000
17.9700	307.5900	45.0000
16.8900	306.2600	45.0000
15.7300	306.8600	45.0000
14.5100	307.0300	45.0000
13.2900	307.3850	45.0000
12.1000	307.0050	45.0000
10.9900	306.4250	45.0000
19.7100	304.3900	45.0000
33.8800	301.9800	45.0000
57.2600	300.5600	45.0000
81.2100	299.7050	45.0000
85.7700	299.4950	45.0000
70.8400	300.1950	45.0000
57.5400	301.2600	45.0000
48.3300	302.4400	45.0000
42.8300	303.3800	45.0000
42.7600	304.7600	45.0000
53.2000	305.4450	45.0000
55.9900	305.5400	45.0000
68.6400	305.5450	45.0000
87.4200	305.4150	45.0000
95.3800	305.4200	45.0000
94.7400	305.4000	45.0000
87.3000	305.7300	45.0000
73.7500	306.2650	45.0000
66.3300	306.8200	45.0000
60.1800	307.1000	45.0000
55.9500	307.4800	45.0000
55.7400	307.8700	45.0000
54.0100	308.2550	45.0000
48.1500	308.9100	45.0000
41.1400	309.0500	45.0000
34.8000	309.5400	45.0000
29.5000	310.4300	45.0000
25.1600	310.4100	45.0000
21.6200	309.7700	45.0000
18.6900	310.1200	45.0000
16.2800	309.5050	45.0000
14.2500	309.8300	45.0000
12.5500	309.6300	45.0000
11.1100	310.0650	45.0000
9.8700	310.8950	45.0000
8.8100	311.6000	45.0000
7.8900	311.9050	45.0000
7.0900	312.2350	45.0000
6.3900	312.9000	45.0000
5.7800	313.6500	45.0000
5.2400	313.6850	45.0000
4.7700	313.4950	45.0000
4.3600	313.7550	45.0000
4.0200	313.8350	45.0000
3.7500	312.8600	45.0000
3.5700	311.4600	45.0000
3.5100	310.6100	45.0000
5.0600	309.6300	45.0000
6.8700	310.2650	45.0000
7.1600	311.5750	45.0000
10.2400	311.9750	45.0000
14.6700	311.6550	45.0000
15.9800	310.8950	45.0000
15.4700	311.9950	45.0000
15.8700	313.9500	45.0000
16.4000	314.6700	45.0000
16.3600	314.7450	45.0000
16.6700	315.2450	45.0000
17.1100	315.5700	45.0000
17.0000	315.8650	45.0000
16.2100	316.0800	45.0000
15.0200	315.6050	45.0000
14.5400	314.3050	45.0000
15.1800	313.5000	45.0000
14.1300	313.4650	45.0000
12.6900	313.9900	45.0000
11.5200	315.4500	45.0000
10.5300	316.2950	45.0000
9.6400	316.6250	45.0000
9.0000	316.9150	45.0000
9.0300	316.8550	45.0000
9.9000	315.8800	45.0000
10.8400	315.4100	45.0000
11.0600	313.9850	45.0000
10.5100	314.3250	45.0000
10.3000	313.7650	45.0000
10.2100	312.0200	45.0000
9.0300	311.2350	45.0000
8.1700	310.2200	45.0000
11.6700	310.2400	45.0000
20.4300	309.6300	45.0000
22.6200	309.2700	45.0000
20.7500	309.2450	45.0000
18.7100	310.0400	45.0000
17.2900	310.4350	45.0000
16.5600	310.8800	45.0000
16.3200	311.6350	45.0000
16.1400	312.2350	45.0000
15.6600	312.3100	45.0000
15.0400	312.1800	45.0000
14.0600	311.8850	45.0000
12.8700	311.9450	45.0000
11.8600	311.9950	45.0000
11.1300	311.0400	45.0000
10.8200	312.2050	45.0000
10.9900	312.8850	45.0000
10.9600	313.1700	45.0000
10.3400	312.4400	45.0000
9.3800	312.7800	45.0000
8.3700	312.5500	45.0000
7.4400	312.6900	45.0000
6.6800	313.3000	45.0000
6.0800	313.4500	45.0000
5.6300	314.1450	45.0000
5.4600	314.4850	45.0000
6.3100	312.7400	45.0000
6.4600	312.1100	45.0000
6.5000	311.7900	45.0000
6.7700	310.7400	45.0000
7.9400	310.5300	45.0000
11.7100	309.6050	45.0000
15.0400	308.4700	45.0000
15.8900	308.7600	45.0000
15.0400	308.7000	45.0000
14.2100	307.5300	45.0000
16.3600	308.4600	45.0000
22.1000	307.9550	45.0000
55.3300	306.3550	45.0000
194.2100	304.5400	45.0000
396.5100	304.2450	45.0000
428.9000	303.7850	45.0000
329.8600	303.6650	45.0000
237.7500	304.0650	45.0000
172.0200	304.7850	45.0000
129.1700	305.4250	45.0000
107.6300	306.0650	45.0000
93.3200	306.4100	45.0000
80.9900	306.7950	45.0000
69.7100	307.3150	45.0000
68.0600	305.8200	45.0000
71.6300	302.4750	45.0000
80.1700	300.9950	45.0000
106.4200	300.3150	45.0000
112.0500	300.4850	45.0000
89.1900	301.4450	45.0000
68.2700	302.8050	45.0000
54.5600	303.9700	45.0000
65.1200	304.8500	45.0000
71.6300	305.5400	45.0000
55.7400	305.6250	45.0000
47.8200	305.7150	45.0000
62.4800	305.5700	45.0000
75.0400	305.4950	45.0000
64.2900	305.9850	45.0000
61.3500	306.2150	45.0000
60.2300	306.3650	45.0000
57.7900	304.4950	45.0000
56.4500	301.7400	45.0000
60.2800	299.4950	45.0000
72.3400	298.3600	45.0000
74.3400	298.0750	45.0000
64.1900	299.0050	45.0000
54.2700	300.3450	45.0000
47.6000	300.3650	45.0000
42.6300	300.1050	45.0000
37.6400	299.9300	45.0000
32.7200	300.0400	45.0000
28.3800	300.5150	45.0000
25.8700	301.0300	45.0000
31.2600	299.7950	45.0000
61.6200	297.7350	45.0000
128.4100	295.6850	45.0000
143.1500	295.0300	45.0000
140.9100	294.2950	45.0000
185.1000	292.9950	45.0000
190.9100	293.1500	45.0000
180.6500	293.9750	45.0000
137.3100	293.7950	45.0000
93.7400	293.6050	45.0000
70.1100	293.6050	45.0000
56.8900	293.7650	45.0000
48.7700	293.9000	45.0000
43.0900	294.2500	45.0000
38.2900	294.4150	45.0000
33.8500	294.5650	45.0000
29.7300	294.8200	45.0000
26.1000	295.2000	45.0000
23.0400	295.7850	45.0000
20.5800	295.0950	45.0000
19.5400	294.2050	45.0000
23.9500	294.8250	45.0000
31.1900	295.1550	45.0000
31.4600	295.4800	45.0000
27.7800	296.3200	45.0000
23.8000	295.3200	45.0000
20.4700	293.4650	45.0000
17.8700	292.8350	45.0000
17.3700	293.5450	45.0000
45.7500	291.2250	45.0000
123.7700	289.8200	45.0000
166.2700	289.2550	45.0000
182.5900	289.6850	45.0000
160.7300	289.8100	45.0000
120.8400	289.4850	45.0000
91.3800	289.2500	45.0000
69.2400	289.0700	45.0000
53.3900	289.8050	45.0000
43.6500	290.8300	45.0000
37.7700	290.0800	45.0000
39.6100	287.5450	45.0000
40.0500	286.4700	45.0000
42.3500	285.4050	45.0000
53.5600	283.6700	45.0000
65.6100	282.4050	45.0000
59.5600	282.4850	45.0000
49.2300	283.4800	45.0000
40.8900	285.4600	45.0000
34.7400	285.7100	45.0000
30.5800	285.4150	45.0000
28.3600	285.2450	45.0000
27.5500	286.0700	45.0000
26.0600	287.5750	45.0000
24.5900	289.3250	45.0000
23.8000	288.2350	45.0000
29.1800	286.4500	45.0000
29.2800	285.3650	45.0000
28.4500	285.7600	45.0000
27.6300	286.0400	45.0000
26.1400	286.1550	45.0000
23.9700	287.1500	45.0000
21.6000	288.8700	45.0000
19.3700	289.7950	45.0000
18.2700	287.6750	45.0000
17.1300	284.7650	45.0000
16.2800	284.2150	45.0000
15.6100	284.3900	45.0000
14.8700	284.4550	45.0000
16.9400	283.4600	45.0000
20.8000	284.1450	45.0000
21.4700	285.0400	45.0000
21.5800	284.4100	45.0000
21.6200	284.3800	45.0000
22.2000	284.6250	45.0000
22.2600	284.1100	45.0000
20.9400	283.7250	45.0000
18.8800	284.5400	45.0000
16.8200	283.4400	45.0000
15.1000	281.8650	45.0000
13.7100	280.9800	45.0000
12.6300	280.7850	45.0000
11.7700	283.1400	45.0000
11.0600	285.3750	45.0000
10.9000	285.9650	45.0000
16.8600	287.1900	45.0000
63.2600	286.3200	45.0000
112.3000	285.6350	45.0000
141.9100	285.8050	45.0000
160.4400	286.3450	45.0000
132.6900	287.1900	45.0000
94.8900	288.2650	45.0000
70.7200	289.1300	45.0000
55.6500	289.8200	45.0000
45.7000	290.3100	45.0000
39.1000	289.7550	45.0000
34.5400	289.1600	45.0000
30.9700	289.4900	45.0000
27.8200	290.2700	45.0000
25.1500	291.1100	45.0000
23.1100	287.3750	45.0000
21.4900	285.5050	45.0000
42.2400	284.5800	45.0000
74.7900	283.1950	45.0000
64.3800	283.1500	45.0000
83.1400	284.1100	45.0000
110.2400	284.5900	45.0000
170.5900	285.0100	45.0000
211.2000	285.6350	45.0000
170.0000	286.5200	45.0000
119.8800	287.2900	45.0000
91.3400	286.8150	45.0000
78.8600	285.9550	45.0000
82.0500	284.1050	45.0000
84.1700	283.0850	45.0000
85.8100	282.9800	45.0000
84.5200	283.5700	45.0000
80.5300	283.4350	45.0000
68.9900	283.5000	45.0000
56.4400	283.8250	45.0000
46.2000	284.5350	45.0000
38.6200	285.3500	45.0000
32.8300	286.9750	45.0000
28.3600	288.3400	45.0000
24.8500	288.6600	45.0000
22.4600	286.2400	45.0000
20.5700	285.2650	45.0000
18.6600	286.7000	45.0000
17.2200	288.0350	45.0000
17.2400	287.9700	45.0000
19.9100	288.4550	45.0000
22.4700	288.4850	45.0000
22.0600	287.5500	45.0000
20.4700	287.5250	45.0000
19.9500	287.8450	45.0000
21.7200	288.3200	45.0000
23.1100	288.8900	45.0000
21.9400	289.5600	45.0000
19.9100	291.1650	45.0000
17.9700	292.7200	45.0000
16.4700	293.2200	45.0000
15.7000	292.9100	45.0000
16.0200	292.6800	45.0000
17.5800	292.8600	45.0000
18.8500	293.3300	45.0000
18.6000	293.8050	45.0000
17.6500	293.0100	45.0000
16.7000	292.7750	45.0000
16.8600	293.1300	45.0000
23.2000	292.9500	45.0000
39.1900	289.6200	45.0000
42.1700	287.6900	45.0000
43.3600	287.2350	45.0000
50.0200	287.6900	45.0000
52.5800	288.5050	45.0000
46.6900	289.3050	45.0000
39.8600	290.1100	45.0000
34.9200	291.2500	45.0000
31.9700	291.9250	45.0000
30.5600	292.5650	45.0000
29.2100	293.2750	45.0000
27.1000	294.1800	45.0000
24.5700	295.2350	45.0000
22.0600	296.3900	45.0000
19.7400	297.2600	45.0000
17.6700	297.9250	45.0000
15.8600	298.2050	45.0000
14.2800	297.7950	45.0000
12.8900	295.9900	45.0000
11.6700	294.8050	45.0000
10.6000	296.7350	45.0000
9.6500	298.4200	45.0000
8.8400	298.8400	45.0000
8.3700	298.6750	45.0000
8.4900	298.3300	45.0000
11.3600	297.1000	45.0000
62.0500	294.7150	45.0000
179.2200	293.5700	45.0000
375.7400	292.4250	45.0000
393.8400	292.8600	45.0000
281.8200	293.2950	45.0000
189.0200	293.5850	45.0000
125.8000	294.3200	45.0000
92.8800	295.3650	45.0000
78.0500	296.7200	45.0000
69.8900	297.2200	45.0000
64.2200	297.5500	45.0000
60.2700	297.9700	45.0000
61.7800	297.7650	45.0000
61.1400	297.9250	45.0000
53.1700	298.8200	45.0000
44.2500	299.9900	45.0000
37.0100	300.3900	45.0000
31.4900	298.8400	45.0000
27.2400	298.5750	45.0000
23.8800	298.9400	45.0000
21.1800	300.4550	45.0000
19.0400	301.8550	45.0000
17.3800	302.2850	45.0000
16.0100	301.6400	45.0000
14.7800	302.9700	45.0000
13.5700	304.2950	45.0000
12.3700	305.0300	45.0000
11.2400	305.4700	45.0000
10.2500	305.2350	45.0000
19.3700	301.7000	45.0000
94.9800	300.3350	45.0000
194.8300	299.9450	45.0000
212.2800	300.0450	45.0000
168.6700	300.4150	45.0000
145.3500	301.4500	45.0000
125.7200	302.5500	45.0000
98.6500	303.5800	45.0000
74.2200	304.5750	45.0000
57.7400	305.1850	45.0000
48.9300	305.6850	45.0000
112.8500	304.7700	45.0000
366.9900	303.4300	45.0000
454.7800	303.2350	45.0000
461.9700	303.4900	45.0000
393.0500	303.7950	45.0000
301.7100	304.1900	45.0000
230.1500	304.5800	45.0000
179.7200	305.0750	45.0000
162.1000	304.6950	45.0000
167.9400	302.7750	45.0000
132.6600	303.2000	45.0000
105.9500	304.2500	45.0000
86.2300	305.2900	45.0000
75.1100	305.9700	45.0000
87.5300	305.3800	45.0000
99.9800	305.0000	45.0000
90.8300	305.7250	45.0000
69.0300	306.7300	45.0000
52.1200	307.6400	45.0000
40.4400	308.5800	45.0000
32.3400	309.5450	45.0000
26.7800	310.1250	45.0000
23.5100	310.2400	45.0000
22.0400	310.9050	45.0000
21.0000	311.5950	45.0000
19.9100	312.1950	45.0000
19.2000	312.3700	45.0000
19.0500	312.8300	45.0000
19.1400	311.9550	45.0000
18.9800	311.4200	45.0000
18.3500	310.2250	45.0000
17.2900	310.8650	45.0000
16.0000	311.2250	45.0000
14.6300	311.3550	45.0000
13.2700	311.3250	45.0000
12.2100	310.7250	45.0000
14.5500	307.1600	45.0000
66.7200	301.8750	45.0000
215.3400	300.2050	45.0000
272.0200	300.5250	45.0000
290.5800	301.1350	45.0000
246.7300	301.7500	45.0000
172.0900	302.8000	45.0000
118.5800	304.1050	45.0000
99.5000	304.2450	45.0000
110.7100	303.6800	45.0000
105.3500	304.2050	45.0000
121.0500	304.5100	45.0000
124.8700	304.7650	45.0000
107.3500	305.4050	45.0000
88.5200	306.3150	45.0000
73.3100	307.1850	45.0000
61.3700	307.5150	45.0000
50.9000	307.9750	45.0000
42.3000	308.0700	45.0000
35.7100	307.2050	45.0000
30.4500	306.5950	45.0000
26.8300	305.6300	45.0000
24.3900	306.2300	45.0000
22.2900	305.9650	45.0000
20.0800	306.3150	45.0000
17.6900	308.5300	45.0000
15.6300	307.0300	45.0000
13.9800	306.6700	45.0000
14.1600	305.8400	45.0000
15.3800	307.5800	45.0000
16.5600	308.3500	45.0000
18.3900	308.2900	45.0000
21.7800	307.8200	45.0000
25.7900	308.6550	45.0000
26.0800	309.3900	45.0000
23.4100	309.8850	45.0000
20.1400	309.6350	45.0000
17.2100	310.0300	45.0000
14.8000	309.6500	45.0000
12.8600	310.1050	45.0000
11.2900	310.7600	45.0000
10.0100	311.7650	45.0000
8.9800	312.1750	45.0000
8.1300	312.6400	45.0000
7.4200	313.3850	45.0000
6.7900	314.1000	45.0000
6.2500	314.8700	45.0000
5.7700	315.0350	45.0000
5.3300	314.1450	45.0000
4.9200	313.6500	45.0000
4.5600	313.5500	45.0000
4.2200	313.8550	45.0000
3.9100	314.2400	45.0000
3.6400	313.7750	45.0000
3.3900	312.4700	45.0000
3.2400	310.8750	45.0000
3.7200	309.4900	45.0000
3.9100	307.9050	45.0000
4.3100	307.5800	45.0000
5.6900	308.5200	45.0000
10.0400	308.9350	45.0000
16.5800	308.6900	45.0000
19.1400	308.0200	45.0000
18.7900	308.2550	45.0000
18.0000	308.1550	45.0000
97.3100	305.8550	45.0000
159.7000	304.2350	45.0000
147.9200	304.5850	45.0000
148.1200	303.9450	45.0000
163.3700	301.9250	45.0000
237.0500	300.4300	45.0000
279.1100	299.9750	45.0000
282.1500	300.6450	45.0000
221.7300	301.9300	45.0000
149.8600	303.3450	45.0000
99.7200	304.7150	45.0000
73.9700	305.7850	45.0000
59.3900	306.3400	45.0000
49.3900	306.9050	45.0000
51.0600	305.4950	45.0000
52.1700	302.9000	45.0000
72.7900	300.9150	45.0000
82.6700	300.6850	45.0000
98.0100	300.6950	45.0000
104.0800	300.6300	45.0000
102.3300	300.9450	45.0000
95.8500	301.4150	45.0000
85.6800	301.7950	45.0000
73.2600	302.2350	45.0000
61.4700	302.3200	45.0000
54.1400	302.2500	45.0000
52.4500	302.6450	45.0000
49.8600	302.9800	45.0000
44.4400	303.0500	45.0000
38.9500	302.5950	45.0000
34.5400	301.8100	45.0000
31.1200	299.7350	45.0000
28.2400	299.0750	45.0000
25.6000	298.7700	45.0000
23.0800	299.2900	45.0000
20.6800	299.7750	45.0000
18.4600	300.8950	45.0000
16.4400	301.9050	45.0000
14.6400	302.0850	45.0000
13.1600	302.5000	45.0000
12.1500	300.6450	45.0000
11.0200	299.0150	45.0000
9.9500	299.4800	45.0000
9.0000	300.1400	45.0000
8.1800	302.4400	45.0000
7.5000	302.0750	45.0000
7.0100	302.7150	45.0000
6.7500	302.9100	45.0000
6.6900	303.1950	45.0000
6.6500	303.1800	45.0000
6.5100	303.7550	45.0000
6.2100	304.7250	45.0000
5.8200	304.6750	45.0000
5.3900	304.3550	45.0000
4.9700	304.2050	45.0000
4.5800	298.0650	45.0000
4.2100	296.6750	45.0000
3.8900	297.1750	45.0000
3.6100	299.2950	45.0000
3.4400	299.7250	45.0000
3.9600	294.5950	45.0000
4.2400	291.4550	45.0000
5.9400	292.2600	45.0000
8.8600	290.1700	45.0000
9.5300	289.7850	45.0000
8.8900	290.2900	45.0000
8.0700	291.3450	45.0000
7.3600	293.0250	45.0000
6.7200	294.7350	45.0000
6.1600	295.8200	45.0000
6.8100	296.5500	45.0000
14.1900	292.9050	45.0000
16.4000	290.9300	45.0000
14.9600	291.2200	45.0000
13.0200	291.1750	45.0000
11.2200	291.7950	45.0000
9.6600	291.3100	45.0000
8.3400	291.1200	45.0000
7.2300	292.7700	45.0000
6.3100	294.7300	45.0000
5.5700	296.6250	45.0000
4.9600	298.1850	45.0000
4.4400	299.2800	45.0000
4.0300	293.2100	45.0000
3.7400	283.3550	45.0000
3.5300	284.2750	45.0000
3.3400	293.9100	45.0000
3.2500	290.7100	45.0000
3.3100	282.5850	45.0000
3.5900	283.1150	45.0000
4.0400	288.1950	45.0000
4.5400	291.5250	45.0000
4.9900	290.8600	45.0000
5.3100	286.7800	45.0000
5.4600	286.6550	45.0000
5.4400	288.6050	45.0000
5.3100	286.0000	45.0000
5.0700	287.4950	45.0000
4.8000	289.6550	45.0000
4.5200	288.9050	45.0000
4.2300	285.5700	45.0000
3.9500	286.3550	45.0000
3.7000	288.7350	45.0000
3.4700	290.1500	45.0000
3.2500	286.7350	45.0000
3.0600	285.5200	45.0000
2.8800	284.6350	45.0000
2.7200	289.2350	45.0000
2.5800	293.5900	45.0000
2.4600	293.8700	45.0000
2.3400	292.0200	45.0000
2.2400	292.5300	45.0000
2.5500	287.0900	45.0000
3.2400	278.3000	45.0000
3.2400	278.9900	45.0000
3.1300	289.1900	45.0000
3.1900	292.4100	45.0000
4.4100	291.2900	45.0000
