67.3600	275.6967	69.6700
54.5900	275.4500	69.6600
45.1900	275.2333	69.6600
38.0900	275.0933	66.3900
32.2000	275.0333	36.1200
27.2300	275.7433	30.6800
23.1200	275.9633	26.1400
19.7400	278.0500	22.3700
19.2500	278.9000	20.7700
28.3100	278.0300	27.4100
31.4200	276.5100	32.0900
29.2800	276.4200	31.5900
28.2600	276.6200	29.9700
30.9100	277.2467	31.0500
33.0600	277.9367	32.9000
33.8500	279.1533	34.0000
33.6200	280.3133	34.2200
33.2800	280.5867	34.1400
35.5300	281.2867	35.8800
41.0000	283.8700	39.8400
76.1100	282.8300	62.1700
100.6200	278.9467	69.6600
99.5600	277.9500	69.6600
89.5500	277.7500	69.6600
77.0700	278.0067	69.6600
67.2900	278.1000	69.6600
60.7600	278.0767	69.6600
56.5800	280.5433	69.6600
52.4900	280.9167	69.6600
44.0300	282.3867	69.6600
44.1800	284.9833	69.6600
68.6300	285.4100	69.6700
67.0900	284.6500	69.7200
59.0400	283.7100	69.7200
53.4200	282.8933	69.7200
48.0400	282.4167	69.7200
42.0700	282.5700	50.0600
36.1600	282.9133	39.8100
30.8400	283.3000	34.2600
26.2900	284.2333	29.4000
22.5500	286.5200	25.2800
21.3700	286.1400	23.5100
32.3400	283.4333	31.6500
39.4600	283.0033	38.9000
43.9600	283.1300	42.9300
54.9900	285.3867	51.9300
58.9100	287.4500	58.8300
57.2100	289.0333	59.0100
67.0600	287.8067	62.5900
107.0500	282.7767	69.7200
117.3700	281.2733	69.7200
109.6300	281.8233	69.7200
92.2900	283.1633	69.7200
74.4500	285.0367	69.7200
64.3100	285.6367	69.7200
57.2900	285.7067	69.7200
53.7000	287.0800	69.7200
89.5800	288.5400	69.7200
107.1500	288.4267	69.7200
103.2500	287.8867	69.7200
105.9600	287.2967	69.7100
99.9100	287.2367	69.7100
105.5900	289.1233	69.7100
203.6000	290.7967	69.7100
257.2200	288.6867	69.7100
221.5300	286.1333	69.7100
174.5800	284.1967	69.7100
141.4100	283.2500	69.7100
121.7800	283.8533	69.7100
101.4800	282.6833	69.7100
82.9000	282.4467	69.7100
73.6100	283.8733	69.7100
156.2500	288.0600	69.7100
214.5400	288.2633	69.7100
239.0200	286.4033	69.7100
334.4800	286.2333	69.7100
296.0200	285.7000	69.7100
242.1400	284.1300	69.7100
212.2800	283.5800	69.7100
281.3500	281.5033	69.7100
494.4400	281.0367	69.7100
457.1600	281.5800	69.7100
413.6600	283.8500	69.7100
426.3200	285.8400	69.7100
453.3900	286.8267	69.7100
470.3800	285.7967	69.7100
464.5200	282.2600	69.7100
446.9700	280.0700	69.7100
427.3100	280.4933	69.7100
436.4700	282.3867	69.7100
442.0900	285.4233	69.7100
411.0900	285.7633	69.7700
374.6800	284.7100	69.7700
347.5900	285.5333	69.7700
528.4700	289.1333	69.7700
650.2500	290.6567	69.7700
523.2400	291.6633	69.7700
429.9200	292.7133	69.7700
385.7300	293.6433	69.7700
363.6100	294.3133	69.7700
347.9900	295.3200	69.7700
333.6200	296.1800	69.7700
318.8500	295.6667	69.7700
304.6700	295.6967	69.7700
298.1900	294.8833	69.7700
294.0300	294.4100	69.7700
302.8200	293.7500	69.7700
300.4600	291.4067	69.7700
275.0300	286.9900	69.7700
250.5000	284.7600	69.7700
233.2700	284.9233	69.7700
221.5100	286.5533	69.7700
212.4800	288.8267	69.7700
204.6100	290.6433	69.7700
197.2800	292.3233	69.7700
199.9000	291.7067	69.7700
212.4900	289.8600	69.7700
204.9500	289.6300	69.7700
189.3200	290.6967	69.7700
175.9700	292.2300	69.7700
166.4100	293.1700	69.7700
158.9000	293.5300	69.8300
146.8400	293.9733	69.8300
132.3800	294.2667	69.8300
122.1900	294.6767	69.8300
115.2700	295.0833	69.8300
109.8500	295.9200	69.8300
104.8900	296.9400	69.8300
100.0600	297.2233	69.8300
95.6500	296.9767	69.8300
91.9400	296.7533	69.8300
89.3600	296.9433	69.8300
88.0700	297.4167	69.8300
92.3500	297.6000	69.8300
99.5200	296.6900	69.8300
96.6100	296.5167	69.8300
89.5500	297.2300	69.8300
83.0300	298.2267	69.8300
78.0000	299.2067	69.8300
74.3100	299.9400	69.8300
94.0500	298.4533	69.8300
146.6200	297.4633	69.8300
162.8700	297.3367	69.8300
165.0500	295.2900	69.8300
144.3800	294.5133	69.8300
119.2900	294.7300	69.8300
108.5200	294.7733	69.8300
99.6400	294.8833	69.8300
89.9200	296.0367	69.8300
85.0200	296.8167	69.8300
95.0000	297.4667	69.8300
101.7100	297.6533	71.8100
100.1700	297.6433	164.6900
149.7500	295.6000	164.6900
181.2000	296.0833	164.6900
161.3900	297.0267	164.6900
147.1200	297.7367	164.6900
127.2800	298.2633	164.6900
103.7400	298.9267	164.6900
89.7100	299.0167	164.6900
100.8900	298.9833	164.6900
132.9300	298.1167	164.6900
139.2600	298.2367	164.6900
127.6400	298.0833	164.6900
125.0900	298.4833	164.6900
115.2000	298.9400	164.6900
99.8000	299.6167	164.6900
88.0200	300.4533	164.6900
83.2400	301.1167	164.6900
79.2700	301.7367	164.6900
74.5600	302.6733	164.6900
70.0900	303.3300	164.6900
66.6900	303.2767	164.6900
65.5100	303.1200	164.6900
69.7900	300.8467	164.6900
75.8400	299.9233	164.6900
76.4400	300.0467	164.6900
73.3900	300.6767	164.6900
69.4900	301.1033	164.6900
66.9000	301.8867	164.6900
75.5400	301.0400	164.6900
102.9800	299.5967	164.6900
116.8900	299.4533	164.7600
125.0200	299.6533	164.7600
124.6000	300.1633	164.7600
110.9600	300.5733	164.7600
102.3500	300.8633	164.7600
99.1500	301.0800	164.7600
97.1800	301.8333	164.7600
90.4400	302.9533	164.7600
80.4000	304.0267	164.7600
71.1800	304.8100	164.7600
64.8100	305.2200	164.7600
62.0000	305.5933	164.7600
60.7500	305.6767	164.7600
59.3600	305.4133	164.7600
57.6400	303.3800	164.7600
55.9400	301.4467	164.7600
54.4700	301.0700	164.7600
53.3300	302.0933	164.7600
52.4900	302.6033	164.7600
51.8700	303.3167	164.7600
56.8900	301.8900	164.7600
78.9000	301.2100	164.7600
86.3300	301.6933	164.7600
80.5000	302.6467	164.7600
72.5000	303.2700	164.7600
66.8800	303.2967	164.7600
65.0600	303.6600	164.7600
64.9100	304.3100	164.7600
63.3300	304.6367	164.7600
61.4300	304.8367	164.7600
63.9100	304.3300	164.7700
71.3200	303.4300	164.8400
72.6100	303.3733	164.8400
66.2600	303.9900	164.8400
58.8400	304.6733	164.8400
53.3500	305.2567	164.8400
51.4400	305.0700	164.8400
66.2100	300.9900	164.8400
78.0400	300.6367	164.8400
77.8200	300.9167	164.8400
71.8300	301.5967	164.8400
65.7800	301.7967	164.8400
63.2800	301.8333	164.8400
60.3900	301.8200	164.8400
60.7700	301.2133	164.8400
75.8600	301.6033	164.8400
76.5500	302.4000	164.8400
68.3800	303.1233	164.8400
60.0000	303.6367	164.8400
53.7200	304.0033	164.8400
50.4400	304.2267	164.8400
49.3400	304.4833	164.8400
48.3000	301.3933	164.8400
46.6400	300.5100	164.8400
44.7000	301.6600	164.8400
42.9000	302.0767	164.8400
41.4100	302.8967	164.8400
40.2200	302.2033	164.8400
39.3600	301.8200	164.8400
39.1200	301.9267	164.8400
40.6300	301.4267	164.8400
44.8900	301.7467	164.8400
54.8500	301.8233	164.5000
79.2100	301.0467	164.5000
95.2100	300.5600	164.5000
146.7500	298.8767	164.5000
160.8100	298.3833	164.5000
129.1700	299.0367	164.5000
98.8100	299.4733	164.5000
75.4300	300.0000	164.5000
60.6700	300.6800	164.5000
51.2500	301.5733	164.5000
47.4200	301.6267	164.5000
49.1300	301.3000	164.5000
48.8100	301.0033	164.5000
46.4900	301.1800	164.5000
43.8400	301.5900	164.5000
41.4400	301.7233	164.5000
39.3800	298.2733	164.5000
37.7200	297.3233	164.5000
36.3800	297.7533	164.5000
35.3500	298.8333	164.5000
34.5800	298.5867	164.5000
34.0000	298.2633	164.5000
33.5800	299.2267	164.5000
33.3400	299.1400	164.5000
34.9600	294.1000	164.5000
38.2600	291.0200	164.5000
40.7100	292.4067	164.5000
41.2900	293.0867	164.5000
40.4800	292.6833	164.5000
39.0400	291.7533	164.4900
37.5200	292.4300	163.7700
36.1000	292.8267	163.7700
34.7700	293.4967	163.7700
33.6900	293.5500	163.7700
32.9100	294.4433	163.7700
32.8000	294.0933	163.7700
36.8000	287.8300	163.7700
40.7200	287.9000	163.7700
41.7500	289.3267	163.7700
40.8400	291.5933	163.7700
39.2000	292.8233	163.7700
37.4700	294.4233	163.7700
35.9800	294.2900	163.7700
42.5400	292.9267	163.7700
71.7500	292.2367	163.7700
77.1900	291.8167	163.7700
69.2300	290.6433	163.7700
59.7600	289.5133	163.7700
51.5000	289.3667	163.7700
45.1800	290.1833	163.7700
40.7000	292.2100	163.7700
37.6400	293.9167	163.7700
35.5500	294.0100	163.7700
34.1100	293.3367	163.7700
33.1600	293.3567	163.7700
32.9300	287.5267	163.7700
33.2200	284.3167	163.7700
33.5100	282.4767	163.7700
33.5400	284.0567	163.7700
33.3600	286.3767	163.7700
33.0000	287.6233	163.7600
32.6200	290.5733	163.3800
32.6600	292.1600	163.3800
33.4900	292.0700	163.3800
34.3400	291.1567	163.3800
34.7900	288.8367	163.3800
34.8800	287.7567	163.3800
34.8000	288.8100	163.3800
34.7100	288.9167	138.1900
34.6100	288.7533	34.6800
34.5100	288.5200	34.5800
34.4400	288.0333	34.5000
34.3700	287.7000	34.4200
34.3100	288.5767	34.3600
34.2500	288.0267	34.3100
34.2100	287.8667	34.2600
34.1800	287.5567	34.2200
34.1500	287.8200	34.1800
34.1200	289.0300	34.1500
34.1000	289.4133	34.1200
34.0700	288.1067	34.1000
34.1400	282.9833	34.1500
34.3000	284.3833	34.3300
34.5300	286.9333	34.5700
39.2400	289.0367	39.0500
51.9000	291.0733	50.2400
74.8600	290.5467	74.2000
75.0300	290.8867	79.0000
66.8200	291.7767	72.0500
58.6600	292.3367	63.3600
55.8700	291.8467	58.5500
68.9400	289.5367	68.1900
72.2100	288.2733	73.6400
69.5500	288.0167	72.0300
64.9800	288.1200	67.8500
59.8800	288.3200	62.7500
55.4500	288.7467	57.9200
52.1200	289.8167	54.0400
49.7500	290.1200	51.1700
48.0900	288.9333	49.1300
47.2000	287.1500	47.8700
55.5700	285.9633	54.1300
66.9700	286.7367	65.5200
68.9300	287.7567	69.9200
77.3800	288.9167	75.0900
114.2500	289.1167	108.6000
111.2200	287.8300	117.8600
92.6900	288.0867	102.1600
91.7600	287.3333	97.6900
97.5500	285.8667	102.9200
87.9900	285.1000	94.7900
76.4800	284.0167	82.5500
66.9700	283.5433	71.8800
60.0500	283.5900	63.7100
60.7000	282.9567	61.4100
65.5500	280.8333	65.3500
65.5000	279.5533	66.6900
62.4500	278.8200	64.5300
58.5900	278.5267	60.8600
55.0600	279.4900	57.0900
52.2500	277.3833	53.8900
50.1500	276.3600	51.4100
48.8200	275.6200	49.6200
50.7600	275.4367	49.7300
56.5300	274.7600	53.9800
61.4100	274.8233	59.7800
63.7000	275.6533	63.2900
65.5200	276.7800	65.3400
74.1000	277.1400	72.7800
83.2200	276.4967	82.5100
84.9200	276.1567	86.4200
81.2900	277.0700	83.9300
76.6500	278.8267	79.3000
72.7800	279.9333	74.9500
73.5400	279.2933	76.0800
74.8500	279.0767	77.9100
73.4800	279.5500	75.8600
71.6900	279.5367	73.4700
69.8400	279.7033	71.2700
68.1700	280.5600	69.3200
67.3200	281.9200	67.9300
103.6100	282.2567	88.6100
146.8000	281.3233	137.9900
151.7800	282.1167	153.6300
143.5600	283.1767	151.2500
130.2900	285.9867	139.9800
124.5200	286.7267	126.8400
153.8700	285.4600	147.2200
146.7000	285.2933	152.5100
124.6800	285.8633	134.4400
103.9300	286.5500	113.0900
88.4200	287.6467	95.3500
79.5400	288.6700	83.5400
75.8000	289.7567	77.6100
84.9600	287.8833	82.3500
99.7700	284.9700	96.1500
106.6900	283.7500	105.1200
108.0100	283.0200	108.1900
109.7800	281.8933	109.7000
160.4100	280.1833	147.1700
191.8000	278.9200	163.3900
167.4500	279.2167	163.3900
144.8100	280.2433	163.3900
122.9800	281.0667	163.3900
102.0700	281.0000	124.4000
84.7100	281.0733	92.3600
72.8400	281.1800	78.1800
64.7200	281.5167	68.6100
59.0500	282.8433	61.9300
54.9800	282.0300	57.1400
52.0500	281.1933	53.6700
49.9300	281.4133	51.1400
48.5900	284.0867	49.3900
56.0900	285.0400	53.6200
66.1500	285.4867	63.9900
67.0700	284.4400	67.7300
66.0100	283.4967	67.1600
63.9700	283.6233	65.4500
60.8900	284.3367	62.7000
57.9400	284.0000	59.6700
55.5000	282.1133	56.9900
53.4900	280.7733	54.7300
57.2500	280.7400	57.1000
114.1900	285.0633	103.2000
142.2700	282.2667	141.3200
139.2000	279.7700	143.3500
129.9500	279.5300	135.3400
115.7400	280.3233	122.5600
99.7800	282.1833	107.1100
85.5200	284.3900	91.8800
77.2900	284.9567	80.9100
76.0800	283.2600	77.5500
73.2800	283.1333	75.1400
97.0800	285.3933	89.2200
129.0400	286.8333	124.7200
124.5000	287.5667	128.8300
114.9500	289.2433	120.3200
106.4300	291.1733	110.4700
100.9400	293.0267	104.2800
91.5000	293.8800	95.9800
83.2500	294.2533	86.9800
96.8300	291.9167	94.6200
150.9100	288.8633	145.1700
147.8000	284.7767	154.1500
134.1400	284.0500	141.1800
119.7600	284.9600	126.7800
104.9700	287.3367	111.8200
103.4900	287.2400	104.9700
110.4700	285.8800	110.6100
106.4200	286.2233	109.5100
99.7100	287.7900	103.4100
100.5700	289.9333	99.6800
119.4200	290.5367	112.1600
141.8500	290.2367	134.6700
150.3000	291.1233	148.7400
146.0500	291.1800	148.6100
139.1300	289.5833	142.2500
133.9800	287.9700	136.3700
124.4100	287.1433	129.4300
103.4900	287.8567	112.5600
88.1300	289.1333	94.9400
89.6200	291.1433	92.1400
88.9100	291.9033	91.5400
87.2300	292.1933	89.1600
96.9000	292.0567	96.2100
119.6300	292.2133	116.8400
130.5700	293.0967	131.1400
125.8900	294.0333	130.0800
115.2900	295.2633	120.9300
103.2600	296.2633	109.1200
92.0400	297.1600	97.4000
83.2700	297.8133	87.3100
76.8200	298.5133	79.9300
71.8700	298.8967	74.3600
68.1900	297.4567	70.1200
65.3300	296.4367	66.9000
63.0200	296.3500	64.3200
61.0400	295.7933	62.2000
59.6000	294.0500	60.4400
59.2400	294.9200	59.6100
59.6000	296.5700	59.7500
63.0700	297.1867	62.1600
117.3700	296.4067	97.2000
188.0800	297.0567	162.9600
170.2000	297.5100	164.2200
142.1300	297.6733	164.2200
130.9100	296.8667	160.8300
130.5400	296.7933	134.7000
123.2200	297.4567	128.4700
111.4700	298.3700	117.4800
100.5800	299.2333	105.8900
92.4800	300.0667	96.4100
87.8800	300.8300	90.0800
86.2200	301.6200	87.2000
86.0300	301.8467	86.5000
88.1200	299.8367	87.6700
93.1400	297.5700	92.3700
93.4400	296.9800	94.2800
90.7100	297.7933	92.4300
96.1500	297.3600	97.5700
114.9100	293.8067	114.3300
117.9000	291.8900	120.6900
109.7000	291.6567	114.7600
99.7000	291.7233	104.8300
91.1000	292.0000	95.2800
85.3300	293.0500	88.0800
81.6900	294.7000	83.5300
79.3400	296.5733	80.6100
77.0800	298.2967	78.4700
68.1200	299.4767	72.7200
55.4400	300.4400	61.3500
49.4700	300.0567	52.7800
59.7800	298.7600	56.9700
80.5100	298.9800	69.8000
80.5500	299.9333	69.8900
72.1100	301.1233	69.8900
63.4900	302.4433	69.8900
58.6500	303.3800	69.8900
63.0000	303.0600	69.8900
67.1400	302.5667	69.8900
65.6900	302.5867	69.8900
61.2600	302.0767	69.8900
56.3000	302.1633	60.8800
52.0800	303.1667	54.5600
48.8000	304.4000	50.7900
46.3900	301.7500	47.9200
44.8000	300.8133	45.9200
44.9200	298.3900	45.3800
46.4700	299.4333	46.2800
47.4900	300.6800	47.4300
47.2000	302.0267	47.6500
48.4000	300.5067	48.8800
54.5600	300.8200	55.4200
55.0300	301.2133	57.0900
52.3800	301.2233	54.8900
49.7500	300.4767	52.3700
46.4000	300.8300	49.6300
42.4000	301.4067	45.5700
42.6200	301.7367	43.7900
48.9300	301.8433	46.6600
62.8700	301.0333	58.3500
75.7500	300.6500	69.6500
82.5900	300.7800	69.8900
78.2100	301.3900	69.9000
68.6500	302.2433	69.9000
61.2900	302.9933	69.9000
58.7500	303.4167	69.9000
60.2800	303.3233	69.9000
68.7100	303.8333	69.9000
68.6100	305.1200	69.9000
62.9300	305.4400	69.9000
56.3700	305.8067	62.1500
49.9200	305.8533	53.6500
44.8100	304.2933	47.8700
52.4000	302.6833	49.3100
78.9600	301.8633	66.8200
98.7500	301.2000	69.9000
97.3900	301.2200	69.9000
89.4600	301.2533	69.9000
75.6700	302.0367	69.9000
62.7800	303.1000	69.9000
53.2100	304.3767	69.9000
46.4700	305.5233	69.9000
42.1900	306.2367	69.9000
40.0100	305.0200	69.9000
39.7400	304.4533	58.1300
40.7600	304.4200	40.8800
42.4100	303.4400	42.6600
43.3700	303.1933	45.1000
42.4900	303.6667	44.8800
41.8000	304.1867	43.5000
42.7000	304.7200	43.4600
43.4400	305.0167	44.0900
45.6000	305.1200	45.5100
51.3600	304.1967	50.2200
52.2400	303.9867	53.2000
47.9700	304.7400	51.8400
42.1900	305.0400	46.6700
37.1400	305.5933	40.9100
35.3900	305.0533	39.1500
36.0600	305.1767	40.0800
33.7500	305.4933	37.3000
30.9300	305.8633	33.8000
28.6600	306.2433	30.8200
26.9700	306.9100	28.5700
25.6200	303.4600	26.8900
23.4800	303.5700	25.1400
20.2900	303.5367	22.5600
17.1900	303.6400	19.6100
15.1200	304.2000	17.2300
16.2100	303.8200	16.1100
24.2800	304.1333	19.8600
31.6600	304.0467	26.8800
41.7000	303.3900	35.9800
49.4700	303.5600	45.9200
51.3400	304.0300	51.7900
47.6100	304.6067	50.6400
41.9500	305.5900	45.6700
36.7400	306.4633	40.1500
32.7800	304.4467	35.5200
29.9600	302.1500	32.0400
27.9700	301.7400	29.5100
27.5100	301.1067	28.2200
32.9600	300.2133	32.5800
36.7800	301.2200	36.9700
36.3000	302.2567	37.7300
33.8400	303.0300	36.0200
30.6900	303.1200	33.2200
27.6500	302.4400	30.0800
25.2100	302.8800	27.2400
23.2900	302.8800	24.9600
20.9700	302.4633	22.8100
18.1500	301.4967	20.3000
15.4600	301.6600	17.6500
13.2300	302.4467	15.2200
11.4600	302.4467	13.1800
10.0900	302.7533	11.5300
9.0000	302.8033	10.2200
9.2600	301.4800	9.9000
12.3800	298.2300	11.7100
17.9500	298.1267	15.5100
24.3100	299.6467	20.8500
30.5400	300.7500	27.2300
33.4800	301.5800	32.2400
32.8000	301.9533	33.5500
34.5200	301.7200	34.2200
50.1800	301.3267	45.0700
85.2600	299.4900	66.2700
97.9400	298.9167	69.8700
82.9000	298.6767	69.8700
111.0100	296.6733	69.8700
138.5000	295.4400	69.8700
135.1100	295.0867	69.8700
109.0500	295.8700	69.8700
80.6400	296.9200	69.8600
59.7900	297.6867	69.7700
45.9500	298.7700	69.7700
36.8100	299.9400	69.7700
30.7600	299.3167	69.7700
26.7400	299.0800	69.7700
24.1300	300.2767	69.7700
23.0800	299.4767	69.7700
25.9700	296.5900	69.7700
30.8700	297.7767	69.7700
32.9700	297.7367	63.1800
32.3000	298.3767	32.9900
30.8200	298.7467	31.9400
29.4500	298.3767	30.6000
30.4400	296.6100	31.0900
34.4200	294.8400	35.2400
53.7200	292.6200	54.7000
66.7900	291.1567	67.4900
64.5000	290.1767	68.4300
55.1500	290.1367	60.7600
45.4900	290.7467	51.0200
39.9000	291.7967	45.1400
39.4300	293.2567	44.7200
36.4700	293.7967	40.8800
33.1000	293.6267	36.5200
30.3800	293.4667	33.0700
28.1800	293.5033	30.4300
27.2700	293.4867	29.2900
29.2000	293.6167	31.0000
31.5500	294.8633	33.1100
33.0100	295.5600	33.9600
33.9700	294.8633	34.6900
34.0600	293.4000	35.2700
32.9000	292.2800	34.4700
31.5100	289.8167	32.9700
30.4400	286.7000	31.5700
33.8400	289.0800	33.1400
56.1200	290.9700	48.4900
87.0900	288.2900	69.3100
87.4200	287.0433	69.7200
72.9600	286.8500	69.7200
57.8100	287.9267	69.7200
50.2900	289.8700	69.7200
86.5600	292.0967	69.7200
105.2300	289.1500	69.7200
90.6200	286.8433	69.7200
71.6900	286.0300	69.7200
57.8100	286.0833	69.7200
60.1200	285.6900	69.7200
61.2600	283.6567	69.7200
55.6500	283.4300	69.7200
48.5500	284.0900	69.7200
49.1600	284.7833	69.7200
64.4300	285.5933	69.7200
66.1700	283.8433	69.7200
58.5900	282.7033	69.7200
50.1200	282.7133	69.7200
42.7900	283.2100	69.5700
37.1000	284.0167	42.6200
32.9700	278.7733	35.6900
30.0800	278.5467	32.1100
28.1100	281.3200	29.5800
26.8100	279.1300	27.8300
26.7400	278.3933	26.9400
28.6400	281.4600	27.6500
31.1100	283.3967	29.6800
33.5200	282.0667	31.9800
45.8900	278.9633	40.2300
56.8100	278.1967	53.1100
56.9600	278.3133	57.6000
53.1700	278.9167	55.5000
48.7800	279.7233	51.3700
62.2800	280.7900	56.3500
97.4100	281.2500	69.6700
95.1900	281.1000	69.6700
94.3400	281.7233	69.6700
86.8500	280.9133	69.6700
74.5500	280.5733	69.6700
63.3100	281.0833	69.6700
54.7700	281.7400	69.6700
48.8200	282.3533	69.6700
53.0600	283.0700	69.6700
86.9700	281.9733	69.6700
93.0500	281.2567	69.6700
82.1000	282.0667	69.6700
80.1800	282.2333	69.6700
161.7800	285.2167	69.6700
166.1200	281.7600	69.6700
130.9000	280.2400	69.6700
100.3800	279.4933	69.6700
80.5600	279.3333	69.6700
70.8600	279.7033	69.6700
66.7500	280.7133	69.6700
71.5500	282.9367	69.6600
90.2600	284.3533	69.6600
101.9100	284.0533	69.6600
106.6500	281.6500	69.6600
105.0200	280.4133	69.6600
101.1500	280.4400	69.6600
97.5900	280.0833	69.6600
95.1700	279.3500	69.6600
93.8000	279.4333	69.6600
93.1000	280.7433	69.6600
93.1600	278.7333	69.6600
93.5800	277.8967	69.6600
93.3700	276.5067	69.6600
92.8700	276.5200	69.6600
92.2200	276.4967	69.6600
91.5600	275.9000	69.6600
91.6800	275.8567	69.6600
94.0600	274.9100	69.6600
94.9200	274.7067	69.6600
94.0600	275.1367	69.6600
92.6400	277.3967	69.6600
91.6700	280.4800	69.6600
101.7900	280.7633	69.6600
113.3300	278.2867	69.6600
111.3500	277.0267	69.6600
104.7300	276.6267	69.6600
98.3600	276.6133	69.6600
93.5900	276.5800	69.6600
90.6300	277.6533	69.6600
106.1200	280.8267	69.6600
165.0400	282.4533	69.6700
161.5900	282.1467	69.7200
144.3900	282.1900	69.7200
134.0600	282.7033	69.7200
126.9300	283.8833	69.7200
129.8400	282.9133	69.7200
134.1000	281.6567	69.7200
163.4300	280.6900	69.7200
209.9000	279.2700	69.7200
193.9000	278.0400	69.7200
169.6100	278.4567	69.7200
168.6200	279.1267	69.7200
164.0000	279.1067	69.7200
152.7000	279.5633	69.7200
142.9100	280.3733	69.7200
136.6800	282.3200	69.7200
136.5000	285.1533	69.7200
181.2900	286.0133	69.7200
212.0800	282.7367	69.7200
193.6500	281.6000	69.7200
171.1700	282.5133	69.7200
156.1800	284.1033	69.7200
192.2800	287.0500	69.7200
246.7000	287.6700	69.7200
228.7900	285.1600	69.7200
218.5800	284.9367	69.7200
250.5000	284.6333	69.7200
263.1400	285.0800	69.7200
291.0900	286.4300	69.7200
295.5700	286.4933	69.7100
288.6200	286.9500	69.7100
272.0700	286.2300	69.7100
252.5600	284.9000	69.7100
237.8000	284.9233	69.7100
242.3200	287.5167	69.7100
410.3400	287.3800	69.7100
525.8500	287.2200	69.7100
513.5900	288.0333	69.7100
434.4300	288.1867	69.7100
362.5800	287.1233	69.7100
317.8800	287.4133	69.7100
294.1900	288.9633	69.7100
293.1400	290.2167	69.7100
333.5200	289.5500	69.7100
410.3600	288.1867	69.7100
389.5600	288.8167	69.7100
402.8500	289.3367	69.7100
420.8200	290.6867	69.7100
409.6200	291.7467	69.7100
404.5400	291.5633	69.7100
392.3300	290.0600	69.7100
367.6000	289.0800	69.7100
337.2600	288.4867	69.7100
312.4100	288.8167	69.7100
295.6200	289.1500	69.7100
289.7200	289.7100	69.7100
293.2200	290.5533	69.7100
290.4900	291.3067	69.7100
287.2000	288.9100	69.7100
296.8400	284.4933	69.7100
291.9800	282.8567	69.7700
276.9100	283.9767	69.7700
259.3700	285.5867	69.7700
243.2500	287.2200	69.7700
231.6100	288.9567	69.7700
225.5800	290.6100	69.7700
241.9100	292.3300	69.7700
403.5800	293.1533	69.7700
437.7900	291.9933	69.7700
403.2200	289.0300	69.7700
347.8000	286.6067	69.7700
301.7800	286.8100	69.7700
268.9000	287.6867	69.7700
244.8600	289.4833	69.7700
227.2500	291.0533	69.7700
214.3500	291.5067	69.7700
205.0300	291.5533	69.7700
198.1000	292.1733	69.7700
192.3900	293.1167	69.7700
188.3600	294.0833	69.7700
185.8300	294.7433	69.7700
191.6400	293.7500	69.7700
197.6300	291.2100	69.7700
192.5100	290.1533	69.7700
247.4900	289.9967	69.7700
447.5200	290.8967	69.7700
451.5300	291.1333	69.7700
394.4500	291.8300	69.7700
316.0600	293.2267	69.7700
251.5800	294.4500	69.7700
206.8800	295.2100	69.8300
177.5300	295.8767	69.8300
162.6300	296.5000	69.8300
196.0500	296.4100	69.8300
222.7900	297.0600	69.8300
217.0700	297.5333	69.8300
218.0300	298.0500	69.8300
327.6400	298.2867	69.8300
717.6500	298.6433	507.5400
759.2200	298.6467	778.5000
555.5500	298.7400	614.2700
401.9400	297.2700	444.1400
329.5300	294.7967	354.2500
287.6500	294.0667	303.0000
310.2200	292.4000	311.5000
350.4000	293.9700	350.7300
352.2400	295.6400	358.2300
354.8600	296.9033	359.0600
460.8200	296.7233	431.9400
531.3700	296.5033	524.4500
516.8400	295.6133	529.1400
471.0400	295.4400	487.1800
540.6600	294.9667	529.9700
543.6400	294.8967	554.5300
490.4100	294.5600	509.3800
440.9300	294.9767	456.8900
413.7500	295.1033	424.9600
393.5000	294.3900	401.9600
379.8200	294.1200	385.8800
367.0200	294.2233	372.8900
352.4200	294.7667	358.6600
336.9800	295.9700	343.3400
322.0500	295.5500	328.1600
311.4900	295.9667	315.4400
355.7000	296.3000	343.4000
387.5700	296.3567	384.7700
374.6300	296.0933	382.7600
358.3300	296.1033	367.8500
383.4900	296.4200	388.0000
393.9100	297.4700	396.6500
381.0600	298.2267	389.2000
341.7200	299.0700	356.5100
299.2100	299.1367	313.2500
280.0000	298.4167	288.0100
306.6600	297.9100	305.4300
339.1400	298.1033	338.1800
346.8000	298.7533	350.3800
324.2900	299.6400	334.9100
308.6100	299.8833	315.7500
420.5100	299.1000	392.2400
532.7600	299.0367	515.5600
522.3800	298.8733	536.2900
439.7300	298.4300	466.7400
361.0200	298.1833	384.6900
307.8700	298.8933	324.2300
276.0800	299.9033	286.4200
257.0000	300.6233	263.6600
244.3500	301.2567	249.1000
238.0300	301.3233	240.1900
240.7100	301.0533	240.9900
247.1400	300.8667	246.4500
326.9700	299.5367	305.7300
634.6200	297.6567	591.5500
668.9700	297.5833	681.9900
581.8300	298.0967	612.7900
471.0600	298.1867	507.7000
392.7400	298.2567	420.3900
339.3800	298.8600	357.8300
310.5600	299.8467	320.7400
295.3100	300.8567	301.5800
279.8000	301.6400	286.1700
264.8000	301.9633	270.5600
265.2900	301.7933	267.0700
279.6100	301.7100	278.4700
292.0500	301.0100	293.3400
316.0100	300.6067	316.9100
314.6300	300.8667	319.3600
296.8500	301.1633	305.2700
267.1300	301.7233	278.4900
236.9700	302.2200	247.9400
216.4200	301.8667	225.0700
203.9000	301.7800	211.1900
190.6100	301.7233	198.3200
190.3500	301.1367	196.3200
204.0800	300.0867	201.9100
214.8400	299.9833	215.2200
219.3700	299.9800	220.7900
206.1600	299.9500	213.2000
181.1200	300.2767	197.5400
156.1300	300.5367	196.3200
138.6600	300.8000	196.3200
139.0700	300.9667	196.3200
146.6800	300.5233	196.4200
153.1300	300.2467	196.4200
151.3700	300.1300	196.4200
146.1400	300.2367	196.4200
148.3900	300.4200	196.4200
176.2800	300.3100	196.4200
240.9900	299.9667	196.4200
231.5200	299.7767	196.4200
199.8900	300.1600	196.4200
168.2500	300.6667	196.4200
139.4900	301.2933	196.4200
115.8900	301.6167	196.4200
101.0100	301.1133	196.4200
96.5400	300.9167	196.4200
97.9700	301.5933	196.4200
97.1600	302.0367	196.4200
115.6700	301.6267	196.4200
144.2700	301.7167	196.4200
142.0000	301.8400	196.4200
131.3400	302.1233	196.4200
115.1900	302.2467	196.4200
98.1600	302.2733	196.4200
82.9900	302.4100	196.4200
72.2900	303.0800	196.4200
65.7500	304.2633	196.4200
62.0300	304.8167	196.4200
59.7300	305.3933	196.4200
58.8300	305.4600	196.4200
61.5400	305.2033	196.4200
62.6000	305.2167	196.4200
60.7700	305.1067	196.4100
58.4000	305.4300	195.9800
55.8600	305.7633	195.9800
53.2000	305.7967	195.9800
51.3200	305.4633	195.9800
50.5400	304.8333	195.9800
50.7400	304.1400	195.9800
51.2100	302.4100	195.9800
52.8900	299.9900	195.9800
53.9100	299.7000	195.9800
53.3000	300.1000	195.9800
51.9600	299.8467	195.9800
50.4400	300.0733	195.9800
49.0500	300.2433	195.9800
47.8800	300.8667	195.9800
47.0500	301.5033	195.9800
46.8000	300.9833	195.9800
46.6600	298.3667	195.9800
46.3700	296.2367	195.9800
45.9100	296.8233	195.9800
45.3600	298.6700	195.9800
44.8100	299.1033	195.9800
47.8200	298.4800	195.9800
55.3200	297.5333	195.9800
57.5700	297.5333	195.9800
56.8000	297.8733	195.9800
54.5300	298.8633	195.9800
51.7800	299.7933	195.9800
49.2100	300.2400	195.9800
47.9500	299.9333	195.9800
48.2800	292.2867	195.9600
48.6800	292.1133	195.0300
47.9900	291.0667	195.0300
46.3800	289.5533	195.0300
44.6600	293.4867	195.0300
43.2100	294.4567	195.0300
42.0900	294.5533	195.0300
41.3800	294.9600	195.0300
41.8200	294.7467	195.0300
43.8000	294.2633	195.0300
45.6600	294.2800	195.0300
47.6400	293.6200	195.0300
49.9400	294.2800	195.0300
49.7900	295.4700	195.0300
48.2000	296.4367	195.0300
46.1900	296.2800	195.0300
44.3200	295.6133	195.0300
42.7900	290.9000	195.0300
41.5800	291.3400	195.0300
40.7000	290.9067	195.0300
40.0800	292.8567	195.0300
39.6500	293.5967	195.0300
39.3000	293.8500	195.0300
38.9600	291.9033	195.0300
38.6300	292.6433	195.0300
38.3200	293.0667	195.0300
38.0400	294.1300	195.0300
38.3000	292.4900	195.0300
39.3500	288.8567	195.0300
40.3900	289.6900	195.0300
40.9800	291.5167	195.0300
40.9600	291.8533	195.0200
40.5600	293.2400	194.5400
40.5000	293.2400	194.5400
41.1700	292.8067	194.5400
41.7400	293.9467	194.5400
42.3400	295.5200	194.5400
43.9900	295.0433	194.5400
45.7500	293.9700	194.5400
47.3400	291.4733	194.5400
48.1300	290.8500	194.5400
47.8400	288.5733	194.5400
46.8100	290.1233	194.5400
45.5400	292.5600	194.5400
44.3400	290.8600	194.5400
43.3200	283.5367	194.5400
42.5100	287.0533	194.5400
41.8800	289.8500	194.5400
41.4000	293.6800	194.5400
41.0300	292.4500	194.5400
75.7300	291.4000	194.5400
158.4100	288.2267	194.5400
152.0000	287.5133	194.5400
119.8700	287.7667	194.5400
89.8400	287.9767	194.5400
70.4900	288.4600	194.5400
65.7000	285.5567	194.5400
64.0000	283.4867	194.5400
61.0500	283.8167	194.5400
86.9100	287.2533	194.5400
128.3800	284.4633	194.5400
118.8100	281.9067	194.5300
96.7200	281.3933	194.0300
79.1600	281.3700	194.0300
69.2900	281.2900	194.0300
63.2300	281.7367	194.0300
59.9900	282.2667	194.0300
58.1900	282.3100	194.0300
56.9700	280.1967	194.0300
55.9700	279.6300	194.0300
55.0200	281.2567	194.0300
55.5300	283.3233	194.0300
68.0600	280.5533	194.0300
78.2000	279.1767	194.0300
78.5800	278.9267	194.0300
74.6000	279.6800	194.0300
72.0600	279.8967	194.0300
69.6900	279.6300	194.0300
67.5900	280.1800	194.0300
70.0600	278.9633	194.0300
70.6700	278.8433	194.0300
68.2300	278.5300	194.0300
64.6400	278.0700	194.0300
61.1900	278.0200	194.0300
58.4200	280.1067	194.0300
62.5000	281.7900	194.0300
78.7200	279.2467	194.0300
83.3300	278.2733	194.0300
79.0900	278.4267	194.0300
72.4700	278.7433	194.0300
66.4500	279.5433	194.0300
63.5700	281.1633	194.0300
68.4000	280.9100	194.0300
71.7200	280.8733	193.9500
74.3300	281.7567	193.9500
77.5000	283.2300	193.9500
77.6400	284.8000	193.9500
75.9100	286.2300	193.9500
80.6800	284.1900	193.9500
93.1300	280.2667	193.9500
95.8800	278.8900	193.9500
92.5000	278.6167	193.9500
90.7900	278.7900	193.9500
89.0100	278.1800	193.9500
85.8900	277.9200	193.9500
82.2600	278.2900	193.9500
78.9300	279.0267	193.9500
76.2700	280.2300	193.9500
74.3300	278.1900	193.9500
72.9700	279.7633	141.2000
74.8800	283.4400	74.8900
83.4900	283.6467	82.9400
87.5600	281.4033	87.8800
86.5800	280.2833	88.0800
83.4600	279.9500	85.4000
80.1100	279.7600	81.9400
77.3400	279.6433	78.8200
75.7500	280.9733	76.7200
82.7100	283.5167	81.1000
101.9500	284.3767	98.5100
108.0200	282.3800	108.3100
102.7000	280.8267	106.2900
93.8700	280.5100	98.3900
86.0500	280.4033	89.6600
81.3300	280.4333	83.4900
84.1600	280.4500	82.8000
91.5500	279.8133	88.8000
95.9900	277.9367	94.4900
97.6800	280.9667	97.1900
100.6300	287.2833	99.6400
156.0800	284.9767	142.4800
187.4900	280.8400	186.0500
169.6000	279.8133	179.1400
144.7400	280.4667	155.2400
125.9000	281.3067	133.8700
122.5700	281.5967	125.6200
150.2400	282.3133	146.3700
158.9400	282.4933	160.2900
155.6100	282.2300	160.0900
150.3300	281.6000	155.2600
141.0600	281.5767	146.5400
129.8900	281.6567	135.2800
120.5200	281.6233	124.8900
114.0600	281.9767	117.1300
110.3100	283.4367	112.1900
108.6300	283.9867	109.5900
108.3400	284.2267	108.6800
111.7200	283.7200	111.8500
118.9600	284.1333	119.1600
136.7500	281.6100	135.3400
164.3700	279.2833	162.5300
163.7700	279.8067	168.2000
151.0000	281.0967	157.3300
142.6400	283.3533	146.4200
139.9700	285.5467	141.7000
138.3700	287.4067	139.5800
136.9800	289.0400	137.9900
136.0800	290.4233	136.8300
142.3700	290.8033	140.9000
150.5100	289.9533	149.2700
150.2100	288.4067	151.5100
145.8100	287.6267	148.1900
141.2300	286.6933	143.4500
137.9600	286.4767	139.6000
135.9100	286.4400	137.0200
132.4600	286.6467	134.6300
113.7400	287.7567	122.4700
90.2700	288.6967	100.0600
78.7900	289.0000	84.1100
75.8200	288.6033	78.1500
75.1300	289.3633	76.2300
74.8300	290.5867	75.5700
74.2400	291.7033	74.9700
74.5500	290.2200	74.7600
76.0900	287.6967	75.8000
77.0000	286.6233	76.9400
76.2200	287.0933	76.8900
73.8600	288.3067	75.1900
70.7700	289.8633	72.4200
67.6800	291.2200	69.3500
64.9400	292.4200	66.4800
62.6400	293.4767	63.9800
61.5300	293.2133	62.2700
62.9500	290.9600	62.5500
65.9700	290.0433	64.8300
68.7200	289.5667	67.7300
69.6300	289.2767	69.5000
68.1400	288.6533	69.0800
64.9800	288.5633	66.6600
61.2400	289.0633	63.2000
57.8800	290.3733	59.7800
57.4700	291.2133	58.8700
58.5100	291.3800	59.3500
58.5100	292.0933	59.4400
57.3400	292.6200	58.5600
60.6500	292.5100	60.4300
88.9600	287.9867	80.3600
118.5200	286.7600	108.8400
133.2100	287.3533	129.0400
131.0100	288.5300	132.9900
117.8100	289.7367	124.2700
96.2000	291.0633	105.9300
76.1300	292.3467	84.7000
63.0000	293.3333	69.1200
54.3100	294.4533	58.7600
48.3300	295.6167	51.6400
44.0900	296.9000	46.6000
41.0400	296.3167	42.9600
39.1400	293.8100	40.4500
45.6600	292.0000	43.5000
59.8500	291.7200	54.9600
71.5700	291.8733	67.1500
80.0600	293.1133	77.6200
84.9000	294.1000	85.7800
94.0600	294.8533	93.4300
133.1000	292.5867	126.2600
141.5100	290.7567	143.4500
128.9700	290.6600	135.8700
112.9500	291.9533	120.4400
99.8400	293.6500	105.9500
90.1600	295.3867	94.8100
77.3200	297.0900	83.5700
60.9900	298.6267	68.4200
49.2300	297.5900	55.0700
42.5900	296.3933	46.3700
39.6300	296.0633	41.8600
42.5100	297.0800	43.0200
50.5000	297.8133	49.6900
52.6100	298.3700	53.3500
50.4200	298.9500	52.4300
47.9000	299.4933	49.8500
52.3700	299.3767	52.7300
80.4800	298.5800	74.9900
99.9600	299.0200	95.5000
107.2400	299.3967	106.2900
100.5700	299.5633	105.2300
84.7500	300.1767	92.3100
70.2600	301.0867	77.0100
58.9900	302.0933	64.6200
50.1500	302.7667	54.8700
43.0900	300.8000	47.0900
37.5500	299.9800	40.9000
34.8300	299.2567	37.1500
33.8700	301.5667	35.3800
41.0900	300.8533	38.7300
52.5000	299.3567	51.1000
58.2000	299.3600	59.0100
66.0300	299.3700	65.4500
74.1700	299.4200	69.8800
73.0000	299.9133	69.8900
66.4100	300.7800	69.8900
59.7500	301.3067	69.8900
53.8300	301.9467	59.8000
49.2000	302.3967	52.0400
45.9000	303.5200	48.0200
43.4100	301.5567	45.1100
39.4500	301.6033	41.9500
34.8100	300.8767	38.0900
41.9000	301.0467	46.5500
57.5400	300.8100	59.5000
65.6300	301.3300	66.3300
65.9100	302.1600	68.0600
62.3200	302.6000	65.2700
58.2800	303.3800	61.2100
54.0100	304.1467	56.7900
50.1000	304.4967	52.5300
47.1000	304.9967	49.0100
46.3400	304.2500	47.7400
56.3500	302.2833	59.1200
61.8600	300.9000	65.4000
61.3500	300.5333	64.9200
59.5600	300.7000	62.6900
57.4600	301.0733	60.3100
54.7500	301.4767	57.4800
52.0400	301.9167	54.3800
52.7200	301.9400	53.5900
58.8800	301.8800	57.9500
66.0000	301.7933	65.8200
64.4800	302.8400	66.9600
57.9300	304.0533	61.9100
51.4000	304.7000	55.1100
48.4500	305.2067	50.8500
48.7300	305.3533	50.6300
48.0900	305.4000	49.9200
45.9800	306.1567	47.9500
43.2400	307.2933	45.2600
40.9200	304.4567	42.8500
39.9500	305.0400	41.9400
38.6600	306.3733	40.4800
37.7700	307.3367	39.0500
43.6700	305.7833	43.6700
58.0500	303.1700	58.3500
63.9500	302.5900	64.5500
64.5500	302.8433	66.1300
59.8400	303.6133	62.9900
53.3400	304.8600	57.0300
47.2700	306.3167	50.7300
42.4300	305.9500	45.3100
38.8300	304.6700	41.0800
38.0400	303.5833	39.4900
69.9800	302.2233	58.0600
105.5000	301.8900	69.9000
92.9000	302.5933	69.9000
74.8100	303.3233	69.9000
61.1600	303.7467	69.9000
51.6800	304.3000	69.9100
44.7700	304.9633	69.9100
39.6800	305.8700	69.9100
35.9300	304.3633	56.4400
32.9600	303.1733	34.9800
30.7600	301.3833	32.4000
29.6000	300.2033	31.0000
28.5500	299.9133	29.8300
27.4700	301.5167	28.6200
27.4800	301.7600	28.2700
54.8000	301.3200	53.4900
69.8600	300.6967	69.4100
101.5700	299.1267	69.9100
107.7300	297.8533	69.9100
90.3200	297.8900	69.9100
70.3400	298.8000	69.9100
54.6100	299.8867	69.9100
43.7100	301.1500	69.9100
36.5000	302.0733	69.9100
31.7800	300.3600	69.9100
30.9400	299.3633	51.7000
34.6900	300.5033	35.2000
40.0700	300.6367	39.4200
46.9300	300.8900	46.6800
46.6400	301.8933	48.4100
44.2600	302.5533	46.5200
44.5200	303.2433	45.3900
45.8100	304.1767	46.0000
44.5700	304.5967	45.7600
42.0100	300.6633	44.7500
41.3300	301.8500	44.2800
39.5300	302.9467	42.2600
37.5600	303.0700	40.2600
41.8300	302.2600	44.3000
48.7100	301.1133	50.7100
50.3000	300.6500	52.1400
47.7000	301.3000	50.3500
46.0800	300.5267	48.3800
67.1100	298.1133	63.1100
80.2400	297.8933	69.8700
74.6600	298.8467	69.8700
61.6800	299.9233	69.8700
49.2200	300.5800	69.8700
39.7300	301.1300	48.1300
33.0700	298.1933	37.2400
28.5400	297.7333	31.6600
36.8600	298.0633	34.3700
297.7200	296.8600	69.8700
294.1900	296.7633	69.8700
186.3300	296.2367	69.8700
117.0800	295.8133	69.8700
75.0000	295.6500	69.8700
52.5400	296.0433	69.8700
40.0300	296.9133	69.8700
32.5800	297.9600	69.8700
27.9900	296.0367	69.8700
25.0400	295.5467	69.8700
23.1200	296.4433	69.8700
21.8300	296.4500	69.8700
20.9500	295.9733	69.8700
20.3800	296.0767	69.8600
20.0100	296.4167	69.7700
19.7200	297.9733	69.7700
19.4400	298.7567	69.7700
19.1600	296.5167	69.7700
18.9300	295.8333	69.7700
18.7600	297.1700	69.7700
18.6500	297.2800	69.7700
18.5600	295.8867	25.6900
18.5000	296.0767	18.5900
18.4600	296.7367	18.5300
18.4500	296.8300	18.5000
18.7300	296.9633	18.6200
19.9100	295.7833	19.4400
21.2900	293.1600	20.6900
22.1900	290.7033	21.8200
22.5100	290.5767	22.5400
22.3800	293.2033	22.7100
21.9800	295.8333	22.4700
21.5300	296.0733	22.0500
37.8400	295.4200	32.6500
87.5800	296.7267	66.5300
97.0400	296.9000	69.7700
81.0900	296.8167	69.7700
64.4400	296.4733	69.7700
61.4100	296.2767	69.7700
54.4600	296.5267	69.7700
46.1000	296.9533	69.7700
38.9900	297.2500	69.7700
34.4100	297.4967	45.1400
34.0600	297.6300	34.9200
34.7800	298.1333	34.8200
34.3100	297.5833	34.8000
32.7800	297.0467	33.7800
39.8400	296.1533	38.9700
58.1300	296.2867	55.4200
72.3300	293.9133	68.7700
74.1700	291.2967	69.7200
65.6400	290.0767	69.7200
54.9000	289.9833	69.6200
45.6600	289.8300	51.8000
38.7300	289.3467	42.8600
34.0400	288.7000	37.1200
37.8200	290.1967	38.7200
53.2400	290.8400	51.9300
59.6700	290.2967	60.4400
56.1400	289.0000	59.4100
49.5200	288.1433	53.6300
42.9000	288.1533	46.8900
37.4400	288.5833	40.8500
33.3400	288.2933	36.0500
30.7300	288.6767	32.7300
29.9800	289.6800	31.2100
35.6900	290.3700	34.8100
57.0600	291.6233	52.9300
92.9700	292.6133	69.5600
141.6500	291.3667	69.7200
138.2500	287.3367	69.7200
106.4400	285.4033	69.7200
83.1800	284.4933	69.7200
72.0900	284.0600	69.7200
61.2600	284.1933	69.7200
53.5200	285.0933	69.6700
55.7600	283.6567	69.6700
58.3300	282.5267	69.6700
57.2400	282.1100	69.6700
53.5700	282.3200	69.6700
51.9000	283.2767	69.6700
57.8400	286.4800	69.6700
66.2300	287.7467	69.6700
70.6100	288.2800	69.6700
84.2100	289.6400	69.6700
101.2700	288.7033	69.6700
98.7300	286.6400	69.6700
85.4400	285.6900	69.6700
72.0400	284.7167	69.6700
62.5800	283.0433	69.6700
57.1000	281.7933	69.6700
54.5000	280.2233	69.6700
53.6700	280.4933	69.6700
53.7700	279.0633	69.6700
54.2500	276.0300	69.6700
54.7900	277.1900	69.6700
55.4100	280.1033	69.6700
76.4300	284.3433	69.6700
143.8200	280.0800	69.6700
149.0200	278.2167	69.6700
123.9900	277.7700	69.6700
98.9900	277.4467	69.6700
82.3800	277.3800	69.6700
74.0800	277.5600	69.6700
70.4400	278.6333	69.6700
69.1400	280.2433	69.6700
69.1000	282.3567	69.6600
72.8700	284.8800	69.6600
79.7600	286.2067	69.6600
84.1200	287.0333	69.6600
85.7000	287.5800	69.6600
86.1900	288.6133	69.6600
87.6400	288.2700	69.6600
91.8000	289.7767	69.6600
99.5500	289.3367	69.6600
104.7700	288.2067	69.6600
103.1100	288.2500	69.6600
98.4600	288.7267	69.6600
93.9000	289.2500	69.6600
107.5900	288.2167	69.6600
142.8200	284.3967	69.6600
144.4800	282.7333	69.6600
128.1900	281.5200	69.6600
111.4300	279.9600	69.6600
100.0500	278.8333	69.6600
93.7100	278.3100	69.6600
90.6300	278.9867	69.6600
89.2800	281.2467	69.6600
88.4000	282.1900	69.6600
87.5400	280.6133	69.6600
87.0000	279.5967	69.6600
86.6900	280.3800	69.6600
86.5100	282.0333	69.6600
86.1900	282.1633	69.6600
85.7400	280.6067	69.6600
85.7900	279.2767	69.6600
98.8400	278.6033	69.6700
138.7700	278.7033	69.7200
163.5700	279.1267	69.7200
192.9600	278.3767	69.7200
199.7200	278.6867	69.7200
177.1900	278.8733	69.7200
152.0400	279.3633	69.7200
133.8100	280.4000	69.7200
123.0500	282.0300	69.7200
119.9700	283.6667	69.7200
156.3200	285.1700	69.7200
178.6500	281.9500	69.7200
165.7200	280.7133	69.7200
147.3800	281.4733	69.7200
136.4800	282.9200	69.7200
151.7800	285.5767	69.7200
163.2400	286.9400	69.7200
156.5300	287.4267	69.7200
145.1700	285.3767	69.7200
136.8100	283.6100	69.7200
132.6300	283.2333	69.7200
133.7100	284.6800	69.7200
152.6000	288.3267	69.7200
168.0500	290.1433	69.7200
180.8800	290.6167	69.7200
212.2000	289.3733	69.7200
203.8100	287.0533	69.7200
178.7400	286.1067	69.7200
178.0000	284.4767	69.7200
213.3400	283.2333	69.7100
212.0700	281.0767	69.7100
195.1100	280.3400	69.7100
179.7800	280.4933	69.7100
170.8000	281.1367	69.7100
166.7900	282.1267	69.7100
165.4900	282.3133	69.7100
177.8800	283.4200	69.7100
235.7100	281.5800	69.7100
237.9500	280.6733	69.7100
214.6800	281.0300	69.7100
194.1100	281.2733	69.7100
181.2600	282.7667	69.7100
175.6100	285.2400	69.7100
183.5100	285.4033	69.7100
192.5500	285.2967	69.7100
216.6500	284.5433	69.7100
220.2900	283.4867	69.7100
203.4600	283.2433	69.7100
187.7600	283.5767	69.7100
177.8400	285.0867	69.7100
172.7900	286.3200	69.7100
206.6400	288.0733	69.7100
277.6600	288.4500	69.7100
262.1200	288.3167	69.7100
224.1700	289.6433	69.7100
230.7100	291.1733	69.7100
399.6200	290.6733	69.7100
406.8800	287.8500	69.7100
318.9100	287.8367	69.7100
277.6400	288.8533	69.7100
422.9100	290.6000	69.7700
502.5200	290.2967	69.7700
452.4000	286.5367	69.7700
414.7900	286.1833	69.7700
406.8500	287.6133	69.7700
401.3500	288.6400	69.7700
415.5600	289.9067	69.7700
447.4500	290.3200	69.7700
425.3500	290.2367	69.7700
388.5700	291.3233	69.7700
358.9700	291.9100	69.7700
341.1600	291.6100	69.7700
338.0400	290.6500	69.7700
321.1100	288.8900	69.7700
301.9100	287.9433	69.7700
284.5100	287.6867	69.7700
270.1500	287.2767	69.7700
264.1800	288.2333	69.7700
280.7400	289.2333	69.7700
289.1000	289.9833	69.7700
281.6800	290.8100	69.7700
279.8000	291.8167	69.7700
282.0600	292.5633	69.7700
282.0300	289.7233	69.7700
281.9100	286.6800	69.7700
275.2400	286.0300	69.7700
314.3900	286.8767	69.7700
340.9400	287.2167	69.7700
318.0400	287.9000	69.7700
290.3100	289.7000	69.7700
397.1000	290.8900	69.8300
408.5800	289.0033	69.8300
372.6000	288.3533	69.8300
322.1800	287.4000	69.8300
275.8100	288.0900	69.8300
242.3900	288.9867	69.8300
220.4900	289.7867	69.8300
207.0200	290.9900	69.8300
198.6100	292.2800	69.8300
191.9000	293.3633	69.8300
185.2200	294.5867	69.8300
179.2700	295.6700	69.8300
174.6300	296.4167	69.8300
169.6800	296.8333	69.8300
164.6900	296.7400	69.8300
179.5900	295.7333	69.8300
195.8200	294.7633	69.8300
193.7400	294.9400	69.8300
178.0700	295.8467	69.8300
156.7000	296.7000	69.8300
141.1500	296.9400	69.8300
138.3800	296.7700	74.9200
136.6200	297.0800	138.4000
136.4700	298.0167	137.6100
129.9300	297.9933	133.6900
116.3400	297.2133	122.6000
101.0000	297.0733	107.9300
87.8800	297.7433	93.6600
80.3600	298.7667	83.7400
85.2300	297.9867	83.7600
133.4600	296.3800	121.2400
209.0500	295.0200	201.2400
243.0800	294.2833	249.2300
230.7700	294.8933	241.4100
210.0700	295.7967	220.4200
180.6100	296.5933	198.5100
149.6800	297.5800	196.2200
122.1500	298.7167	196.2200
109.5600	299.6233	196.2200
119.7800	299.9500	196.2200
141.8100	300.1600	196.2200
141.0600	299.3067	196.2200
144.1100	297.0267	196.2200
151.7400	297.2500	196.2200
140.8800	298.8733	196.2200
124.4800	300.3767	196.2200
106.6400	301.3767	196.2200
90.0400	301.9367	196.2200
79.6800	302.4733	196.2200
74.4100	302.7467	196.2200
71.6600	302.9400	196.2200
70.0900	300.6200	196.2200
71.7400	300.7600	196.2200
78.9200	301.5867	196.2200
81.3100	302.6167	196.2200
79.3800	303.0067	196.2200
76.1400	303.3667	196.2200
73.2000	303.9067	196.2200
73.7200	302.9500	196.2200
88.1400	301.5533	196.2200
107.0600	301.2000	196.2200
110.2300	301.2100	196.3200
102.4500	301.8467	196.3200
101.7000	302.1867	196.3200
101.5700	302.2033	196.3200
93.1800	302.5767	196.3200
86.7000	302.8733	196.3200
148.7800	299.9733	196.3200
272.6500	298.8000	196.3200
238.2700	299.6500	196.3200
174.6600	300.2633	196.3200
196.3000	298.6900	196.3200
262.2800	298.4700	196.3200
276.0700	299.4000	196.3200
265.1200	299.9800	196.3200
254.0800	300.0167	196.3200
238.2900	299.6500	196.3200
209.8900	300.2033	196.3200
170.5600	301.1600	196.3200
134.7100	302.0767	196.3200
109.9100	303.0333	196.3200
98.3200	303.8433	196.3200
98.4400	303.8933	196.3200
106.0400	304.5633	196.3200
105.2800	305.2900	196.3200
98.6800	306.0367	196.3200
91.3700	306.6467	196.3200
86.0100	307.3267	196.3200
83.2400	306.9767	196.3200
86.6700	305.9767	196.3200
102.6700	304.6767	196.3200
117.1800	303.6067	196.3200
123.2400	302.6300	196.4200
120.0100	302.0333	196.4200
111.1600	301.8067	196.4200
99.6900	301.9567	196.4200
88.5700	302.7133	196.4200
80.9500	302.9367	196.4200
78.8800	302.5067	196.4200
85.6500	301.9800	196.4200
96.2700	301.4633	196.4200
103.6800	301.4933	196.4200
116.2400	301.6433	196.4200
140.2000	301.9200	196.4200
153.6800	302.0067	196.4200
162.5100	301.5867	196.4200
169.1200	301.8300	196.4200
154.2100	302.6067	196.4200
138.7900	302.6700	196.4200
129.9100	302.5133	196.4200
122.3900	302.7900	196.4200
118.2500	303.1933	196.4200
110.2000	303.8033	196.4200
100.3300	304.5267	196.4200
89.2600	305.0300	196.4200
80.1000	305.4767	196.4200
77.7500	305.0533	196.4200
82.2600	304.3300	196.4200
81.3400	304.2200	196.4200
76.5000	304.7433	196.4200
71.2000	305.1533	196.4200
72.6400	301.8600	196.4200
90.3900	301.4433	196.4100
97.8500	301.3800	195.9800
91.4100	301.3833	195.9800
80.3000	301.7733	195.9800
71.9200	302.2233	195.9800
65.6100	302.1467	195.9800
60.5800	302.1533	195.9800
57.2200	300.1033	195.9800
55.1400	299.6867	195.9800
53.8200	298.6733	195.9800
52.9300	298.5200	195.9800
52.2200	298.1100	195.9800
51.6500	298.8267	195.9800
51.1600	299.5700	195.9800
50.7100	299.6133	195.9800
50.2800	300.4667	195.9800
49.8900	300.6767	195.9800
49.5000	299.9567	195.9800
49.2500	299.9267	195.9800
49.5100	300.8367	195.9800
50.1200	301.0033	195.9800
50.3900	300.9933	195.9800
50.0900	300.1100	195.9800
49.4400	300.2067	195.9800
48.6600	300.6200	195.9800
47.9200	300.4467	195.9800
49.5800	298.2433	195.9800
66.9100	296.8933	195.9800
75.7400	298.5333	195.9800
73.5600	299.1567	195.9800
67.4900	299.7667	195.9600
61.0800	300.3567	195.0300
55.5800	300.7567	195.0300
51.2900	301.6867	195.0300
48.2400	298.8333	195.0300
46.1800	298.0867	195.0300
45.4100	296.8233	195.0300
58.4200	295.5733	195.0300
98.3100	294.1367	195.0300
128.9500	294.0600	195.0300
119.0900	294.2033	195.0300
96.2100	294.7767	195.0300
76.1200	295.5167	195.0300
62.9300	296.1033	195.0300
54.6500	296.7367	195.0300
49.5000	295.4467	195.0300
46.2300	292.9467	195.0300
44.1200	290.5467	195.0300
42.6800	292.7133	195.0300
41.7200	294.8700	195.0300
41.0600	295.2467	195.0300
40.5800	294.9700	195.0300
40.2300	293.7333	195.0300
39.9900	289.9300	195.0300
39.8800	288.4533	195.0300
39.8200	287.2033	195.0300
39.7600	286.5167	195.0300
39.6400	287.0300	195.0300
39.5000	288.2267	195.0300
39.2900	286.4433	195.0300
39.1000	286.7000	195.0300
38.9100	287.3767	195.0200
38.7700	289.0733	194.5400
39.6200	289.2933	194.5400
42.2400	288.6033	194.5400
44.2900	289.7900	194.5400
45.2100	291.2333	194.5400
45.2600	292.0233	194.5400
45.0500	293.3267	194.5400
44.7500	294.5433	194.5400
44.3500	293.2333	194.5400
43.9400	291.9600	194.5400
43.5100	286.1533	194.5400
43.1200	286.8267	194.5400
42.7700	291.4233	194.5400
42.4900	293.8200	194.5400
42.2700	293.5167	194.5400
42.7600	291.8767	194.5400
51.7000	282.6467	194.5400
59.9000	281.3133	194.5400
61.5900	281.1700	194.5400
59.0600	281.8033	194.5400
55.6500	283.1633	194.5400
66.3300	282.4133	194.5400
86.5300	281.3967	194.5400
88.8500	281.3633	194.5400
79.4700	282.0733	194.5400
68.3800	282.1700	194.5400
59.5600	282.9467	194.5400
56.0600	284.6900	194.5400
76.8400	286.7800	194.5400
126.4500	284.6567	194.5300
127.2600	282.3867	194.0300
107.5100	281.5800	194.0300
88.3600	281.0100	194.0300
74.7000	281.7100	194.0300
69.0300	283.6900	194.0300
87.1600	282.8400	194.0300
99.5600	280.5900	194.0300
94.8600	280.5433	194.0300
83.9400	280.6733	194.0300
76.2600	279.8267	194.0300
71.2000	279.4933	194.0300
66.9800	279.3333	194.0300
63.2800	279.4200	194.0300
60.2100	278.1800	194.0300
61.2200	280.2700	194.0300
87.2000	281.1867	194.0300
100.4200	279.9800	194.0300
94.7000	280.1133	194.0300
83.8900	280.3200	194.0300
74.1700	280.0133	118.1700
66.9600	279.4833	70.6600
62.0900	279.0400	64.7000
58.9300	277.1600	60.7100
56.9400	278.3267	58.1100
59.1900	282.1700	59.1100
72.9900	280.7533	70.6900
79.1700	280.2833	79.0500
76.8500	280.8200	79.0700
73.5500	281.9000	76.3300
70.8100	281.8667	73.4800
67.8800	282.3067	70.1400
65.4900	283.3200	67.1800
67.8500	285.1133	67.1200
82.6400	287.0833	78.6100
94.6300	286.1367	92.0700
96.3100	285.9700	97.0300
91.6900	285.4467	94.3300
85.7900	284.4033	88.6200
81.0300	283.8967	83.3100
77.7800	285.5300	79.3900
75.7100	287.0100	76.8000
74.4800	285.9633	75.1700
75.6700	285.6533	75.5000
78.7200	284.8667	78.0600
96.8100	283.4133	92.0400
118.1900	280.7733	114.5100
116.8400	280.6567	119.6600
106.6800	282.0700	111.9400
123.8400	282.1867	121.9600
151.4000	280.3700	150.8600
142.1400	280.2700	149.2400
123.0400	281.5133	131.9900
109.7100	283.7400	116.0000
104.1800	286.3367	107.9900
132.4100	287.3233	125.6700
155.1000	285.8067	153.8800
141.0400	283.9967	149.0300
120.7300	283.0567	129.8100
104.7400	282.8267	111.9000
95.6000	284.0333	100.2600
105.4700	286.6233	106.3600
117.4100	285.7500	116.8800
121.3800	284.2700	122.3100
123.4200	283.8367	123.4900
130.3900	284.1733	129.4700
135.6000	285.4700	135.7100
137.2800	284.2667	137.7800
137.2400	282.7533	138.0100
146.6000	282.1433	142.4400
179.7600	280.5633	171.0600
182.1500	279.9700	184.1900
167.4300	279.3200	173.9300
159.3700	279.6967	163.2600
182.6500	279.2500	180.6400
186.0400	277.6933	189.3000
173.9000	277.0833	179.9800
161.7000	277.8000	166.9400
153.7300	279.5767	157.1700
149.6000	281.5567	151.5100
147.9000	282.8200	148.8200
148.3800	281.6900	148.3800
150.6200	280.6000	150.1800
160.5400	280.2800	157.5700
173.3300	282.0067	171.6900
185.2800	284.6700	181.3000
227.9600	285.3133	194.5500
225.7100	284.7567	194.5500
245.5200	283.6667	194.5500
267.2800	281.3300	194.5500
235.3000	280.6333	194.5500
203.8900	282.1133	194.4100
189.2000	284.3600	194.4100
186.4700	285.9567	194.4100
186.1900	284.5367	194.4100
186.4000	283.4767	194.4100
187.0600	284.1433	194.4100
191.1200	284.6800	194.4100
194.4600	284.0733	194.4100
193.3100	284.5200	194.4100
197.2500	286.7033	194.4100
235.6400	289.4200	194.4100
237.6600	291.1000	194.4100
218.9100	292.0200	194.4100
203.4500	292.4467	194.4100
210.4700	289.2233	194.4100
211.7600	287.0467	194.4100
202.0200	286.7700	194.4100
192.3500	286.6900	194.4100
185.7500	285.6833	194.4100
185.3500	284.4733	194.4100
249.2700	286.8933	194.4100
381.2000	287.4533	194.4100
324.7300	284.7500	194.4100
258.4700	283.6967	194.4100
219.0800	282.5067	194.4100
201.0300	281.5567	194.4100
193.9900	280.9200	194.4100
191.5300	281.5667	194.4100
191.1700	283.4100	194.4100
191.3200	285.8333	194.4100
190.5300	287.3700	194.4200
188.7700	289.3133	195.0300
185.6800	291.0500	195.0300
181.3500	292.8100	195.0300
178.4700	292.3933	195.0300
176.4100	290.2833	195.0300
172.6300	289.7233	195.0300
168.3100	290.4633	195.0300
165.8600	291.7733	195.0300
198.4700	291.2867	195.0300
216.4200	289.3967	195.0300
199.2900	288.7800	195.0300
179.0200	289.0067	195.0300
164.9600	290.1800	195.0300
156.5100	291.5200	195.0300
151.3700	292.5767	195.0300
147.9100	293.2467	195.0300
145.2100	294.1533	195.0300
142.7100	295.3700	195.0300
141.8100	296.2767	195.0300
156.9000	296.9433	195.0300
186.8500	297.5200	195.0300
186.3400	297.4467	195.0300
179.3400	296.5567	195.0300
169.0800	296.3300	195.0300
155.5400	296.5533	195.0300
143.5200	296.8700	195.0300
138.5900	295.8967	195.0300
144.4600	293.9933	195.0300
145.9400	293.3133	195.0300
140.4900	292.9967	195.0400
133.0000	292.2733	195.6100
121.9600	292.5833	194.4200
109.0600	293.8167	116.8200
100.7300	295.1533	104.8100
96.7600	296.1167	98.9300
101.8200	296.1300	99.7100
110.4000	296.5000	107.6600
120.0900	296.3333	116.8900
127.2600	296.8000	126.5100
124.0900	297.3033	126.6900
185.4900	296.0033	169.0400
227.0000	293.6467	195.6100
185.8600	292.2433	195.6100
148.5300	292.6067	195.6100
125.2300	293.0667	158.2200
110.4900	292.4333	117.8200
101.0800	292.4533	105.9300
94.8900	292.7567	98.1900
90.8600	293.6700	92.9400
88.3900	294.8700	89.7700
86.7900	296.3300	87.7700
85.6600	297.6300	86.4200
84.8100	299.1900	85.4300
84.1400	300.6000	84.6600
83.5700	302.0767	84.0300
83.1000	303.0433	83.5100
82.6600	302.4367	83.0500
82.2500	302.4900	82.6200
81.8700	301.3133	82.2200
81.9500	301.4300	82.0400
83.4300	301.4867	82.6700
83.9000	301.1667	69.8900
76.9400	301.0300	69.8900
75.2200	299.5733	69.8900
86.1500	299.1967	69.8900
83.8400	299.4133	69.8900
75.6400	299.6633	69.8900
67.8300	299.9600	69.8900
61.7300	300.8033	69.8900
57.2300	301.7100	69.8900
54.0200	302.8000	69.8900
51.7600	304.0967	69.8900
50.1400	301.1767	69.8900
49.9300	300.7200	67.8100
53.4900	301.6400	52.3700
56.7100	302.9500	55.7800
57.0000	304.0300	57.2900
55.2700	304.3367	56.4100
52.8900	301.6700	54.3000
50.6600	300.0433	51.9800
48.8600	301.7233	49.9600
47.5000	302.7700	48.3800
46.6600	303.2333	47.4000
46.7100	303.7367	47.4700
48.4800	302.2367	48.8500
62.6600	302.4200	61.3800
102.8200	301.4667	69.8900
132.0100	301.1333	69.8900
118.3700	301.5100	69.8900
96.0400	301.7833	69.8900
77.4500	302.3933	69.8900
65.1100	303.5433	69.9000
57.9800	304.8267	69.9000
53.0800	305.6600	69.9000
48.8400	306.3133	69.9000
45.6900	306.8300	69.9000
43.4300	306.7067	69.9000
42.3500	307.0767	69.9000
42.6200	306.6433	69.9000
43.3700	304.4133	69.9000
43.5000	302.7567	69.9000
42.8400	302.8400	62.3100
41.7500	303.4400	42.4900
40.6100	303.0800	41.3800
39.5800	302.7267	40.2800
38.7000	303.7600	39.3100
38.6900	303.5600	39.0000
39.7200	304.2667	40.0900
41.9700	303.4367	42.6900
46.4600	304.0433	48.1900
47.3900	304.6967	49.4000
46.8800	305.7133	48.6500
45.6500	306.4933	47.2900
45.2600	306.5533	46.5200
46.4900	305.7800	47.5400
50.9900	304.8267	50.2800
63.8500	303.8167	61.6700
71.7100	303.5300	69.8800
67.0500	304.1233	69.9000
59.1100	304.7833	68.2900
54.3900	304.5400	58.2200
67.0500	303.3533	66.8900
77.1900	303.1367	69.9100
73.2300	303.6533	69.9100
62.5900	304.3833	69.9100
52.5300	305.4400	69.9100
45.0200	306.9400	51.5100
39.7200	307.4000	43.0300
36.0100	303.9800	38.4700
33.4100	304.8633	35.2300
31.6000	305.3533	32.9300
31.3300	304.7300	32.1600
34.1700	306.0100	34.3700
51.9100	304.6433	47.3400
75.0000	303.7467	68.3700
72.9600	303.4767	69.9100
62.8500	303.6900	69.9100
57.5600	304.0667	69.9100
58.8100	303.7700	65.1600
55.2800	303.9100	60.6500
49.3800	304.7000	54.1300
43.9000	305.6100	47.7700
39.5800	306.6100	42.5700
37.5800	307.5600	39.2600
39.1300	306.0700	39.1800
42.0700	305.6833	41.3600
47.6800	306.5967	46.7700
48.5100	306.1467	49.5200
45.7400	305.7833	47.9800
42.0200	306.1400	44.5400
39.8800	306.3167	41.6300
39.8300	306.2067	41.0300
41.0500	305.6967	42.4300
41.1700	304.8500	43.1100
39.3000	304.8267	41.6800
36.4100	304.7867	38.8900
33.8400	304.6833	35.9400
32.2500	305.1133	33.7300
31.3800	301.5267	32.4600
31.1500	300.6167	32.3300
30.4800	301.0000	31.7900
29.4000	301.0700	30.6800
28.2300	300.7567	29.3900
27.1500	301.1767	28.1500
26.2100	300.0767	27.0600
48.6500	298.9700	39.9800
109.6600	298.5033	69.6700
117.2300	298.0400	69.8700
98.2100	298.1133	69.8700
75.2100	298.5667	69.8700
57.4900	299.4400	69.8700
52.4000	299.6867	69.8700
56.7000	298.2533	69.8700
53.2900	296.7067	69.8700
47.4700	296.6667	69.8700
43.2400	297.6100	69.8700
41.0600	299.0800	69.8700
43.8000	298.8733	67.7700
52.7000	297.3633	51.1000
53.8900	296.6433	54.7800
49.8600	296.9267	52.6300
44.2900	297.2333	47.6800
38.9700	297.1200	42.2500
34.6100	295.3367	37.4300
31.5400	297.0333	33.7300
30.6300	296.9433	32.1900
29.9200	297.8767	31.3000
29.0000	299.1833	30.2200
28.0000	298.4033	29.0800
27.0100	293.1367	27.9700
26.0700	292.6667	26.9200
25.2300	293.9167	25.9800
24.5300	296.1833	25.1600
23.9500	297.7700	24.4700
23.4900	295.3000	23.9300
23.1600	293.5567	23.5800
22.9300	290.8633	23.3000
22.7500	292.7933	23.0600
22.6000	292.9267	22.8600
22.7000	294.6833	22.8900
31.7500	294.9033	31.5800
42.7600	296.3233	41.9500
47.1900	296.1800	47.0000
51.0600	293.7567	51.0100
51.0600	292.7200	52.4300
60.1100	290.4833	60.3800
62.3200	287.5167	64.9100
55.8100	286.5767	60.4300
47.9200	286.3567	52.6700
43.1500	286.6400	46.7400
75.1700	288.9233	65.6100
95.0200	287.5833	69.7700
84.2000	287.5933	69.7700
68.5600	288.1300	69.7700
54.8300	288.9533	69.7200
45.5600	289.9700	69.7200
42.2600	288.8467	69.7200
40.6000	287.0400	53.3400
38.5100	286.2567	40.1500
36.1900	286.8833	37.8300
34.7300	289.1567	36.2600
39.6300	288.5133	40.3000
43.8500	288.2667	44.3800
44.0000	289.0333	45.2900
41.9600	289.9033	43.8200
39.3300	289.3633	41.3200
37.0800	288.4133	38.8800
35.0700	286.6500	36.6600
38.0100	287.8900	38.4600
163.4000	289.9467	69.3400
202.7400	286.2933	69.7200
157.6100	285.0133	69.7200
109.9900	284.5800	69.7200
75.9600	284.1000	69.7200
56.5400	283.5700	69.7200
45.3800	283.1800	69.7200
38.6900	283.3967	69.7200
34.5600	284.3000	69.7200
31.9400	284.8600	69.7200
30.2400	284.4833	69.7200
29.0900	284.8433	69.7200
28.3100	289.0367	69.7200
27.7600	289.4200	69.7200
27.4600	290.0733	69.7200
27.6800	287.6433	69.6700
29.4100	280.6367	69.6700
32.9300	282.5900	39.0700
36.2900	280.4933	34.9000
38.1500	279.0767	37.3800
38.7400	281.0200	38.5900
38.7200	283.3700	38.8800
38.4400	277.9000	38.7300
38.0700	277.8633	38.3900
37.7400	278.9433	38.0200
37.4500	283.8300	37.6900
37.2200	286.9433	37.4200
37.2700	286.2733	37.4700
38.3800	285.8767	38.6100
39.4600	286.4000	39.6500
40.0200	286.4733	40.2700
40.1000	286.4567	40.4400
39.8400	287.0833	40.2700
39.4200	288.6033	39.8800
38.8600	287.8600	39.3800
35.8100	288.7933	37.8200
32.6900	289.6833	35.8500
52.1000	289.1733	51.0700
57.4300	288.0267	59.7900
55.7700	287.3967	58.6300
67.9200	286.9800	66.6600
74.7200	284.4100	69.6700
71.2300	283.0133	69.6700
63.6600	283.0300	69.6700
55.1900	283.9333	68.6800
46.9400	285.6600	51.6400
51.6400	287.6800	54.5600
54.5300	285.4300	57.6600
52.2700	283.7133	55.2500
50.0000	283.6067	52.2000
47.7400	284.8367	49.7900
59.4800	287.3267	60.7800
68.1300	288.2667	69.3000
93.2300	287.9233	69.6600
131.7100	284.6933	69.6600
128.5300	282.6700	69.6600
110.1500	281.4900	69.6600
90.6500	281.7233	69.6600
76.8900	283.0267	69.6600
68.0200	284.4533	69.6600
56.9800	285.8167	69.6600
44.4800	286.8433	69.6600
36.4900	284.1800	69.6600
32.3300	282.3667	69.6600
29.6800	282.0367	69.6600
27.6200	282.0400	69.6600
25.8800	282.0967	69.6600
28.5800	283.4767	62.3900
57.0800	283.6233	50.3100
72.9500	281.8367	68.3300
76.5300	281.4467	69.6600
73.3200	280.7767	69.6600
64.5500	280.2933	69.6600
54.9600	280.8767	69.6600
48.1900	279.9400	57.0800
42.7400	278.7167	46.4300
38.0600	278.5100	41.2400
36.1000	278.4733	38.0200
58.4500	280.5167	53.9300
73.6800	279.8433	69.2800
73.6200	278.5700	69.7200
71.0300	278.2433	69.7200
66.1000	277.7533	69.7200
59.3200	278.0900	69.7200
52.3200	279.7633	61.4200
45.9900	280.5500	49.5200
40.8600	279.5933	43.9400
36.8400	278.7733	39.5200
33.5800	279.1500	35.8600
30.9700	280.7967	32.9300
38.5700	282.9333	39.0700
50.0200	279.9967	50.2900
51.0600	278.2533	53.0100
48.9500	277.3733	51.1700
46.6600	277.5667	48.5900
43.8200	277.4600	45.8200
40.5800	278.5333	42.6800
37.4900	281.5400	39.5400
38.1600	284.1400	39.3700
40.2800	284.8100	41.2500
40.4500	284.2900	41.5900
40.0600	285.3500	41.1300
44.1100	285.8600	44.3000
47.7300	285.4867	48.0200
49.0400	286.0567	49.5700
49.3300	286.9600	49.9700
71.9700	287.8800	62.9100
108.8000	285.8333	69.7100
109.9100	284.4067	69.7100
103.3300	282.4867	69.7100
92.1800	282.2033	69.7100
78.7800	283.4233	69.7100
66.4900	284.8233	69.7100
56.5100	285.9900	69.7100
48.8400	287.0933	69.7100
43.1400	288.2467	69.7100
38.9200	289.6167	69.7100
35.8100	290.7800	69.7100
33.5300	291.5400	69.7100
31.8800	291.8833	59.9700
32.3400	292.1867	32.7700
40.1100	289.5133	38.3800
47.6900	286.7500	45.4700
54.8600	286.4967	52.1300
59.8800	287.3933	58.1900
59.5600	288.4933	60.2800
55.4300	289.7467	57.8400
50.2300	291.0067	53.2000
45.4000	292.2100	48.2700
41.4000	293.4967	43.9300
38.2300	294.7967	40.3800
35.7500	295.6900	37.5400
33.8100	296.4367	35.3000
32.3300	297.0500	33.5600
31.1600	297.4433	32.1900
30.2000	296.6900	31.0600
29.5300	296.7300	30.2400
30.5500	296.2600	30.7100
35.6300	296.3767	34.6800
42.3500	297.2600	40.5800
55.2900	295.0967	51.5700
66.2500	290.9800	63.5800
68.9700	288.6767	69.0100
66.2500	286.6300	68.2600
60.5800	285.8633	63.7100
54.0800	285.9300	57.5900
48.1300	287.0100	51.4900
44.4400	289.2467	47.0600
43.7000	289.4500	45.7200
41.8600	289.5133	44.0700
58.5000	289.7600	55.5100
100.5000	285.5333	69.7700
110.8300	285.5133	69.7700
106.5000	286.7833	69.7700
92.2700	287.6867	69.7700
76.1900	288.6833	69.7700
62.9500	289.5067	69.7700
52.7900	290.5900	69.7700
45.1300	291.8167	69.7700
39.3700	293.2500	69.7700
35.0400	294.3600	69.7700
31.7500	295.5400	69.7700
29.4300	296.2300	53.2600
28.1800	296.4500	29.4500
27.5900	296.6833	28.4600
27.2600	297.3067	27.8900
26.9900	298.4933	27.4900
26.6600	299.6400	27.1400
26.1600	300.4867	26.7100
25.5200	301.2533	26.1500
24.7700	301.5100	25.4600
24.3400	301.6767	24.8300
24.5700	301.4900	24.6600
25.1600	296.9400	24.9500
26.0500	297.4900	25.6100
27.0500	298.8533	26.5100
27.6800	300.4767	27.3600
28.5600	300.9600	28.1000
32.6000	302.5333	30.7700
36.5800	302.2433	35.1900
37.1100	300.8467	37.3700
35.9400	301.0767	37.0400
34.3900	300.9733	35.6800
33.0900	300.8233	34.2300
31.8600	299.4333	32.9200
30.5100	296.0733	31.5800
29.0300	296.7533	30.1500
27.4800	297.4833	28.6500
25.8500	297.4333	27.0600
24.2100	298.2733	25.4600
22.7200	297.6233	23.9700
21.2800	298.0300	22.5300
19.9100	298.9767	21.1100
18.6200	299.4367	19.7600
17.4300	299.5733	18.5000
16.3600	299.8767	17.3500
15.4200	300.3367	16.3200
14.5900	300.3467	15.4000
13.8600	301.4867	14.5900
13.2100	300.4000	13.8700
12.6800	300.4700	13.2500
12.2900	300.8333	12.7500
12.1200	301.7967	12.4200
12.0900	302.9267	12.2500
12.1900	303.4900	12.2200
12.4400	304.5100	12.3400
12.9000	303.8567	12.7900
13.4000	303.7767	13.5300
13.6900	304.5667	13.9500
14.0000	303.2233	14.2200
15.1000	304.0833	14.8500
17.1400	303.9400	16.1700
21.4900	303.8367	20.2700
28.5600	304.2733	26.7300
33.1500	304.3167	31.8200
34.4900	301.8533	34.5200
40.0700	300.9000	41.2700
50.2100	301.8900	50.0400
53.7000	302.3333	54.2500
52.0000	303.3900	53.9500
47.3500	304.3033	50.3600
41.4700	305.2933	45.0000
35.7100	305.0500	39.2300
30.9600	303.1400	34.0700
27.4700	304.8200	30.0400
25.9000	305.1800	27.2900
29.3700	305.7533	28.3500
30.9700	306.2100	30.9600
41.2500	306.2500	37.6300
82.6900	304.3100	66.4500
81.0300	303.2233	69.9000
64.6800	303.4833	69.9000
51.2000	304.1400	69.9000
41.8500	304.6633	62.7900
39.5300	303.9900	43.2900
47.2300	302.7933	48.7800
57.5600	302.2400	58.9800
63.5300	302.7833	67.0200
65.3600	302.9833	69.6900
60.5900	303.3833	65.6100
54.3300	303.6300	58.7500
49.0800	303.9867	52.5600
45.6800	304.2167	48.0500
43.1400	304.7767	44.9600
40.6800	305.7167	42.3800
38.0000	306.6467	39.8500
34.7000	304.0767	36.8900
31.7000	301.2633	33.9200
30.4200	301.6233	32.2800
29.7400	302.8567	31.0400
30.2800	303.1300	30.6100
32.1900	303.8900	31.5900
34.1600	304.5100	33.5100
35.3100	304.2967	35.3600
35.2500	305.3233	35.9400
34.5800	304.7700	35.7400
33.5300	304.7467	34.7400
34.4400	304.8800	35.0500
36.8000	305.0967	36.8800
37.8400	305.7233	38.2500
36.4400	306.7167	37.8100
33.6800	308.0800	35.6500
30.8700	305.0967	32.8500
28.6800	305.3933	30.4000
27.6300	305.6467	28.8600
27.4500	306.0867	28.1600
26.9100	306.5033	27.7700
25.1600	306.8867	26.5900
22.9600	307.8200	24.6800
20.9200	307.3467	22.6200
19.1900	306.8067	20.7400
17.7000	308.1033	19.1300
16.3600	307.9867	17.6800
15.0600	308.0233	16.3200
13.8200	308.2533	15.0300
13.0600	307.6400	14.2000
17.3100	308.2800	16.6400
22.8300	307.5600	21.4300
21.9700	308.3633	23.0300
19.9500	309.5267	21.7800
18.3700	310.7033	20.0000
17.3200	310.5833	18.5400
16.6300	308.2600	17.4800
18.5800	305.2300	21.1000
25.3800	304.7567	29.0400
35.5200	304.4433	36.6800
47.9000	304.1400	47.9000
52.4900	304.6000	53.1700
54.1500	304.6033	54.7800
57.0600	304.1033	57.5100
54.4100	303.5667	56.9900
47.9800	303.4833	51.9500
41.2200	304.0800	45.3600
35.4500	305.1000	39.1500
30.9200	304.0933	34.0000
27.5300	302.5133	29.9800
25.0200	301.6667	26.9400
23.1700	301.3333	24.6600
21.8200	302.7800	22.9600
20.8100	302.7100	21.7000
20.9300	302.4000	21.7600
23.9700	303.5333	25.1300
33.9200	302.2600	34.2400
56.3000	300.2500	55.5100
64.4800	299.2300	66.7200
59.3900	299.0467	64.0800
50.9300	299.3200	56.1800
42.6800	299.5933	47.6200
35.9200	299.9700	40.1400
30.8300	300.3667	34.2300
27.1600	299.5767	29.8000
24.8600	299.9233	27.1900
25.6200	299.9500	29.6700
27.1600	300.3733	32.0200
25.4800	300.7800	29.3300
23.5400	301.3067	26.3000
22.1500	301.8600	24.0300
21.6300	302.0533	22.8300
21.3500	301.8867	22.2100
21.1100	300.6367	21.7400
20.8500	298.2667	21.3700
20.4700	298.8567	20.9800
20.0000	299.7267	20.5400
19.2500	299.8467	20.0000
17.6300	300.7067	18.9700
15.4700	300.5767	17.2500
13.4000	300.5033	15.2500
11.7000	301.3633	13.3800
10.4200	300.1300	11.8300
9.8500	295.4800	10.8800
9.6800	292.7233	10.4000
9.5600	294.1800	10.1000
9.3500	295.4067	9.8400
9.0300	297.4433	9.5300
8.6500	297.8667	9.1700
8.2500	299.1233	8.7700
7.8700	299.0000	8.3800
8.5200	297.8833	8.9000
11.5400	295.0367	12.3600
13.7800	294.4933	14.6200
14.2900	295.2433	15.2500
15.9400	296.3067	16.2500
45.1500	293.0333	36.0800
64.7200	289.5367	61.5200
61.3500	289.0767	64.9300
54.1000	289.5233	58.7400
46.0400	289.6167	50.8500
38.5100	290.0033	43.0300
32.4900	290.3467	36.3300
28.0600	290.4400	31.1100
24.9200	292.6467	27.2500
22.9700	291.2867	24.5600
22.2700	291.1133	23.0400
22.2400	287.7933	22.4800
22.2800	289.3467	22.3700
22.2300	289.2200	22.3200
22.0600	283.3933	22.2100
21.8200	283.2567	22.0200
20.6800	285.9700	21.4800
17.7600	289.5067	19.7000
14.2800	286.6900	16.8200
11.2800	287.6433	13.8100
9.0100	290.2100	11.2300
7.3400	291.6800	9.2000
6.1400	290.7000	7.6500
5.2400	282.9933	6.4700
4.5700	284.5667	5.5700
4.0500	288.9000	4.8800
3.8400	290.7733	4.4500
4.5200	290.6267	4.6900
5.4600	291.3667	5.2300
6.3200	291.7367	5.8800
7.1200	284.3133	6.6400
8.0000	282.0600	7.4600
9.0200	284.9967	8.3300
10.0500	289.5333	9.3200
12.1600	286.5900	11.7600
14.1700	283.3767	14.1700
15.0400	285.2333	15.3600
17.2100	283.7000	17.1400
24.5900	284.3733	24.3700
29.9800	285.2000	29.8400
35.7600	286.5167	34.0400
39.8000	285.6967	38.3900
40.1300	284.6300	40.3900
37.1600	284.3100	39.0700
32.5800	282.4000	35.4100
27.8000	288.5233	30.8900
23.5200	291.1167	26.4900
19.8900	290.4133	22.6000
16.9100	290.2200	19.3200
14.4700	290.2367	16.5900
12.4700	290.3700	14.3300
10.8500	289.8133	12.4700
9.4800	287.5033	10.9200
8.3600	284.5600	9.6200
7.4100	279.8533	8.5300
6.6300	280.5000	7.6200
6.0100	281.8333	6.8800
6.0400	285.8067	6.8400
13.3000	285.7200	12.9100
19.9100	285.8067	18.8400
22.0300	285.8967	21.9200
23.4600	284.8933	23.3500
25.6700	284.0267	25.0300
29.2400	283.0000	28.4000
31.4100	283.0333	31.4700
33.1900	284.1667	33.8700
33.4200	285.7500	34.7700
32.3900	286.6867	34.0100
36.5100	285.4967	36.8400
46.1600	283.6100	44.6900
52.2900	281.4033	51.6600
53.9000	279.6400	54.2800
52.5100	278.7433	53.9900
47.6300	278.4133	50.6000
40.8600	279.5700	44.7400
34.1000	284.9267	38.1400
28.2700	286.2933	32.0300
23.5700	287.3133	26.9000
20.7100	287.6500	23.5000
23.4000	287.3733	24.9900
37.3900	284.7567	37.4800
40.2600	283.6233	42.0600
38.8100	283.2167	41.0000
37.4500	282.3933	39.1200
35.3300	282.0733	37.1300
38.0800	280.6600	39.0500
48.0100	279.5200	48.5200
48.7100	279.8200	50.9800
49.4600	278.6767	52.2500
48.9900	277.2300	52.1900
45.1300	276.9300	48.6200
40.3200	277.4733	43.8100
35.8500	278.9300	39.1800
31.5100	278.7733	34.7000
27.6600	278.3200	30.5700
25.0100	276.7533	27.5100
22.8300	278.2167	25.0800
20.6800	280.3533	22.7500
19.9200	280.9733	21.4800
24.5600	277.2067	24.7900
32.7000	279.2367	31.6400
55.1300	279.9900	51.6200
63.7400	280.2833	63.1100
65.9300	281.6133	66.3500
64.2100	283.6367	66.0200
57.7800	285.4267	61.4200
53.0900	284.6967	57.0700
48.7500	282.9500	52.9200
43.3300	282.8700	47.3200
38.1000	283.3567	41.6900
33.3900	283.6833	36.6100
29.1100	283.4567	32.0700
27.9600	285.0400	30.0500
34.4300	280.6767	35.0500
35.8700	280.0233	37.3700
33.6900	281.4500	36.0000
31.0900	283.2600	33.3200
42.6300	285.2767	38.6600
68.6500	283.7333	62.4500
72.5300	282.8600	69.7200
71.3200	283.3400	69.7200
86.9900	283.8933	69.7200
150.3900	286.7700	69.7200
154.7900	285.5667	69.7200
137.7000	285.0667	69.7200
118.4300	285.6900	69.7200
114.6400	284.1333	69.7200
102.5600	281.2167	69.7200
83.1300	281.5800	69.7100
67.8800	283.2267	69.7100
55.9600	284.6733	69.7100
48.6600	286.8167	69.7100
76.6600	285.5333	69.7100
86.8200	283.3733	69.7100
87.5400	284.1600	69.7100
102.1700	285.4667	69.7100
103.4600	282.9833	69.7100
94.2000	282.6100	69.7100
81.6100	283.3067	69.7100
68.4800	283.3667	69.7100
56.3600	284.4333	69.7100
46.1000	285.7267	69.7100
39.5600	287.8567	69.7100
35.7500	289.9533	69.7100
33.5600	289.9000	69.7100
31.8800	290.7733	69.7100
31.0200	292.0533	69.7100
48.5600	289.5733	69.7100
68.8700	286.8667	69.7100
70.9000	286.8867	69.7100
67.6000	287.3467	69.7100
61.2100	286.7867	69.7100
52.7900	286.0300	69.7100
44.3800	286.1100	69.7100
37.0800	286.5600	69.7100
31.1200	289.2200	69.7100
26.3800	291.9367	69.7100
23.6700	290.4933	69.7100
26.7100	289.5100	69.7100
28.7700	288.8933	69.7700
31.6100	290.5000	69.7700
37.2100	291.8400	69.7700
42.2500	293.0800	69.7700
48.3600	293.5533	51.5200
83.9800	292.7300	68.4600
99.4600	293.0467	69.7700
100.3800	293.6067	69.7700
93.6600	294.0167	69.7700
79.6500	294.6767	69.7700
64.8800	295.5900	69.7700
53.9700	296.1900	69.7700
55.3300	292.6000	69.7700
57.3200	289.7967	69.7700
57.4500	287.8500	69.7700
55.5400	287.8900	69.7700
50.8300	288.7167	69.7700
44.6200	289.8667	69.7700
39.0800	291.4033	67.8500
39.6000	291.5000	41.1900
40.2600	291.7267	41.6200
38.4300	292.5000	40.3300
36.3500	293.5033	38.1100
34.4400	294.6500	36.0100
32.2200	296.1400	33.8700
29.6100	295.8300	31.4400
27.0200	296.5300	28.8500
26.2800	295.8200	27.0500
32.6600	294.1700	30.1500
41.7500	292.4267	37.6200
52.4100	292.7133	47.2700
60.9700	293.9433	57.2800
60.8100	295.1700	61.3200
59.9400	294.6100	63.1200
58.7200	293.9400	62.6900
53.6200	293.7367	57.7900
47.9600	294.5133	51.7600
42.6400	295.3767	46.0800
41.9000	296.6067	44.1800
51.5900	297.7133	52.2300
54.9300	298.4133	56.1700
77.3600	296.2267	67.9200
95.4300	294.4400	69.8300
97.5200	294.4567	69.8300
88.8100	295.3133	69.8300
121.9100	294.9433	69.8300
145.7700	294.1967	69.8300
128.9300	293.6300	69.8300
105.7800	293.9933	69.8300
86.2700	295.3200	69.8300
73.8200	296.7867	69.8300
67.0700	297.7467	69.8300
60.7500	298.8267	69.8300
53.1400	299.7400	69.8300
50.8800	300.9600	69.8300
53.5900	301.8567	69.8300
54.3700	301.7200	69.8300
52.0100	299.8033	69.8300
51.6100	300.2933	69.8300
50.1900	300.6433	69.8300
46.9700	301.8300	69.8600
43.4200	303.0100	71.2100
39.7500	303.5833	71.2100
36.8300	304.1133	71.2100
33.8600	304.4400	71.2100
30.8500	303.2500	71.2100
28.0800	303.8933	71.2100
25.7400	304.8967	43.6900
24.5900	305.1067	26.2900
23.6700	304.9800	25.2200
22.7500	304.3033	24.0300
22.4800	304.9700	23.3300
23.4400	304.8367	24.2300
29.6600	303.4667	29.6200
42.1000	302.1233	41.5500
47.5300	301.6900	48.5800
47.4500	301.8367	51.0200
41.7400	302.7667	46.3800
38.3000	302.7967	41.7000
38.1200	302.0867	40.4400
36.4400	302.1733	38.7500
33.3300	302.9867	35.9000
30.0500	303.4867	32.5900
27.0500	304.2267	29.4000
24.5500	303.5167	26.6400
22.5700	304.1667	24.3400
21.0300	302.3667	22.4700
19.8800	302.0067	21.0300
18.7900	302.3567	19.8200
17.8100	302.6367	18.7400
23.6400	300.7467	21.3900
44.5400	300.2367	36.6600
71.7300	298.9433	62.9100
82.5100	299.1633	71.2200
72.0900	299.7967	71.2200
60.0300	300.8333	71.2200
51.2100	301.8567	71.2200
46.2800	303.0533	53.1800
43.9000	304.2933	45.6100
42.4000	305.1700	43.6500
41.1900	303.4500	42.4600
45.9100	303.0967	46.2300
62.1900	302.5300	62.1500
69.7900	302.2467	70.9100
75.3900	301.8100	71.2200
80.8600	301.7967	71.2200
74.6800	302.2867	71.2200
72.7700	302.3400	71.2200
75.5800	302.6667	71.2200
64.7400	303.1900	71.2200
54.1900	303.9033	71.2200
46.6400	304.9333	71.2200
41.5000	306.2167	64.1300
43.1800	305.8067	43.7700
67.0400	303.6300	60.6600
101.8100	302.4767	71.2200
99.3800	303.0267	71.2200
83.2300	303.2200	71.2200
68.8700	303.6967	71.2200
58.2100	304.3767	71.2200
50.5100	304.5900	71.2200
48.2300	304.6233	71.2200
48.5200	304.7267	71.2300
54.0400	305.2200	70.2600
56.9400	306.3400	56.2200
53.3900	306.9667	55.4800
48.2900	305.6267	51.4600
42.9100	305.6533	46.2700
38.2000	306.2067	41.3300
36.7300	305.2467	38.8500
37.3700	304.3200	39.1200
35.7600	303.9967	37.8500
33.4700	303.2500	35.5400
31.3500	303.2333	33.2000
42.8800	301.1100	39.1100
90.3900	299.2467	69.6300
95.3300	299.7300	71.2300
79.6400	300.4433	71.2300
63.0300	301.0967	71.2300
51.8200	301.7967	71.2300
45.4700	302.5300	71.2300
40.3800	303.4900	68.6800
36.1200	304.5800	39.4600
32.6500	304.6467	35.3100
29.9900	300.6800	32.1100
103.1600	296.5800	57.3700
225.6800	295.7133	71.2300
269.8900	296.5500	71.2300
275.9300	296.7367	71.2300
197.1800	297.6000	71.2300
129.7900	298.4500	71.2300
85.3400	299.7033	71.2300
59.9400	300.7300	71.2300
45.9500	301.8433	71.1800
37.7200	302.6467	71.1800
32.1300	303.3167	71.1800
28.1200	301.8100	71.1800
25.3700	302.3333	71.1800
23.5300	300.9033	71.1800
22.5100	300.1667	71.1800
22.2600	302.6800	71.1800
26.0600	302.8600	71.1800
46.4600	301.6867	71.1800
59.8600	301.6800	71.1800
55.9000	302.0233	71.1800
48.2800	302.4967	71.1800
41.4300	303.1567	71.1800
36.0400	303.3233	71.1800
32.1500	302.8900	71.1800
29.6200	302.6100	71.1800
27.8000	302.5767	71.1800
26.3100	300.5467	71.1800
25.0300	299.8833	71.1800
23.9300	299.3733	71.1800
23.0000	298.1600	71.1800
22.2500	298.6167	71.1800
21.6400	296.4433	71.1800
21.1500	295.3033	46.5400
20.7600	296.1233	21.1400
20.4500	295.8600	20.7600
20.2300	297.2733	20.4700
20.0500	298.7533	20.2500
19.9100	297.4800	20.0800
19.7900	295.4967	19.9400
19.6500	293.3300	19.8000
19.4200	295.2300	19.6300
19.1800	296.7433	19.4000
18.9700	297.1500	19.1700
18.8300	296.0767	18.9800
18.7300	297.6300	18.8400
19.4300	295.5433	19.2000
48.8300	291.5067	40.4700
78.1600	292.7033	69.1400
75.2100	293.7000	71.0800
62.9800	294.3733	71.0800
50.8400	294.3767	67.9100
41.3300	295.0200	46.7900
34.5700	295.7500	38.8200
29.9000	296.3867	33.1100
26.7300	295.7467	29.0900
28.9000	293.4367	29.5000
37.5100	291.1433	36.1500
42.1900	290.0600	41.5300
41.5300	290.0133	42.7800
37.9900	290.6167	40.4600
33.7600	291.2967	36.5700
33.5300	290.3967	35.5200
64.1400	288.2533	59.9700
77.2700	287.7267	71.0800
69.8000	288.0567	71.0800
57.9900	287.2300	71.0800
47.1300	285.8867	58.0500
38.6500	285.4167	43.6400
32.5400	285.8467	36.4500
28.2900	286.3833	31.2400
25.6600	287.1300	27.6600
24.5100	287.8433	25.5800
24.2000	288.4033	24.6600
24.0600	288.9267	24.3100
23.8800	289.1167	24.1000
23.6500	288.0300	23.8800
24.0600	285.7000	24.6800
25.5500	284.6100	26.5100
26.4300	283.5133	27.1700
26.7200	284.3033	27.3300
26.6000	285.4100	27.1700
26.2200	287.9833	26.8000
26.0600	289.2033	26.5200
26.4100	288.6967	26.6600
29.5000	285.4800	29.0200
32.8200	283.7167	32.0900
34.2600	283.3333	34.1200
33.8300	282.2533	34.4900
32.3500	281.8500	33.5000
30.5600	281.0467	31.8700
28.8300	279.4833	30.1100
27.3400	279.7900	28.4700
26.1900	281.9700	27.1000
25.3400	281.1933	26.0500
24.9300	280.0267	25.3900
24.9500	280.8667	25.1400
25.1400	283.9467	25.1900
27.7800	285.9433	27.4100
63.9000	288.2233	59.6900
88.6400	286.3167	70.9700
86.2500	283.6567	70.9700
76.1700	282.1667	70.9700
64.8900	281.5533	70.9700
59.9100	281.2967	70.9700
59.8000	280.1167	70.9700
56.5800	279.4600	70.9700
51.9100	278.8867	70.9700
47.4100	278.9167	62.3000
46.8400	281.6600	47.5700
105.8300	287.7700	67.9800
194.8800	284.7500	70.9700
175.5100	281.8000	70.9700
128.7900	280.5967	70.9700
91.5900	281.0767	70.9700
68.5800	282.8667	70.9700
60.0700	285.7867	70.9700
55.7100	287.7900	70.9700
51.6800	288.5100	70.9700
48.3300	288.8700	70.9700
45.7200	289.1167	70.9700
45.2400	285.5300	70.9700
45.3300	281.8967	70.9700
44.9700	281.4700	70.9700
47.9800	284.2500	70.9700
64.1000	286.9000	70.9700
72.5900	288.4367	70.9700
71.3600	289.2133	70.9700
71.3900	288.5267	70.9700
70.8500	286.5033	70.9700
65.2800	284.9833	70.9700
58.7900	283.0100	70.9600
55.9900	281.7567	70.9600
58.3300	282.4733	70.9600
64.7300	285.0267	70.9600
74.6700	287.4267	70.9600
103.1300	288.7633	70.9600
144.9300	289.3933	70.9600
182.4200	285.6100	70.9600
160.8700	283.4833	70.9600
128.0500	282.8567	70.9600
106.0500	284.3500	70.9600
104.8500	282.5400	70.9600
102.4800	280.6833	70.9600
96.7500	279.7100	70.9600
91.4800	278.4167	70.9600
88.2100	277.2133	70.9600
86.8000	276.1133	70.9600
87.2300	276.2267	70.9600
91.9100	277.9567	70.9600
96.7200	278.0100	70.9600
97.6300	276.4867	70.9600
96.9600	275.7467	70.9600
96.1400	276.3433	70.9600
95.6700	279.3467	70.9600
99.9400	280.1333	70.9600
105.1100	280.9700	70.9600
104.8000	283.0400	70.9600
96.8900	285.2033	70.9600
87.2900	283.5367	70.9600
85.0000	280.7467	70.9600
82.9700	279.2567	70.9600
80.3200	279.2100	71.0300
77.5300	280.0267	71.0300
81.1800	279.9500	71.0300
90.9100	278.4500	71.0300
90.6900	276.6700	71.0300
87.9400	276.1000	71.0300
84.3700	277.2433	71.0300
80.1300	279.2833	71.0300
75.9400	281.7767	71.0300
72.0400	283.2967	71.0300
68.5700	284.6733	71.0300
66.2500	285.3567	71.0300
65.3500	285.0667	71.0300
65.9100	284.5067	71.0300
71.6000	284.9833	71.0300
73.0900	284.1867	71.0300
70.6900	282.3500	71.0300
68.3900	282.0533	71.0300
80.4500	284.5400	71.0300
119.7600	281.9467	71.0300
131.3000	279.9367	71.0300
128.4300	279.9833	71.0300
116.4500	279.3233	71.0300
100.8500	278.7067	71.0300
86.7000	278.9900	71.0300
76.4700	280.9667	71.0300
68.9000	283.8767	71.0300
127.5700	286.4667	71.0300
303.9500	286.3567	71.0100
295.9400	282.0633	71.0100
241.6300	279.9100	71.0100
191.6400	279.0600	71.0100
162.6900	279.3300	71.0100
149.4200	280.6767	71.0100
144.6600	283.2767	71.0100
143.8500	285.3200	71.0100
144.5600	287.1267	71.0100
145.8900	289.0633	71.0100
147.0300	290.1867	71.0100
146.6600	290.4333	71.0100
134.2800	290.4167	71.0100
117.1100	289.8700	71.0100
137.4600	290.1567	71.0100
244.6600	291.2867	71.0100
359.6100	289.6800	71.0100
342.4500	289.1833	71.0100
267.6700	288.9467	71.0100
217.5500	289.0067	71.0100
193.8000	287.7267	71.0100
185.0300	286.9533	71.0100
183.4100	286.6100	71.0100
183.7400	287.6033	71.0100
184.4800	288.7833	71.0100
203.3300	289.4633	71.0100
302.6200	290.8100	71.0100
418.8500	290.5267	71.0100
460.8700	290.0300	71.0100
388.8800	286.9867	71.0100
313.5200	286.3767	71.0100
288.7400	287.5733	71.0800
292.5500	290.1200	71.0800
303.4300	290.9867	71.0800
306.6400	289.3333	71.0800
291.4100	289.0067	71.0800
308.0400	289.7267	71.0800
302.8500	285.3633	71.0800
282.9300	282.0233	71.0800
268.7400	283.1400	71.0800
259.8500	286.3300	71.0800
260.8600	288.7933	71.0800
270.8600	288.0100	71.0800
283.4800	289.0433	71.0800
405.4800	289.8800	71.0800
387.2000	288.2100	71.0800
323.9500	286.9233	71.0800
281.1900	287.6033	71.0800
258.1800	287.9367	71.0800
246.9800	288.7867	71.0800
246.2000	289.9700	71.0800
264.0700	289.3867	71.0800
260.7600	288.2500	71.0800
245.3400	288.9733	71.0800
231.9200	290.9567	71.0800
224.3100	292.6000	71.0800
217.5400	293.7300	71.0800
209.7400	293.8967	71.0800
202.1900	294.3333	71.0800
195.4700	295.0933	71.0800
189.6600	295.5367	71.0800
183.6900	295.5400	71.1400
171.5600	295.7233	71.1400
160.5700	296.1467	71.1400
181.2300	295.8100	71.1400
223.7100	295.5300	71.1400
220.5100	295.9500	71.1400
247.5900	295.6500	71.1400
317.4400	296.0000	71.1400
258.9900	296.6733	71.1400
200.3000	297.1433	71.1400
191.6500	297.7267	71.1400
202.9800	296.8900	71.1400
187.4800	295.4800	71.1400
177.1700	295.2333	71.1400
169.2900	296.5567	71.1400
165.6100	296.9667	71.1400
219.8600	296.8667	71.1400
275.5700	293.8167	71.1400
260.2500	291.1233	71.1400
214.2900	290.5600	71.1400
177.9100	291.8167	71.1400
157.8100	292.7533	71.1400
148.3000	293.7533	71.1400
158.3700	294.3800	71.1400
184.4900	295.3833	71.1400
198.3200	296.0633	71.1400
227.2500	296.6767	71.1400
262.9700	297.1733	71.1400
270.2500	297.5433	71.1400
250.0300	297.3600	71.1400
223.7200	297.3167	73.3000
201.0200	298.0767	174.4500
183.4300	299.2367	174.4500
173.8000	300.1200	174.4500
172.3100	299.9867	174.4500
175.6000	298.7100	174.4500
189.1600	297.4600	174.4500
181.4800	297.7867	174.4500
166.0600	298.8633	174.4500
150.1400	299.6933	174.4500
135.1400	300.3833	174.4500
122.0400	301.2967	174.4500
111.5500	302.2333	174.4500
105.2200	302.6633	174.4500
106.5200	302.6800	174.4500
117.7600	302.1300	174.4500
128.6500	302.3800	174.4500
139.0500	303.2100	174.4500
134.9800	303.5567	174.4500
122.8000	304.0133	174.4500
107.1800	304.7067	174.4500
92.7600	305.5100	174.4500
83.7500	306.2433	174.4500
78.8300	306.7700	174.4500
75.8700	306.8767	174.4500
74.2600	307.2733	174.4500
73.8600	307.4533	174.4500
74.7800	307.5100	174.4500
75.5100	307.7267	174.4500
75.2200	307.4433	174.4500
75.6400	307.0033	174.4500
75.4500	306.5533	174.5300
72.9200	306.9467	174.5300
68.9600	307.2533	174.5300
65.5900	307.4133	174.5300
63.1800	307.7967	174.5300
63.2200	304.7933	174.5300
77.4800	303.1100	174.5300
101.9800	301.8000	174.5300
102.9900	301.7800	174.5300
92.1600	302.4300	174.5300
81.2600	302.7500	174.5300
73.0400	303.5600	174.5300
69.1500	303.8367	174.5300
94.1600	303.9733	174.5300
108.6300	303.9500	174.5300
101.3200	304.2333	174.5300
92.6800	304.4400	174.5300
87.9400	303.9367	174.5300
80.3400	303.2633	174.5300
72.8200	303.1433	174.5300
66.8300	303.5567	174.5300
62.4400	304.4767	174.5300
59.2900	305.2200	174.5300
57.1300	302.4167	174.5300
56.0600	303.0233	174.5300
55.6300	302.7433	174.5300
55.7900	303.3167	174.5300
56.9600	305.9100	174.5300
65.1500	304.7467	174.5300
121.6400	303.8233	174.5300
149.8600	303.7267	174.5300
137.5800	303.7067	174.6200
117.4600	303.6067	174.6200
110.5200	303.5567	174.6200
103.8800	303.8200	174.6200
90.0800	304.1300	174.6200
78.3300	304.6333	174.6200
69.3200	305.4433	174.6200
61.9100	306.4167	174.6200
56.2000	307.5467	174.6200
52.0000	308.7700	174.6200
49.0200	305.5400	174.6200
47.3500	304.6733	174.6200
47.8100	305.2267	174.6200
48.5600	307.5967	174.6200
48.6900	307.7433	174.6200
48.2000	306.8700	174.6200
49.0600	306.0833	174.6200
53.3400	305.6833	174.6200
58.2700	305.6633	174.6200
61.0200	306.1067	174.6200
62.0900	306.3500	174.6200
66.3800	306.1200	174.6200
68.5400	305.7133	174.6200
66.0600	305.1400	174.6200
61.4900	305.4067	174.6200
56.6500	306.2300	174.6200
52.4200	304.6867	174.6200
56.0700	301.7067	174.6200
86.9400	301.9433	174.6200
98.9700	302.1233	174.6200
100.4000	302.3567	174.6100
99.1500	301.6933	174.2500
98.7800	301.7133	174.2500
91.8900	301.4567	174.2500
80.0100	300.9333	174.2500
69.1400	301.3800	174.2500
60.7400	302.0200	174.2500
55.0600	302.4833	174.2500
50.7200	302.7133	174.2500
47.2500	303.3067	174.2500
44.6500	304.0800	174.2500
45.2700	303.7700	174.2500
56.7000	303.0000	174.2500
62.2100	302.6667	174.2500
60.0200	302.4900	174.2500
65.2800	302.6567	174.2500
74.2800	303.0533	174.2500
80.6700	302.8600	174.2500
88.6200	302.6500	174.2500
93.1200	302.6333	174.2500
137.9900	302.7000	174.2500
196.6600	302.1600	174.2500
210.2400	302.4600	174.2500
175.4200	302.9033	174.2500
130.5600	303.1733	174.2500
94.8700	303.5067	174.2500
72.2900	303.9400	174.2500
70.7900	303.0000	174.2500
86.6500	301.4300	174.2500
88.4300	300.5033	174.2500
78.2000	298.5033	174.2300
66.6200	297.7367	173.4500
57.3600	297.7867	173.4500
50.6900	297.8867	173.4500
46.1900	297.5667	173.4500
60.3400	292.3367	173.4500
118.8700	293.0367	173.4500
119.7800	295.0767	173.4500
104.7900	295.9000	173.4500
96.6800	297.1933	173.4500
87.9000	297.9700	173.4500
80.5100	296.6733	173.4500
72.9300	296.4833	173.4500
106.9000	294.6400	173.4500
141.1200	294.5633	173.4500
176.5900	294.1233	173.4500
181.5500	293.0100	173.4500
171.2500	290.7300	173.4500
131.6000	288.5800	173.4500
98.0000	287.3933	173.4500
75.8200	287.0300	173.4500
63.0000	287.4267	173.4500
55.6800	288.5700	173.4500
51.9900	290.4067	173.4500
62.3800	290.4733	173.4500
74.7000	288.4067	173.4500
74.9200	287.9300	173.4500
71.9100	288.7167	173.4500
99.3300	289.8933	173.4500
122.1200	290.8667	173.4500
114.1700	292.6067	173.4500
99.6300	293.6167	173.4400
104.0100	290.0067	173.0300
109.2900	287.8300	173.0300
103.0500	287.4967	173.0300
94.7300	287.9133	173.0300
88.1000	288.3500	173.0300
84.0500	287.9133	173.0300
82.0600	287.3500	173.0300
81.4700	287.4033	173.0300
81.6700	288.1733	173.0300
109.4700	289.9100	173.0300
373.2200	290.0400	173.0300
433.7100	288.8000	173.0300
393.2800	287.3767	173.0300
382.8300	286.9533	173.0300
315.7800	287.1567	173.0300
253.6100	287.4700	173.0300
215.2000	287.8800	173.0300
197.1500	286.9500	173.0300
192.6100	284.8067	173.0300
196.0700	283.6367	173.0300
203.0000	283.9800	173.0300
213.6000	284.9500	173.0300
272.1800	284.1767	173.0300
307.6300	284.8600	173.0300
313.4600	285.4833	173.0300
301.3900	285.0200	173.0300
282.0300	282.6400	173.0300
265.1000	281.1800	173.0300
253.6600	282.4033	173.0300
246.6300	283.9033	173.0200
246.3400	283.4500	172.6000
279.0900	283.7133	172.6000
478.2000	286.3500	172.6000
531.3100	283.9033	172.6000
499.8100	281.7633	172.6000
432.3100	279.5800	172.6000
375.0500	278.6600	172.6000
339.5300	280.0967	172.6000
342.5800	283.7467	172.6000
391.1700	283.9333	172.6000
412.5800	279.8933	172.6000
409.7000	278.2233	172.6000
420.2500	278.8433	172.6000
467.8600	282.3633	172.6000
477.9400	285.2167	172.6000
498.6100	285.2833	172.6000
458.1400	282.1400	172.6000
435.1300	280.8400	172.6000
632.8100	280.9200	172.6000
696.1700	280.0533	172.6000
673.9100	278.2033	172.6000
610.9400	278.2767	172.6000
552.8500	279.4300	172.6000
513.7900	280.3167	172.6000
551.1300	283.0967	172.6000
669.5200	282.1700	172.6000
674.1200	279.3700	172.6000
638.8100	278.3200	172.6000
585.3400	276.3800	172.6000
542.8900	276.3967	172.6000
525.7500	277.8433	172.6000
534.9800	280.3967	172.5300
527.8000	278.0067	172.5300
510.7200	275.7400	172.5300
487.0800	274.6133	172.5300
463.9000	274.0267	172.5300
444.0500	273.6900	172.5300
427.0300	273.5367	172.5300
412.6800	273.6467	172.5300
399.9800	273.4300	172.5300
388.6300	273.3533	172.5300
376.7000	273.3267	172.5300
362.2800	273.6233	172.5300
347.2200	273.9467	172.5300
333.3600	274.4167	172.5300
320.5000	274.8500	172.5300
308.1700	276.8800	172.5300
317.1900	280.3367	224.1900
365.7700	281.5767	363.5400
375.3400	281.8433	380.0600
359.5600	282.6000	370.0100
348.7100	284.6600	358.7500
430.4300	286.4500	433.8100
418.9500	285.7233	434.3400
394.3000	285.3700	406.6100
504.9200	287.5667	487.4100
581.2800	284.0767	588.0700
550.3800	280.8133	567.4900
490.7500	279.6467	514.3700
429.2700	280.5600	451.6700
400.3400	281.1167	412.6600
426.8500	280.0000	430.1900
427.6900	277.8300	435.5900
410.8500	278.6733	422.2100
387.1200	280.0367	399.3100
367.7000	280.2700	377.9700
415.7500	281.0333	404.9800
628.6800	282.0933	603.1900
658.5100	279.8067	668.0000
603.0300	278.3200	627.5300
523.9000	278.3667	550.7000
480.1900	277.7833	498.0300
455.8800	275.9467	469.3400
436.8200	275.6600	447.9600
424.1700	275.2233	434.1500
418.2900	274.8567	427.5300
412.7000	276.2933	420.7200
423.0300	275.8833	427.7200
417.0600	275.0200	425.9800
395.1100	275.2867	406.6300
370.8700	275.9900	382.2300
350.0300	277.5100	360.2000
333.0000	279.2167	341.8900
322.8300	281.3967	329.1900
358.4500	283.4767	355.5300
372.9000	281.9633	376.3400
361.0000	279.5867	369.8000
334.5700	277.7667	346.3200
307.7600	277.1667	319.0700
286.1700	277.1700	295.7100
270.1500	277.5333	277.8400
268.8900	278.6600	270.7900
328.6800	278.3000	319.8000
341.9600	278.0167	345.4200
331.6700	277.7767	339.0500
306.5100	277.9300	317.7800
277.2100	278.6233	288.9100
253.1900	280.1033	263.0600
235.8800	282.0867	243.6100
252.7900	282.5000	249.3400
516.3600	284.7067	457.5600
783.5300	286.6967	756.3800
768.9100	286.7333	796.1900
628.9100	284.8500	673.2400
512.3100	284.2167	546.6400
438.5300	283.6967	461.7500
395.5500	283.6967	410.7000
372.5400	283.6867	382.7200
359.4000	283.9800	367.0000
349.2400	285.1667	355.7900
339.8400	285.8900	346.0400
336.5600	284.0600	341.3200
339.3200	281.8633	342.9500
340.3900	283.7167	343.7400
334.9800	285.3700	340.3000
322.7400	286.1900	329.9400
308.5500	285.4533	316.5000
292.0600	286.3033	300.1400
277.7300	286.8933	284.7700
266.2500	285.6433	272.3000
256.4500	285.6867	261.8300
246.9600	286.9267	252.2600
236.7300	288.2033	242.2100
226.1800	289.0067	231.6900
216.0500	290.2300	221.3500
206.4900	292.0333	211.5600
197.3700	292.8567	202.2500
188.6600	292.9467	193.3400
181.9300	293.2533	185.6700
222.2100	291.0133	213.2000
251.1500	289.0200	249.0500
253.6700	288.7867	256.3200
234.2500	289.2067	243.7800
203.0100	289.9267	215.3200
175.9100	290.4600	186.3800
159.6300	291.1833	173.4900
151.5800	292.1600	173.4400
146.9200	293.0767	173.4400
143.2000	293.3867	173.4400
139.8200	292.6333	173.4400
136.7600	292.6833	173.4400
134.1800	292.4333	173.4400
132.0500	292.4567	173.4400
130.0000	292.9767	173.4400
128.5600	293.9567	173.4400
158.9900	294.4667	173.4400
203.7600	294.3433	173.4400
195.4000	293.5033	173.4400
168.2400	292.2733	173.4400
145.6600	291.8200	173.4400
131.4900	292.1767	173.4500
122.9200	293.0433	173.9400
112.5100	294.8867	173.9400
123.7600	295.7433	173.9400
326.2400	293.8100	173.9400
321.9800	294.7300	173.9400
232.5900	295.7867	173.9400
164.3600	296.9833	173.9400
126.6000	297.9467	173.9400
107.5600	297.5433	173.9400
98.1400	296.5733	173.9400
93.7100	295.7867	173.9400
92.2900	297.2267	173.9400
91.9400	298.7267	173.9400
91.4900	300.2400	173.9400
90.7800	301.2667	173.9400
90.0000	301.7500	173.9400
90.2900	301.6733	173.9400
94.7200	300.9200	173.9400
97.4800	300.1867	173.9400
97.3200	299.8833	173.9400
101.9100	299.9400	173.9400
140.7700	299.6833	173.9400
157.8300	300.1733	173.9400
144.2900	300.6100	173.9400
124.6300	300.9533	173.9400
108.8900	300.8067	173.9400
98.8500	301.2800	173.9400
92.6900	302.0467	173.9400
91.5700	302.0667	173.9400
114.8800	301.1133	173.9400
149.0800	299.4867	174.2000
164.6800	298.8967	186.3300
156.6300	299.1400	186.3300
138.5300	299.3167	186.3300
126.4700	299.6567	186.3300
117.1800	300.3833	186.3300
113.9700	300.5300	186.3300
116.4200	300.8600	186.3300
105.8700	300.7733	186.3300
91.8500	300.6167	186.3300
81.1300	301.8467	186.3300
74.0900	303.3433	186.3300
69.6400	304.8533	186.3300
66.8400	306.3400	186.3300
65.0600	306.5467	186.3300
63.9900	303.5133	186.3300
69.1300	302.5267	186.3300
84.9600	303.3400	186.3300
86.7700	304.2800	186.3300
81.6100	305.1667	186.3300
83.3000	305.2000	186.3300
91.6100	305.3000	186.3300
88.6600	305.7100	186.3300
81.4600	306.3400	186.3300
75.0400	307.0900	186.3300
70.2800	307.8467	186.3300
72.1000	306.5833	186.3300
78.0600	305.2267	186.3300
76.1500	305.0633	186.3300
72.2100	305.5667	186.3300
68.8000	306.0000	186.3300
72.9200	304.3067	186.4200
86.8500	302.9467	186.4200
86.6400	302.9067	186.4200
79.6000	302.7033	186.4200
72.0300	303.3667	186.4200
65.8300	304.5867	186.4200
61.3600	305.7667	186.4200
58.4100	307.1667	186.4200
56.3200	305.3633	186.4200
59.3300	303.0733	186.4200
66.4200	303.7133	186.4200
65.7800	304.0433	186.4200
63.2400	304.7800	186.4200
60.8400	305.6633	186.4200
60.3400	306.3367	186.4200
62.2200	306.3867	186.4200
71.4900	305.1600	186.4200
104.3100	303.4567	186.4200
125.9000	302.9667	186.4200
117.9800	303.3267	186.4200
98.9700	303.8833	186.4200
81.4700	304.6600	186.4200
69.8200	306.2067	186.4200
62.6300	307.6233	186.4200
58.4000	308.2400	186.4200
55.5500	307.3767	186.4200
53.9000	304.0333	186.4200
55.7700	304.9967	186.4200
59.8900	306.1767	186.4200
61.4200	306.9167	186.4200
60.8500	307.3967	186.4200
59.8800	307.4233	186.5100
56.2600	307.2400	186.5100
54.2100	307.0133	186.5100
55.1600	306.7567	186.5100
53.3200	306.8067	186.5100
50.9000	306.7900	186.5100
49.3100	306.8000	186.5100
48.1400	306.9600	186.5100
47.6900	307.1067	186.5100
47.5900	307.1500	186.5100
46.8600	307.9867	186.5100
45.6400	308.9667	186.5100
44.8500	309.3400	186.5100
47.6900	307.4800	186.5100
71.9200	304.6167	186.5100
82.8100	304.6067	186.5100
78.2200	304.7333	186.5100
71.0200	305.0433	186.5100
64.6500	305.1700	186.5100
59.4700	304.8167	186.5100
56.9600	304.9000	186.5100
55.0600	305.2500	186.5100
52.8100	305.6033	186.5100
50.5900	306.5500	186.5100
48.2800	307.4100	186.5100
46.1900	304.7567	186.5100
44.4100	302.9400	186.5100
43.0100	302.4333	186.5100
42.8300	300.7767	186.5100
48.3000	301.4200	186.5100
53.9000	301.2967	186.5100
55.9600	302.2900	186.1000
54.2600	303.1567	186.1000
50.3200	304.1567	186.1000
46.3200	302.8133	186.1000
43.1400	297.1333	186.1000
40.7800	298.6933	186.1000
39.0900	301.2833	186.1000
37.8700	302.3467	186.1000
36.9700	302.2133	186.1000
36.3100	301.5767	186.1000
35.8300	303.3033	186.1000
35.4600	303.6867	186.1000
35.2300	299.7900	186.1000
35.0900	300.3700	186.1000
34.9800	301.8200	186.1000
34.8800	301.8767	186.1000
34.7800	302.4000	186.1000
34.6800	303.5333	186.1000
34.6100	303.4267	186.1000
34.5400	303.9733	186.1000
34.4800	302.9267	186.1000
34.4300	302.2167	186.1000
34.4000	302.2767	186.1000
34.5300	302.0667	186.1000
34.8600	303.4133	186.1000
35.2300	301.5833	186.1000
47.5300	296.5033	186.1000
74.5900	295.1467	186.1000
82.1800	294.7933	186.1000
74.3200	295.3733	186.0800
63.4600	295.8533	185.2200
54.3600	296.0567	185.2200
47.7100	295.6833	185.2200
43.1800	288.9267	185.2200
40.1700	288.3200	185.2200
38.1600	289.5567	185.2200
36.8000	291.2800	185.2200
35.8500	293.8833	185.2200
35.1800	295.4367	185.2200
34.6800	296.1967	185.2200
34.3200	295.9767	185.2200
34.0400	295.0167	185.2200
33.8800	295.8067	185.2200
34.1700	295.1033	185.2200
34.4800	291.0067	185.2200
34.6200	291.5267	185.2200
34.6400	293.2333	185.2200
34.5500	293.9700	185.2200
34.4200	293.5200	185.2200
34.2700	294.3800	185.2200
34.1100	292.7000	185.2200
33.9800	292.4333	185.2200
33.8700	292.2200	185.2200
33.7900	293.4333	185.2200
34.3500	295.9900	185.2200
42.9700	296.7300	185.2200
54.4700	297.9900	185.2200
81.3600	297.5600	185.2200
148.5700	293.7200	185.2200
139.6200	290.6367	185.2200
107.6400	290.0100	185.2100
80.0600	290.3200	184.7600
63.2800	291.1367	184.7600
54.0500	291.2833	184.7600
49.3900	291.1633	176.9400
48.3900	289.9000	49.9000
47.9500	288.2833	49.0200
47.0900	285.6000	48.1000
45.8500	284.3167	46.8900
44.4300	286.3733	45.4600
43.0400	288.4067	43.9900
41.8100	288.7533	42.6400
40.7900	287.8233	41.4800
39.9700	287.1267	40.5300
39.3300	286.9667	39.7800
41.4500	287.8867	40.5500
94.8200	290.0533	83.1700
121.1600	289.2400	121.8300
106.6100	287.7000	115.7400
86.5100	287.1733	96.3800
70.1500	287.3233	77.8400
58.8700	287.6633	64.5100
51.5500	288.2800	55.5100
46.8800	290.4233	49.6000
46.0600	288.2633	47.8400
49.8600	289.5667	50.9500
51.7500	290.4433	52.7200
53.5300	287.9900	54.8400
55.0700	285.2300	56.6600
53.7500	284.2900	55.7100
52.1700	285.1200	53.8000
82.2000	283.8200	76.3100
117.2500	280.0533	114.3500
112.3700	279.5500	118.0500
95.7900	279.8833	104.3400
79.6200	280.4467	87.0800
68.2600	280.0633	73.6700
60.9100	279.3600	64.6500
56.2800	276.7467	58.7900
53.3200	275.9400	55.0100
51.4000	276.6633	52.5500
50.1200	278.6267	50.9100
50.9500	279.7833	51.2100
60.8200	275.4000	60.2400
67.0500	275.0200	66.8800
67.4000	274.9367	68.6000
64.4900	275.3100	66.5600
61.5000	277.3500	63.5100
62.1800	278.4567	63.6200
64.3600	277.8067	65.7000
64.7500	277.2100	66.4500
62.6600	277.4733	64.6800
59.7400	278.9033	61.7500
56.9600	279.9833	58.7300
54.5900	277.6033	56.0600
52.7400	277.2333	53.8900
52.1400	275.4833	52.7800
53.5200	274.8567	53.7100
54.5000	275.2967	54.7200
54.6400	276.5267	55.0500
54.0700	277.9833	54.6800
