199.1400	274.3567	154.3200
181.9400	274.0467	154.3200
166.6600	273.9533	154.3200
156.3500	273.9033	154.3200
151.3200	273.9433	154.3200
149.8600	274.4733	154.3200
154.0600	276.2267	154.3200
164.9900	278.7433	154.3200
177.6400	278.3167	154.3200
187.7800	277.7767	154.3200
187.3700	276.6267	154.3200
176.6300	275.9367	154.3200
175.5000	275.7867	154.3200
182.6100	276.8367	154.3200
190.2000	277.7000	154.3200
193.1900	278.8833	154.3200
187.8100	279.0933	154.3200
183.5800	278.6067	154.3200
219.7300	278.2567	154.3200
249.8300	278.1033	154.3200
248.8900	277.2133	154.3200
225.2500	275.7033	154.3200
201.5100	275.4200	154.3200
185.7900	276.1067	154.3200
177.5700	277.0233	154.3200
173.7300	277.6567	154.3200
171.6900	278.5167	154.3200
170.3800	279.9000	154.3200
169.3900	279.6300	154.3200
169.9700	283.1767	154.3200
199.4000	282.7967	154.3200
234.6200	282.0700	154.3200
241.9500	281.0100	154.3200
218.4800	280.3467	154.3200
194.4000	279.3300	154.3200
180.9200	279.1267	154.3200
174.8100	279.3700	154.3200
171.9000	279.4833	154.3200
170.1200	284.2300	154.3200
168.6900	286.5800	154.3200
167.9100	288.0400	154.3200
174.0900	280.9033	154.3200
186.0900	279.3233	154.3200
199.7000	278.2933	154.3200
210.8700	278.6067	154.3200
244.7000	282.2900	154.3200
312.7800	286.5000	154.3200
371.8400	287.0267	154.3200
587.0100	283.8600	154.3200
595.7500	280.9567	154.3200
451.0900	279.8200	154.3200
332.4900	281.0633	154.3200
288.6900	283.9700	154.3200
288.5200	284.6367	154.3200
299.5200	283.8367	154.3200
306.9100	284.2400	154.3200
314.2800	286.5300	154.3200
340.0600	285.8033	154.3200
355.0800	283.9200	154.3200
409.5100	283.8900	154.3200
480.5500	282.6133	154.3200
492.2300	282.4300	154.3200
437.9900	283.1333	154.3200
404.7100	283.1333	154.3200
414.7900	283.2333	154.3200
403.1900	282.7333	154.3200
376.7200	282.9133	154.3200
355.1700	284.6367	154.3200
347.6900	284.8800	154.3200
347.5600	283.9133	154.3200
340.3600	283.4067	154.3200
381.6600	284.1100	154.3200
520.2800	286.2367	154.3200
495.2700	286.7433	154.3200
479.2600	286.7200	154.3200
483.9200	286.4467	154.3200
428.5300	284.4000	154.3200
385.4300	282.8400	154.3200
359.6100	281.6933	154.3200
346.0200	281.1400	154.3200
336.9200	281.9033	154.3200
329.6000	283.5867	154.3200
322.2900	285.6033	154.3200
322.4300	288.0500	154.3200
361.9600	287.0333	154.3200
358.7900	284.2500	154.3200
335.1100	281.8533	154.3200
312.8300	280.8067	154.3200
306.5200	280.4500	154.3200
322.2500	281.5067	154.3200
322.4900	283.2767	154.3200
304.7900	284.9767	154.3200
284.2700	285.9500	154.3200
268.6500	289.2167	154.3200
258.4300	292.8333	154.3200
253.0600	295.5867	154.3200
255.1900	296.7467	154.3200
251.2500	296.7867	154.3200
244.1000	296.8767	154.3200
236.6800	297.2000	154.3200
229.6200	297.6600	154.3200
222.4700	297.6833	154.3200
217.2500	296.1167	154.3200
233.9500	293.7400	154.3200
261.3000	292.7233	154.3200
318.6600	293.1933	154.3200
368.0200	293.4800	154.3200
344.3100	291.6300	154.3200
280.8700	288.7600	154.3200
227.9400	287.8433	154.3200
196.1900	288.8933	154.3200
179.1900	291.2200	154.3200
170.0300	292.9800	154.3200
164.9400	294.2733	154.3200
186.3300	292.9500	154.3200
199.3900	291.1467	154.3200
194.7800	291.1167	154.3200
181.4300	291.8767	154.3200
166.1300	292.9200	154.3200
155.4200	293.8833	154.3200
149.7600	294.4267	154.3200
145.4600	294.9300	154.3200
140.3600	295.5300	154.3200
135.2500	296.1300	154.3200
130.8900	296.6467	154.3200
127.4900	296.6433	154.3200
135.8000	296.1733	154.3200
204.8200	296.3267	154.3200
263.7800	296.5300	154.3200
256.0200	296.3133	154.3200
215.9200	296.1733	154.3200
178.3400	296.4567	154.3200
158.4500	296.5600	154.3200
181.6000	296.6800	154.3200
189.2400	296.6300	154.3200
176.1700	296.8600	154.3200
156.2600	297.0833	154.3200
138.2400	297.7333	154.3200
126.0300	298.5667	154.3200
118.6800	299.5133	154.3200
115.6100	300.0433	154.3200
121.5800	299.9633	154.3200
205.1900	294.7467	154.3200
234.5000	292.3700	154.3200
221.6300	292.5800	154.3200
187.4300	292.4967	154.3200
155.9300	292.3267	154.3200
135.7000	293.3933	154.3200
129.4200	295.1800	154.3200
192.2300	296.9567	154.3200
222.3000	297.5033	154.3200
225.5200	297.7533	154.3200
287.7800	297.1800	154.3200
257.6400	296.9400	154.3200
213.8400	297.9233	154.3200
172.1400	299.0800	154.3200
142.8800	299.4067	154.3200
127.0300	299.7667	154.3200
126.5200	299.0000	154.3200
128.5600	299.0033	154.3200
124.3700	299.6467	154.3200
119.1600	300.3533	154.3200
114.7800	301.0700	154.3200
111.3300	301.8300	154.3200
108.6700	302.5733	154.3200
106.7400	303.2667	154.3200
114.1800	302.7300	154.3200
161.4100	301.0300	154.3200
175.0200	300.5167	154.3200
164.1600	300.4167	154.3200
145.9900	300.6000	154.3200
129.2800	301.0800	154.3200
117.6700	301.7933	154.3200
114.7800	301.2633	154.3200
119.7200	300.3800	154.3200
119.3200	300.3500	154.3200
117.9800	300.5833	154.3200
114.9100	300.9967	154.3200
110.5000	301.4433	154.3200
106.8300	301.3433	154.3200
107.8400	300.4200	154.3200
188.3700	299.1767	154.3200
250.8500	298.8267	154.3200
254.7600	299.0633	154.3200
217.4100	299.8700	154.3200
172.9000	300.5967	154.3200
141.4200	301.6133	154.3200
122.4400	302.7667	154.3200
111.4300	303.9567	154.3200
105.1000	305.0700	154.3200
101.2400	305.9600	154.3200
98.8700	304.9133	154.3200
97.3500	304.3633	154.3200
96.3000	304.7233	154.3200
95.6900	304.4767	154.3200
96.6700	302.2033	154.3200
99.2000	300.8967	154.3200
102.4800	301.1667	154.3200
103.8300	302.2333	154.3200
102.8400	303.0367	154.3200
100.9900	304.0367	154.3200
98.9300	305.1167	154.3200
96.9900	304.4600	154.3200
95.3900	304.2567	154.3200
94.1400	304.8467	154.3200
93.2200	304.7400	154.3200
92.5400	304.5533	154.3200
92.1300	304.4900	154.3200
92.7600	303.8633	154.3200
96.4100	303.1133	154.3200
102.2500	303.8767	154.3200
109.1800	303.9633	154.3200
115.2900	304.1233	154.3200
113.8600	304.6633	154.3200
107.3200	304.7267	154.3200
101.1300	305.2800	154.3200
96.8600	303.8500	154.3200
94.2100	304.4800	154.3200
92.5800	304.0967	154.3200
91.8600	303.9133	154.3200
93.1300	303.5367	154.3200
95.1600	303.4233	154.3200
96.4400	303.0667	154.3200
96.7900	303.1133	154.3200
104.7400	303.9200	154.3200
122.6600	303.3867	154.3200
135.4000	303.3367	154.3200
132.4500	303.4300	154.3200
121.7300	303.4000	154.3200
142.0600	302.7867	154.3200
166.7500	302.0467	154.3200
179.3700	302.0433	154.3200
163.0700	302.2967	154.3200
138.3800	302.8533	154.3200
119.5200	303.4433	154.3200
107.3300	304.1033	154.3200
99.7200	304.8867	154.3200
95.0400	303.2433	154.3200
92.1500	302.7133	154.3200
92.1800	302.4167	154.3200
101.6300	302.4533	154.3200
112.6600	302.3067	154.3200
119.8900	301.5933	154.3200
135.1200	299.3800	154.3200
240.2600	297.4867	154.3200
218.0000	297.1200	154.3200
174.7700	297.7600	154.3200
146.4500	298.5833	154.3200
128.7000	299.4233	154.3200
117.1900	299.9433	154.3200
117.7300	300.4433	154.3200
117.0000	300.8000	154.3200
120.7000	300.3600	154.3200
180.7500	299.7467	154.3200
213.2100	298.5033	154.3200
204.9100	297.7567	154.3200
166.4700	297.9100	154.3200
132.9500	298.7900	154.3200
112.7700	299.7567	154.3200
101.7000	300.2933	154.3200
95.7700	298.6333	154.3200
93.3200	298.7767	154.3200
93.4700	299.2367	154.3200
96.7400	298.5333	154.3200
101.2900	299.6333	154.3200
107.0000	299.8700	154.3200
110.7800	300.2200	154.3200
110.4800	299.5533	154.3200
110.8300	296.4933	154.3200
106.9800	294.6633	154.3200
101.2800	294.2200	154.3200
96.8000	294.4000	154.3200
93.6600	294.7133	154.3200
91.4000	294.3933	154.3200
89.7400	293.1900	154.3200
88.4900	293.4967	154.3200
87.5800	293.2300	154.3200
86.9100	294.2800	154.3200
86.4100	295.0800	154.3200
89.6600	291.1133	154.3200
99.2500	289.1233	154.3200
103.5100	288.4367	154.3200
101.9700	288.8733	154.3200
98.6300	290.5667	154.3200
114.4000	291.8600	154.3200
214.3200	291.6967	154.3200
243.2300	292.7433	154.3200
318.2000	292.0700	154.3200
293.8200	291.9000	154.3200
224.9100	291.1333	154.3200
170.5700	289.7167	154.3200
135.2100	288.9433	154.3200
114.6700	288.8067	154.3200
103.2100	289.7900	154.3200
96.6700	290.9767	154.3200
92.9800	292.4000	154.3200
90.7200	294.3900	154.3200
89.2800	295.6067	154.3200
88.3200	293.0067	154.3200
87.6500	291.5667	154.3200
87.1700	289.8100	154.3200
86.8300	287.0233	154.3200
86.5800	286.0000	154.3200
86.3800	286.0100	154.3200
86.2500	286.1733	154.3200
86.1400	288.6733	154.3200
86.0500	290.3267	154.3200
86.0100	292.0767	154.3200
85.9700	292.6500	154.3200
86.0700	291.8267	154.3200
86.7600	292.1567	154.3200
88.6300	291.7733	154.3200
91.5800	291.8867	154.3200
93.1900	291.4367	154.3200
92.6800	290.5900	154.3200
92.0400	290.6267	154.3200
92.1100	290.2000	154.3200
92.1200	289.8400	154.3200
91.5800	290.1367	154.3200
90.6000	290.0700	154.3200
89.5300	289.9333	154.3200
88.6000	290.2833	154.3200
87.9000	290.0833	154.3200
87.6200	290.0933	154.3200
88.3300	286.7067	154.3200
90.0200	284.9367	154.3200
91.1700	283.8933	154.3200
91.4000	286.0067	154.3200
92.3300	288.1033	154.3200
103.0400	286.9733	154.3200
107.9700	286.4267	154.3200
108.9500	287.4433	154.3200
116.9400	284.5233	154.3200
218.5400	281.2967	154.3200
235.6500	279.0400	154.3200
201.9800	278.5200	154.3200
166.5100	279.7967	154.3200
139.0800	281.4367	154.3200
120.3300	283.0033	154.3200
108.6000	284.7933	154.3200
101.5300	286.9267	154.3200
103.0100	288.4967	154.3200
110.8300	289.7133	154.3200
114.7100	288.4000	154.3200
116.6800	286.1133	154.3200
115.5600	284.7300	154.3200
126.5400	282.2333	154.3200
185.7600	281.9833	154.3200
183.3700	281.9767	154.3200
170.0000	281.7433	154.3200
187.8100	282.5333	154.3200
405.1000	286.3633	154.3200
523.9200	285.9233	154.3200
493.6300	284.7033	154.3200
373.3700	283.2767	154.3200
272.8900	282.7500	154.3200
218.5900	282.7100	154.3200
190.4000	283.3300	154.3200
175.0500	281.5467	154.3200
167.4700	280.7067	154.3200
163.9500	278.1233	154.3200
162.0400	277.6133	154.3200
161.2100	278.7600	154.3200
161.0900	279.3100	154.3200
160.9300	278.1000	154.3200
160.6000	277.5600	154.3200
160.1400	277.2100	154.3200
159.5100	276.6433	154.3200
158.5700	274.7967	154.3200
157.6700	274.1800	154.3200
156.8900	274.5800	154.3200
177.1400	275.8500	154.3200
196.9400	277.3433	154.3200
199.0300	276.4333	154.3200
188.7400	277.1900	154.3200
174.8100	279.5267	154.3200
164.0300	282.0767	154.3200
157.2600	282.0167	154.3200
153.2400	281.1900	154.3200
150.7000	281.0900	154.3200
148.8500	280.7900	154.3200
147.3800	280.0967	154.3200
146.1300	281.3700	154.3200
146.7300	281.6633	154.3200
151.9700	280.3900	154.3200
161.4700	279.3667	154.3200
161.3600	278.7033	154.3200
156.6900	279.2500	154.3200
157.1800	281.7533	154.3200
182.5400	285.5833	154.3200
239.3700	283.4667	154.3200
257.1800	281.6200	154.3200
236.6400	281.0000	154.3200
200.9800	281.5300	154.3200
172.3800	283.6833	154.3200
156.1700	286.6067	154.3200
148.5700	288.9000	154.3200
171.4800	284.9533	154.3200
269.1800	280.7100	154.3200
315.1300	279.6467	154.3200
256.8400	279.8133	154.3200
203.9600	279.7667	154.3200
186.9700	277.5967	154.3200
203.5300	276.1100	154.3200
216.3800	276.6367	154.3200
217.9700	277.1733	154.3200
212.6300	278.5900	154.3200
204.8400	278.7567	154.3200
196.7200	278.6300	154.3200
190.2400	279.2767	154.3200
186.6700	279.4833	154.3200
185.2000	279.6800	154.3200
184.7700	279.7967	154.3200
184.3100	280.5000	154.3200
183.7400	281.4100	154.3200
182.9700	283.3300	154.3200
216.3200	285.0433	154.3200
274.8600	285.2700	154.3200
282.1100	285.1200	154.3200
248.2100	284.1567	154.3200
214.9400	283.6567	154.3200
196.9100	284.0933	154.3200
188.7600	283.6367	154.3200
184.7600	281.1133	154.3200
182.5200	279.3933	154.3200
180.7700	278.4733	154.3200
182.9200	278.4400	154.3200
193.5100	277.1733	154.3200
204.2300	275.8033	154.3200
204.2000	275.8233	154.3200
194.6300	277.0500	154.3200
183.8500	279.6867	154.3200
176.7300	283.3100	154.3200
173.1500	286.3833	154.3200
178.2700	284.6633	154.3200
185.8400	283.1433	154.3200
217.3900	281.7267	154.3200
263.0700	282.9967	154.3200
241.6100	284.2900	154.3200
209.2100	286.2900	154.3200
185.9200	287.9400	154.3200
172.1800	288.1800	154.3200
175.5700	289.3167	154.3200
205.8800	289.0400	154.3200
272.2000	289.9867	154.3200
532.1600	288.4200	154.3200
524.8400	286.4367	154.3200
363.2100	283.4167	154.3200
262.2700	282.9267	154.3200
220.5000	284.9200	154.3200
209.1700	285.6400	154.3200
212.9100	284.0633	154.3200
216.2500	283.8367	154.3200
216.4700	285.9400	154.3200
220.3600	289.1467	154.3200
410.8500	288.3667	154.3200
520.3400	288.5400	154.3200
418.0400	288.9933	154.3200
325.8500	289.9067	154.3200
275.0200	287.1933	154.3200
253.1500	285.0167	154.3200
254.4300	284.1033	154.3200
261.2700	284.1800	154.3200
323.5600	286.1300	154.3200
590.3800	288.9667	154.3200
604.5500	289.9133	154.3200
459.5200	290.4500	154.3200
364.7300	291.6733	154.3200
329.4400	293.2833	154.3200
319.6500	294.5500	154.3200
317.9200	295.1867	154.3200
317.1100	295.8067	154.3200
323.3600	296.1700	154.3200
386.7600	297.1933	154.3200
393.4600	297.3100	154.3200
353.3000	297.1300	154.3200
316.6400	297.5600	154.3200
294.5800	297.0967	154.3200
283.7800	295.5200	154.3200
275.3600	295.5533	154.3200
266.9700	296.2867	154.3200
262.2500	293.3467	154.3200
346.3200	287.3633	154.3200
425.9300	289.5133	154.3200
430.2100	292.5000	173.3800
368.2100	293.6967	377.9400
308.7000	295.6400	315.8100
276.0500	297.2600	280.7200
261.1500	297.2000	264.5600
311.6300	292.9633	316.4900
331.8100	292.2833	339.5100
306.0200	293.4300	314.8500
277.7600	295.2533	284.8600
251.9300	296.6933	257.3300
231.8300	297.6967	236.0600
223.1400	297.2433	227.8500
262.3900	295.0733	268.6900
271.4000	296.2200	277.9600
252.7100	296.5867	258.6600
266.7500	293.5233	270.7900
273.7700	292.4433	277.9000
258.2700	292.3267	263.5000
223.3400	293.7300	229.3300
242.8000	292.7833	243.7100
281.2300	290.2267	284.6400
265.3600	289.5133	271.1400
226.4800	289.7733	233.2000
186.4600	290.7500	191.8700
160.1800	291.6767	163.8900
146.2300	292.8500	154.3400
139.0500	294.2233	154.3200
134.7800	295.9167	154.3200
132.2800	297.2633	154.3200
151.9800	297.1100	154.3200
253.8500	296.8500	196.4300
330.5500	296.5600	335.5200
302.0000	296.3767	311.4800
242.1100	296.9000	250.8300
191.4600	298.0967	197.8500
157.8800	299.2133	162.7100
138.6300	300.2433	154.3200
128.9600	301.0333	154.3200
126.1900	300.9700	154.3200
126.9800	300.1800	154.3200
140.7700	300.1633	154.3200
153.6000	300.5367	154.3200
147.5400	300.8067	154.3200
151.4700	300.8600	154.3200
156.3500	300.9933	154.3200
147.8600	301.6433	154.3200
137.6100	301.4600	154.3200
136.6200	300.5567	154.3200
137.2800	299.5233	154.3200
135.3600	298.7267	154.3200
129.8700	298.9000	154.3200
122.9700	299.4767	154.3200
117.1000	300.5333	154.3200
113.4600	301.0200	154.3200
112.3700	301.4867	154.3200
110.6200	301.8833	154.3200
108.6500	301.7300	154.3200
110.4100	301.0900	154.3200
117.6500	300.4100	154.3200
118.6400	300.2633	154.3200
120.1600	300.4633	154.3200
120.6500	300.5733	154.3200
121.4300	300.5700	154.3200
125.6100	300.8333	154.3200
135.2400	301.2133	154.3200
156.5400	301.3733	154.3200
175.5800	301.0267	154.3200
174.8300	301.2133	154.3200
156.2000	301.6100	154.3200
135.5500	302.4467	154.3200
120.1500	303.2633	154.3200
110.2800	304.1367	154.3200
104.4600	305.0200	154.3200
101.1300	305.7967	154.3200
99.4800	304.7067	154.3200
98.8900	303.4233	154.3200
102.8100	302.3333	154.3200
119.5100	301.5767	154.3200
130.3200	301.3433	154.3200
134.0900	300.5933	154.3200
137.6600	300.3867	154.3200
135.2400	301.1633	154.3200
125.0900	302.0467	154.3200
115.5500	302.9900	154.3200
109.0500	304.0433	154.3200
104.3000	305.2467	154.3200
100.2000	306.2200	154.3200
97.5700	306.2400	154.3200
98.5600	306.2833	154.3200
101.7400	306.3233	154.3200
104.0100	303.8033	154.3200
103.1400	303.4733	154.3200
99.9800	303.5700	154.3200
97.6700	304.9567	154.3200
95.9400	305.2267	154.3200
94.7500	305.6000	154.3200
94.5900	305.7500	154.3200
95.4100	306.0500	154.3200
95.6100	306.2867	154.3200
95.0100	306.4767	154.3200
94.1400	304.2333	154.3200
93.1700	302.6400	154.3200
92.3700	302.0933	154.3200
92.0000	302.8133	154.3200
91.9700	301.8100	154.3200
91.8700	301.7700	154.3200
91.4600	301.8500	154.3200
91.4600	301.6900	154.3200
100.2300	301.8033	154.3200
125.9900	301.3667	154.3200
149.9800	301.0700	154.3200
147.3100	301.8500	154.3200
128.6200	302.6933	154.3200
112.6300	303.7200	154.3200
102.4500	304.6500	154.3200
96.3100	305.3167	154.3200
92.6900	303.4600	154.3200
90.4300	303.4700	154.3200
89.0700	303.5633	154.3200
93.2100	303.0167	154.3200
102.3700	302.9467	154.3200
107.4900	302.8033	154.3200
108.7000	302.8900	154.3200
105.7200	302.9400	154.3200
100.4500	303.0800	154.3200
95.6300	301.6833	154.3200
92.2300	301.6867	154.3200
89.9700	302.1233	154.3200
88.4300	302.2500	154.3200
87.3800	302.9000	154.3200
86.6500	302.9833	154.3200
86.1600	302.7233	154.3200
86.4000	302.0000	154.3200
89.2000	301.4100	154.3200
92.5000	301.5700	154.3200
96.0000	301.8867	154.3200
99.4400	302.3300	154.3200
100.5700	300.7467	154.3200
98.5800	300.5833	154.3200
95.3600	301.6300	154.3200
92.5100	301.6133	154.3200
90.6300	301.1800	154.3200
89.8000	300.6933	154.3200
89.8800	300.9367	154.3200
104.6100	299.3800	154.3200
168.7500	298.0633	154.3200
194.1000	297.8400	154.3200
170.8700	297.2967	154.3200
141.4300	296.3200	154.3200
119.6100	296.0200	154.3200
105.9600	296.3700	154.3200
97.8300	295.4500	154.3200
93.1400	296.2267	154.3200
90.3100	296.8733	154.3200
88.5100	297.0833	154.3200
87.2900	297.9533	154.3200
86.4400	298.7433	154.3200
85.8300	299.8600	154.3200
85.3800	299.4800	154.3200
85.0400	298.3833	154.3200
84.7800	298.1400	154.3200
85.0600	297.8733	154.3200
88.9400	294.8400	154.3200
94.8500	292.5733	154.3200
157.8100	290.6767	154.3200
220.4100	290.1233	154.3200
211.1800	291.4300	154.3200
173.8600	292.4800	154.3200
139.5000	291.5267	154.3200
117.1700	291.2267	154.3200
104.2200	291.0133	154.3200
96.7500	289.6033	154.3200
92.4800	288.5967	154.3200
120.9100	289.4833	154.3200
261.9000	291.6833	154.3200
256.1400	291.7433	154.3200
207.3500	291.6433	154.3200
165.4300	291.8033	154.3200
134.8500	291.4067	154.3200
116.1500	291.3467	154.3200
106.2500	291.6667	154.3200
101.4900	291.4900	154.3200
100.7200	291.0933	154.3200
103.1200	291.1567	154.3200
109.5600	290.8200	154.3200
111.3600	290.3500	154.3200
109.5100	289.5600	154.3200
106.2100	288.1767	154.3200
104.2500	285.1800	154.3200
127.6500	282.3767	154.3200
142.8300	282.9567	154.3200
147.9900	283.7767	154.3200
138.7900	283.3533	154.3200
125.8800	283.6267	154.3200
114.3100	284.9400	154.3200
105.3700	287.1000	154.3200
98.7600	288.2500	154.3200
94.3100	286.8933	154.3200
91.4000	285.6567	154.3200
89.4700	284.7367	154.3200
88.1900	285.6833	154.3200
87.5300	284.2600	154.3200
87.0800	283.0567	154.3200
86.6600	283.7467	154.3200
86.3000	284.4433	154.3200
85.9900	284.5167	154.3200
85.7500	284.7567	154.3200
85.5400	284.3867	154.3200
85.3800	283.3667	154.3200
85.2500	283.6533	154.3200
85.1500	284.6533	154.3200
87.0300	282.0967	154.3200
91.0000	280.4900	154.3200
93.1400	279.4133	154.3200
94.1100	278.9133	154.3200
94.2000	280.1033	154.3200
93.1300	279.0267	154.3200
91.3900	279.2933	154.3200
89.7400	281.0767	154.3200
91.3900	279.8200	154.3200
121.5600	279.0000	154.3200
140.6700	277.6800	154.3200
142.3200	277.1000	154.3200
132.0100	277.4200	154.3200
117.7500	278.0633	154.3200
106.6300	278.4667	154.3200
104.7700	279.5467	154.3200
106.8300	280.4967	154.3200
112.3400	280.6167	154.3200
141.1200	280.3567	154.3200
144.4900	280.5467	154.3200
136.8200	281.4533	154.3200
125.8600	283.1200	154.3200
114.2100	284.9533	154.3200
106.7700	286.2767	154.3200
106.8500	285.3567	154.3200
104.1600	283.4600	154.3200
100.4500	283.0500	154.3200
97.7400	282.4133	154.3200
136.9600	279.9967	154.3200
179.7100	278.4667	154.3200
177.3100	277.2067	154.3200
158.8500	276.6133	154.3200
136.0400	277.0900	154.3200
117.8900	277.7767	154.3200
106.3300	279.7433	154.3200
113.6300	282.8167	154.3200
162.9400	282.6500	154.3200
182.5100	281.9167	154.3200
170.2500	280.5400	154.3200
146.4800	279.9000	154.3200
125.9100	280.1933	154.3200
112.6700	280.9333	154.3200
104.9400	280.9767	154.3200
100.6400	279.9667	154.3200
98.2800	282.0867	154.3200
96.8600	282.0167	154.3200
95.9100	279.1867	154.3200
95.2500	278.0200	154.3200
94.8300	277.4767	154.3200
94.6100	278.1033	154.3200
94.5200	278.5833	154.3200
94.5200	278.8633	154.3200
95.3400	276.4167	154.3200
96.2900	276.0100	154.3200
96.9900	276.3067	154.3200
97.4000	277.8800	154.3200
97.5300	281.1733	154.3200
97.2800	279.4633	154.3200
96.6700	277.2567	154.3200
96.0300	276.1233	154.3200
95.5100	275.7533	154.3200
95.0600	276.0733	154.3200
94.7800	276.5467	154.3200
94.5900	278.0033	154.3200
94.5500	282.0600	154.3200
94.5800	280.3933	154.3200
94.5900	280.6233	154.3200
94.6100	281.3200	154.3200
94.6300	282.8800	154.3200
94.4800	285.7133	154.3200
90.1200	282.8633	154.3200
83.6900	281.1667	154.3200
82.3200	280.8833	154.3200
98.9200	279.5700	154.3200
109.7000	277.9000	154.3200
113.5000	276.9800	154.3200
112.4400	276.6400	154.3200
110.2900	277.4700	154.3200
106.9600	278.8333	154.3200
102.4200	280.0167	154.3200
107.9600	282.2633	154.3200
146.0500	286.3800	154.3200
178.1500	286.0567	154.3200
175.3300	282.2233	154.3200
152.8300	281.3933	154.3200
132.4400	282.6867	154.3200
117.9300	283.8167	154.3200
106.3300	284.2867	154.3200
129.7200	285.2933	154.3200
177.1300	284.2367	154.3200
179.0200	282.8800	154.3200
165.6800	280.6567	154.3200
154.5400	278.1600	154.3200
143.0800	277.0867	154.3200
135.9600	277.3433	154.3200
134.4500	278.2867	154.3200
134.6000	280.1233	154.3200
129.4200	281.3033	154.3200
119.4600	281.7033	154.3200
109.4000	282.8167	154.3200
102.6600	282.5300	154.3200
99.0000	282.4867	154.3200
96.5300	285.0267	154.3200
95.0200	287.0067	154.3200
94.0800	283.7433	154.3200
93.4700	283.1700	154.3200
93.1100	286.4833	154.3200
94.0600	290.0900	154.3200
106.1900	291.4733	154.3200
118.7100	290.8467	154.3200
123.5100	291.0800	154.3200
119.6100	291.9067	154.3200
112.5900	292.6733	154.3200
133.1300	290.7900	154.3200
186.6600	289.5767	154.3200
200.7900	288.0667	154.3200
186.1800	287.7567	154.3200
159.9700	288.1133	154.3200
138.2000	288.7167	154.3200
124.3700	289.5867	154.3200
120.8900	290.3167	154.3200
132.2800	289.4833	154.3200
129.8400	289.8733	154.3200
120.9100	288.1433	154.3200
112.8100	286.2600	154.3200
106.8500	285.3800	154.3200
102.8400	286.2300	154.3200
99.9700	288.2300	154.3200
97.9000	289.7767	154.3200
96.4800	290.9933	154.3200
96.3500	291.5467	154.3200
100.4900	291.6267	154.3200
107.4000	292.5567	154.3200
118.5900	292.6300	154.3200
124.4100	289.5633	154.3200
122.7800	287.5833	154.3200
116.1200	287.8233	154.3200
108.0200	288.9367	154.3200
101.3600	290.3500	154.3200
96.9700	291.0500	154.3200
94.1100	291.4667	154.3200
92.1900	292.5433	154.3200
90.8000	292.4333	154.3200
89.7800	293.5767	154.3200
88.9900	294.6167	154.3200
99.3200	295.2733	154.3200
111.6500	294.6533	154.3200
114.7200	293.8367	154.3200
112.9100	293.6467	154.3200
117.0400	292.9400	154.3200
145.1500	293.9733	154.3200
158.0100	292.9267	154.3200
152.2800	292.7167	154.3200
137.9200	293.3700	154.3200
123.6300	294.7200	154.3200
111.6900	295.7667	154.3200
99.0100	296.7133	154.3200
94.2500	298.1467	154.3200
123.9000	299.1967	154.3200
156.2800	299.6167	154.3200
149.2000	299.8900	154.3200
143.8300	299.6300	154.3200
144.4100	299.9400	154.3200
140.8000	300.3900	154.3200
131.5200	300.7467	154.3200
123.3600	301.0433	154.3200
114.4200	301.0200	154.3200
108.4900	299.0767	154.3200
105.5200	297.8333	154.3200
105.9500	297.7933	154.3200
154.5000	297.5767	154.3200
200.7800	298.2333	154.3200
196.7300	298.2100	154.3200
187.4800	296.8633	154.3200
164.7500	297.0100	154.3200
143.1600	297.5033	154.3200
132.7900	296.5733	154.3200
131.5600	295.3567	154.3200
129.0600	295.3600	154.3200
124.3600	295.7533	154.3200
116.4900	296.6167	154.3200
110.1500	296.5367	154.3200
107.3100	296.0667	154.3200
100.2900	296.4567	154.3200
92.2300	297.2033	154.3200
87.2900	298.5867	154.3200
84.0300	298.9800	154.3200
81.7000	298.0333	154.3200
80.0200	298.4400	154.3200
79.2300	299.4067	154.3200
80.6100	298.6833	154.3200
82.8600	298.1000	154.3200
90.2900	296.3100	154.3200
128.8100	296.0567	154.3200
160.8300	297.0300	154.3200
158.3000	297.2333	154.3200
138.4100	298.0333	154.3200
121.7600	299.6733	154.3200
130.3400	301.0000	154.3200
139.0500	300.2300	154.3200
138.3400	300.2700	154.3200
134.5300	300.3200	154.3200
139.6300	299.9867	154.3200
182.6300	299.0700	154.3200
191.7100	298.6300	154.3200
189.3200	298.3333	154.3200
198.7500	298.6667	154.3200
178.6500	298.9100	154.3200
152.5100	299.4700	154.3200
130.3800	300.6633	154.3200
114.6700	301.9300	154.3200
104.6800	303.1200	154.3200
99.2600	302.3533	154.3200
113.8700	301.7433	154.3200
129.2300	300.6433	154.3200
137.2300	300.2900	154.3200
132.3300	300.9200	154.3200
118.5100	300.9400	154.3200
109.3100	300.5467	154.3200
108.8200	301.0833	154.3200
104.5600	301.5267	154.3200
99.2500	301.9933	154.3200
97.9300	302.0767	154.3200
97.5600	302.4567	154.3200
98.7100	302.5567	154.3200
95.0200	302.9167	154.3200
89.6300	303.2633	154.3200
96.7200	303.4333	154.3200
108.6600	303.7067	154.3200
113.4500	303.9000	154.3200
114.7200	303.9500	154.3200
111.5400	304.1667	154.3200
103.8100	305.0167	154.3200
93.9300	305.1533	154.3200
87.4300	304.5800	154.3200
83.0200	304.6433	154.3200
80.3600	304.5067	154.3200
78.8300	304.6267	154.3200
77.4700	304.8967	154.3200
76.9500	304.3333	154.3200
78.4100	302.7933	154.3200
81.5200	302.4667	154.3200
83.8800	303.1600	154.3200
83.8700	302.8267	154.3200
81.6900	303.1733	154.3200
78.8300	303.4633	154.3200
76.5400	304.0067	154.3200
79.4200	303.9867	154.3200
90.5300	303.7633	154.3200
99.4600	303.9367	154.3200
100.6000	305.3833	154.3200
95.7800	305.0133	154.3200
92.4200	304.9967	154.3200
92.0000	304.8900	154.3200
91.9000	305.6633	154.3200
89.5300	303.3633	154.3200
85.3800	303.1633	154.3200
81.4900	303.2033	154.3200
80.1600	302.9333	154.3200
86.8900	302.2933	154.3200
98.1800	301.6900	154.3200
106.6100	301.2200	154.3200
105.9200	301.4333	154.3200
100.3100	302.4367	154.3200
93.6900	303.6200	154.3200
87.8900	304.8267	154.3200
83.0900	305.3533	154.3200
79.1600	304.7333	154.3200
76.0400	305.1233	154.3200
74.0300	305.0533	154.3200
73.8400	304.9600	154.3200
73.8400	304.6167	154.3200
73.8700	304.8700	154.3200
74.4600	304.8667	154.3200
81.3100	304.0200	154.3200
103.2700	303.7200	154.3200
114.1300	303.6900	154.3200
116.8800	303.7133	154.3200
113.5400	303.6633	154.3200
112.9200	303.2667	154.3200
133.1700	300.3767	154.3200
242.4800	296.9800	154.3200
273.6600	297.7033	154.3200
215.0300	298.1733	154.3200
162.9800	297.6467	154.3200
130.5400	297.6000	154.3200
110.7900	298.3167	154.3200
93.2500	299.1600	154.3200
82.0700	299.8967	154.3200
76.3700	300.2867	154.3200
74.9300	299.2167	154.3200
104.6600	296.9900	154.3200
166.7900	296.1400	154.3200
180.2600	295.0833	154.3200
163.3900	294.9567	154.3200
137.8700	295.1500	154.3200
117.5700	295.6600	154.3200
99.9300	296.7833	154.3200
85.6400	297.0000	154.3200
78.0900	296.3100	154.3200
74.1700	296.6433	154.3200
72.0800	297.5767	154.3200
70.7100	297.8467	154.3200
69.6700	298.4333	154.3200
68.8800	298.9633	154.3200
68.2800	299.0233	154.3200
67.8200	297.2700	154.3200
67.4600	295.1533	154.3200
67.1800	294.7833	154.3200
66.9300	293.7767	154.3200
66.7300	292.1767	154.3200
66.5500	291.2467	154.3200
66.4100	292.2800	154.3200
66.3400	293.4700	154.3200
68.5800	294.1133	154.3200
74.2000	295.6800	154.3200
80.3100	296.3467	154.3200
83.9500	297.2767	154.3200
89.1400	296.9833	154.3200
100.9200	297.2600	154.3200
110.3200	297.7000	154.3200
109.4100	297.9433	154.3200
100.3900	297.5900	154.3200
91.2000	296.2867	154.3200
85.0900	295.2700	154.3200
81.1700	295.3800	154.3200
78.3700	294.7833	154.3200
76.0000	293.3333	154.3200
73.8800	294.0300	154.3200
72.0700	294.2900	154.3200
70.5900	295.1633	154.3200
69.4300	295.6567	154.3200
68.5300	296.1967	154.3200
67.8600	296.1300	154.3200
68.1300	293.3967	154.3200
70.7100	290.0000	154.3200
71.4900	290.4167	154.3200
71.3200	289.9300	154.3200
70.8700	291.1533	154.3200
70.1400	293.6433	154.3200
69.3300	294.9900	154.3200
68.6200	294.8933	154.3200
68.0500	295.6200	154.3200
67.6500	295.6600	154.3200
67.3300	295.8167	154.3200
76.4700	294.6200	154.3200
145.9900	291.7833	154.3200
189.5100	288.6633	154.3200
186.8200	286.4033	154.3200
166.0300	285.1767	154.3200
141.6600	285.7900	154.3200
122.4200	287.7367	154.3200
109.3900	288.8367	154.3200
100.9600	288.2333	154.3200
94.4800	287.5333	154.3200
86.7700	288.8100	154.3200
85.6900	290.5167	154.3200
105.9100	291.3733	154.3200
169.0200	291.3467	154.3200
175.0100	289.4700	154.3200
158.8000	288.6400	154.3200
137.5600	288.8467	154.3200
119.0400	289.8467	154.3200
107.8300	287.3567	154.3200
102.3200	284.1367	154.3200
93.9000	283.3633	154.3200
86.6900	284.8300	154.3200
85.3500	284.8767	154.3200
85.4500	282.4900	154.3200
84.3200	281.7233	154.3200
80.7200	282.2600	154.3200
76.8700	281.8333	154.3200
73.8700	281.8267	154.3200
71.9700	282.6300	154.3200
70.8700	281.3200	154.3200
70.1100	279.7533	154.3200
69.5400	279.4967	154.3200
69.0600	280.8700	154.3200
68.6300	283.8433	154.3200
73.3900	280.7533	154.3200
85.7500	279.1633	154.3200
91.9200	278.7367	154.3200
90.6500	278.6367	154.3200
93.9600	278.4567	154.3200
97.7200	278.2333	154.3200
97.6800	279.6967	154.3200
97.1200	278.7733	154.3200
95.7500	278.5233	154.3200
92.0200	278.5933	154.3200
86.8900	278.5300	154.3200
82.0500	279.0600	154.3200
78.1200	282.5467	154.3200
75.6100	283.6167	154.3200
76.6500	281.7333	154.3200
78.1300	280.9767	154.3200
79.0100	280.5933	154.3200
78.2900	281.1667	133.4900
76.8200	283.6200	77.5400
91.2800	282.2900	94.0200
121.1900	280.6733	128.8900
121.0000	280.0400	125.3500
111.8800	281.0100	115.4300
99.5200	283.3200	102.6200
91.0500	285.5467	93.3500
85.0900	287.2167	86.7900
81.1400	286.7700	82.3700
78.9300	284.4067	79.8100
77.6100	280.9433	78.2400
76.6000	279.1767	77.1000
75.7100	279.2667	76.1600
75.1500	278.4300	75.6100
74.5500	277.9433	74.9800
73.8800	278.5700	74.2600
73.1900	281.2233	73.5300
72.5400	283.1033	72.8400
71.9600	283.5167	72.2400
71.5000	283.1233	71.7300
72.6100	284.6333	73.0600
95.2200	287.2400	96.0100
124.9100	284.3533	124.7900
142.4100	281.6000	143.0100
138.8800	280.1633	141.2400
123.6800	279.7167	126.3600
106.6700	279.8700	109.4800
91.2900	280.9033	93.4300
105.6400	284.2800	112.1200
139.8800	285.3300	150.0900
140.2600	283.5667	145.1900
134.1300	281.2067	137.2200
124.7200	280.2067	127.2500
113.7600	280.2300	115.9000
104.7800	279.8933	106.3800
97.8200	280.3533	99.2100
88.9800	281.4700	90.5900
84.7800	279.0433	86.0400
85.2300	279.1533	85.9800
149.1500	279.1667	125.8300
251.8200	279.5033	154.3200
230.2700	278.1267	154.3200
189.4900	276.9233	154.3200
156.2200	276.9733	154.3200
135.9500	278.1033	154.3200
123.7100	279.0667	154.3200
127.4000	279.0133	154.3200
136.4800	278.2300	154.3200
134.7000	278.2500	154.3200
131.8200	277.8900	154.3200
134.7300	277.8700	154.3200
133.6000	278.0867	154.3200
128.0900	279.3533	154.3200
121.3300	280.6500	154.3200
115.3500	282.4000	154.3200
110.3900	283.4067	135.5700
106.6400	283.5167	107.9500
103.8500	284.1133	105.0400
104.0200	284.4667	105.2100
108.8000	284.1900	111.0100
115.9600	282.3667	119.9900
118.0500	282.1500	122.2300
114.6900	282.2867	117.7500
111.7800	283.4500	114.1600
109.9900	285.3267	112.5500
108.1100	286.5667	110.4400
114.6000	289.3900	118.4800
132.9000	289.4333	136.7800
155.1700	288.8467	154.3200
150.3700	288.6367	154.3200
145.6400	288.0733	154.3200
135.5800	287.7367	149.3300
123.7100	287.1533	126.6700
114.4600	286.5933	116.9000
108.3300	287.1467	110.3000
104.5000	285.4500	106.1600
105.1300	284.7267	106.2300
124.2900	286.0667	126.9800
135.4000	287.0400	139.0400
134.2600	287.1267	137.8700
126.8100	288.7133	130.0200
118.9900	290.8900	121.7300
112.3300	292.6800	114.7000
107.2400	293.9967	109.2500
103.7600	288.2000	105.4300
101.6000	287.5533	103.0200
100.5300	289.1233	101.7500
101.1300	290.9867	102.5400
104.0600	292.4167	105.6100
107.8000	292.9800	109.1600
110.0800	293.5900	111.4600
110.2300	292.1667	111.8600
109.3600	290.6500	111.3400
106.9900	288.6467	108.8800
104.4600	287.5333	106.1200
102.3100	288.3800	103.7600
100.3600	289.0833	101.7000
98.5400	288.8300	99.7800
96.8500	287.5400	98.0100
95.4500	287.4100	96.5100
94.2700	289.5300	95.2600
94.2100	290.7967	95.4400
96.7000	291.9333	98.0400
101.5200	291.8933	102.3600
117.2000	291.7767	118.7200
126.7200	289.0433	130.3200
130.9400	287.3067	134.7200
127.0200	286.5700	130.4800
118.5200	287.0267	121.4200
110.0800	288.2533	112.4100
103.4300	290.1867	105.2800
98.8500	291.7433	100.2900
95.8100	292.4867	96.9500
93.7400	293.8167	94.7100
92.3500	294.3967	93.1800
91.6200	295.3500	92.3500
91.4300	296.5300	92.1700
93.2000	296.7733	93.7700
156.1700	295.5800	144.5000
213.9700	294.4600	154.3200
214.3800	293.8867	154.3200
177.5800	293.6167	154.3200
141.8800	293.7067	154.3200
120.2600	294.2467	154.3200
115.6100	295.3700	154.3200
182.4800	292.6800	154.3200
193.6700	290.9467	154.3200
174.8900	289.9133	154.3200
149.0100	290.7333	154.3200
126.9800	291.7100	154.3200
112.0700	292.9300	154.3200
102.9900	294.4033	154.3200
97.5900	294.9867	154.3200
94.4100	295.5300	140.5900
92.4100	296.1867	93.2000
93.5400	295.7100	94.8400
99.6200	296.2733	102.7700
101.1400	297.2633	103.8900
111.5400	297.1967	112.1900
119.8300	296.5900	121.0100
117.7100	296.6833	119.3300
113.0000	297.0467	114.9500
107.9000	297.7833	110.0500
102.3700	298.9767	104.2400
97.9000	300.1900	99.3700
94.7900	299.2300	95.9200
92.6500	299.6433	93.5300
91.1300	300.0367	91.8800
90.0500	300.3133	90.7100
89.2600	300.6533	89.8500
88.6600	300.6167	89.2000
97.3300	300.7933	99.1800
170.8200	300.1833	154.0500
191.0100	300.5500	154.3200
185.9300	300.9433	154.3200
171.2900	300.3267	154.3200
148.7600	300.4900	154.3200
149.6700	300.5233	154.3200
164.6200	299.5533	154.3200
159.9900	299.1400	154.3200
151.1600	299.0567	154.3200
151.1800	299.7600	154.3200
138.2100	300.1867	154.3200
127.5800	300.2033	154.3200
123.3600	300.4067	154.3200
116.7500	300.8800	154.3200
112.3300	301.8000	154.3200
111.7100	302.6033	144.8200
111.2400	303.2933	112.2400
107.0200	303.3033	108.3700
107.2600	300.5833	108.8100
132.6100	300.1433	131.4800
176.2800	301.2167	154.3200
186.7800	301.7933	154.3200
186.9300	301.1033	154.3200
180.9800	300.3433	154.3200
170.3900	300.5500	154.3200
179.0600	300.2400	154.3200
184.7400	299.9833	154.3200
179.8600	300.0067	154.3200
157.4100	300.2633	154.3200
134.6800	300.1933	154.3200
127.5400	299.4500	154.3200
131.5900	299.6867	154.3200
133.5700	300.1567	154.3200
137.3600	300.1367	154.3200
135.3300	300.3700	154.3200
132.0700	300.8033	154.3200
143.3000	301.8067	154.3200
147.1500	302.4133	154.3200
138.8500	302.7867	154.3200
126.8200	303.2333	154.3200
115.8500	303.7267	154.3200
111.4600	304.3700	154.3200
114.2600	304.7000	121.2100
118.3100	304.5467	118.7300
116.0100	302.3667	117.2200
109.5400	302.7833	110.9500
103.1400	303.5700	104.3900
98.0400	304.0900	99.0600
94.5100	304.7333	95.3000
92.1200	304.8967	92.7400
90.5600	303.5533	91.0500
89.7300	303.2867	90.1100
89.3700	303.3933	89.6900
89.1300	303.4033	89.4300
88.8500	303.2000	89.1400
88.5000	303.8833	88.7900
88.1100	304.2067	88.4200
88.0100	303.9467	88.3800
91.0700	301.9267	91.3200
96.6200	300.8067	96.7300
101.6600	300.4133	101.7700
103.5100	299.4400	104.0500
114.2300	299.8467	119.7400
135.8400	300.8600	145.0500
130.0100	301.8533	134.8400
126.0400	302.4400	128.7500
118.5100	303.1933	120.9700
108.7700	304.3033	110.8600
100.8300	305.4500	102.4000
95.5900	305.2467	96.6700
92.3700	301.3267	93.1500
90.3400	300.8200	90.9100
88.9900	302.0133	89.4500
88.1300	302.4500	88.4800
87.7300	302.3233	88.0000
90.4000	299.5433	91.4300
95.9400	298.3233	97.5600
97.7900	298.3667	99.1000
98.1400	298.9733	99.1400
93.7900	299.2200	95.4600
85.5200	298.6333	87.0800
79.9100	299.5467	80.9800
76.4700	299.9267	77.2200
80.1100	299.2600	81.3800
101.0900	300.6533	103.0200
112.9900	301.3367	114.7000
112.1700	301.4733	114.5100
106.9700	301.6033	109.5000
102.4800	302.2333	104.8700
96.6400	303.3500	98.6000
90.8100	304.3600	92.4500
85.3000	305.0733	86.6600
80.9900	305.4967	81.9900
80.1300	302.3500	80.4000
82.4600	301.3433	82.3900
84.3000	301.1700	84.4100
83.4800	300.9167	83.9800
80.4700	300.9400	81.1700
77.1000	301.2067	77.7600
74.6400	301.2200	75.1700
73.8700	301.3267	74.6400
75.6100	300.9933	76.2700
81.2300	298.9767	81.0100
89.5900	298.7833	89.0400
94.0200	298.7433	94.2900
90.5300	298.9400	91.6700
84.0800	299.2033	85.3000
78.5900	299.6400	79.5600
73.8000	300.1867	74.8300
67.3800	300.7733	68.5300
63.2000	301.0767	63.9300
61.5500	301.7533	61.9900
61.4000	301.5067	61.6400
62.0000	300.6767	62.1500
62.5900	299.4867	62.7400
62.5900	299.9600	62.8100
62.0300	299.6167	62.3100
61.2100	299.2967	61.5000
60.3600	299.4900	60.6400
60.5500	299.0667	61.5800
61.9100	299.2600	63.5100
61.5800	298.4767	62.9300
60.6800	297.9100	61.6800
59.8700	298.0400	60.5800
59.2300	297.4667	59.7400
58.7200	297.1767	59.1100
58.3200	298.1733	58.6200
58.1300	297.1333	58.3300
58.7100	297.2000	58.7200
61.9700	296.8600	61.9400
69.1700	296.3800	68.8700
75.8900	296.9367	75.7800
83.7000	297.1167	84.4200
156.5800	294.7833	149.1900
183.1100	293.4833	154.3200
199.9400	292.5633	154.3200
185.7100	292.1767	154.3200
160.4000	291.5700	154.3200
138.7200	291.4433	154.3200
122.3600	290.1100	154.3200
110.4400	290.3567	154.3200
102.1800	290.8100	154.3200
94.1000	292.3867	128.3500
84.3700	295.3333	86.3000
73.4200	295.5700	75.1300
67.6400	296.2800	68.5300
65.1700	298.1367	65.7000
66.6600	298.1700	68.0000
85.2700	297.4667	89.1600
97.7000	297.4867	99.7200
100.2100	298.2567	102.3500
93.9900	298.6433	96.3200
92.1100	298.8967	93.8400
100.3300	298.9233	100.6800
105.4600	298.8433	106.2200
110.1800	298.6600	111.4400
115.9600	298.0333	117.9200
146.0000	295.7100	148.1500
167.2700	293.9767	154.3200
167.9100	291.4433	154.3200
151.5500	289.5667	154.3200
131.8500	288.5367	154.3200
116.8500	288.2167	140.7100
103.5800	288.6567	106.0100
87.0000	288.5967	89.7200
74.4500	287.2733	76.2500
68.0300	289.6467	69.1800
68.3600	286.9567	69.4900
75.1300	286.4000	75.2200
82.1000	286.3900	82.3300
82.5200	286.7267	83.4100
78.5000	287.7967	79.6700
73.3000	288.5367	74.4200
71.2500	288.1000	73.0100
85.5700	286.5467	89.0500
99.1600	287.6567	100.6100
106.3900	288.8767	108.3700
107.7000	289.5567	111.4500
108.0200	289.9133	113.6400
133.0700	290.5533	141.3100
169.6900	287.1067	154.3200
183.4400	284.0700	154.3200
172.9100	284.5367	154.3200
148.4600	283.9200	154.3200
126.2900	283.6333	154.3200
122.1000	284.5500	154.3200
137.5600	282.1700	154.3200
148.0700	280.8100	154.3200
148.6300	280.5400	154.3200
134.3900	280.4233	146.6600
118.0900	280.6500	120.7800
114.2800	283.3167	117.8200
116.0700	286.0100	120.6500
121.3100	285.6600	125.9600
123.5300	285.7467	126.0200
121.7700	285.9800	123.9200
113.0300	285.0433	115.4100
100.1500	284.1433	102.5200
90.5800	284.1833	92.1400
85.4100	280.0133	86.3600
82.6900	278.2700	83.2700
81.2300	277.6000	81.6100
80.3900	277.8900	80.6600
79.8700	278.8633	80.0900
79.5100	278.8600	79.7000
79.1800	277.2667	79.3600
78.8800	280.1700	79.0400
79.3800	281.3667	79.5600
88.6400	276.1633	90.1000
96.4500	275.3300	98.6300
99.9700	275.0533	101.4500
100.3100	274.7633	101.5800
97.8800	274.9767	99.1000
95.4100	275.3800	96.2100
93.6900	278.9467	94.4200
90.7000	282.9633	91.5200
87.5400	284.4433	88.3000
85.0700	286.2233	85.6900
84.7000	287.3067	85.0600
93.0800	289.1633	93.1900
142.2400	290.4267	134.5400
232.7500	291.8500	154.3200
275.9700	288.3333	154.3200
245.0200	283.3633	154.3200
221.2500	281.5800	154.3200
185.9100	280.3367	154.3200
155.5600	281.3733	154.3200
135.2700	283.4133	154.3200
122.3700	285.2333	154.3200
120.5000	286.7500	154.3200
139.6800	283.6867	154.3200
152.5700	281.1767	154.3200
158.0900	279.9800	154.3200
146.8000	278.6000	154.3200
131.5100	277.3700	154.3200
120.6800	276.9533	154.3200
114.6800	279.3133	154.3200
111.7500	281.7133	154.3200
110.4500	282.5867	154.3200
109.8100	277.9567	154.3200
109.6200	277.3033	154.3200
109.6100	279.1300	154.3200
109.6900	282.3633	153.4800
109.7300	281.7067	110.9500
109.7000	279.3333	110.5900
111.4800	279.7200	112.6600
112.8400	279.8967	114.3800
118.7500	280.0733	121.0500
134.6500	280.1067	140.0800
141.6900	279.8133	146.2400
150.8200	279.9867	154.3200
148.0300	280.4133	154.0700
144.2500	280.7967	147.0800
137.4500	281.2633	140.1300
142.3100	283.3567	144.7200
164.1500	285.3467	154.3200
170.3500	285.6467	154.3200
163.9400	284.1767	154.3200
148.3100	283.2167	154.3200
134.8300	283.4767	154.3200
126.6900	283.9467	154.3200
123.4500	285.7767	133.9600
123.9700	286.7767	125.4000
125.8500	287.1900	127.2100
125.0700	284.3367	126.7300
121.7600	284.0000	123.5300
118.4900	284.2300	120.1600
119.3900	285.3767	121.4100
125.2300	289.9667	128.0700
128.9100	290.3133	131.4400
130.1400	289.9300	132.3500
151.5900	287.4500	150.9600
167.0200	284.9167	154.3200
165.9100	284.4300	154.3200
153.3900	284.6033	154.3200
140.0700	284.0200	154.3200
130.2900	283.7567	154.3200
124.2000	283.0100	134.7600
121.5300	282.4267	123.2700
122.8800	283.5033	125.0900
122.9800	284.3233	125.1500
121.1700	285.4533	123.1900
118.5700	286.2367	120.4000
116.9000	287.0000	118.7700
116.1200	284.9167	118.1400
117.3300	284.8633	119.9500
116.7000	285.7767	119.1900
115.0900	286.0833	117.0800
113.5200	287.3100	115.1700
112.0300	284.4267	113.4400
110.6500	283.6400	111.8700
109.5800	282.2767	110.6200
108.8400	282.2300	109.7500
108.6000	282.3433	109.4700
108.5700	284.4367	109.4700
108.6700	284.9900	109.5800
108.4300	285.4200	109.3900
115.4100	287.0567	116.9000
130.4600	287.3933	132.0400
142.8100	287.0800	143.9600
144.1400	287.9667	146.3000
133.6700	289.2367	136.5100
149.6800	287.7867	146.2100
194.9800	284.9133	154.3200
206.7500	285.0667	154.3200
189.1600	286.5633	154.3200
160.5500	288.1433	154.3200
137.0800	288.7800	154.3200
123.7900	287.7700	154.3200
116.7800	288.1133	154.3200
114.0900	288.9300	154.3200
112.6900	290.0467	154.3200
114.3300	291.1700	132.3200
136.8700	290.8633	137.9700
153.3000	290.8933	153.5400
153.3500	291.6767	154.3200
142.4200	292.6333	148.9700
130.0000	293.6867	133.1300
134.8300	292.5133	139.6800
137.9800	291.0200	141.8000
133.8200	290.6833	136.8300
126.5200	290.9633	129.0400
118.7500	291.4400	120.9100
112.1700	292.6500	113.9100
107.5600	292.8233	108.9300
104.5700	292.6700	105.6800
102.6000	293.6033	103.5400
101.3300	295.2933	102.1600
100.4500	296.3867	101.2400
100.0400	292.5367	100.8700
99.7900	290.1133	100.6100
99.5300	290.4533	100.2900
103.8600	290.5833	106.6700
129.8900	290.4200	137.7300
133.3400	290.3500	138.2100
130.4200	291.6667	133.4800
124.7300	292.0967	127.4200
117.9800	291.0800	120.5200
111.6100	291.0933	113.6300
107.1500	290.0867	108.6400
104.3400	289.1000	105.5000
102.4500	287.9900	103.3900
101.2300	289.3533	102.0100
100.1600	290.4233	100.9000
98.9600	291.3200	99.7400
102.5100	291.0867	102.9600
118.9400	293.3733	118.5600
131.1200	295.4133	131.5600
131.2900	296.7433	132.9200
122.2300	297.7100	124.4000
112.0900	298.2633	114.0100
104.9400	296.2333	106.3100
102.6200	293.9800	103.1700
106.2900	293.4100	106.1000
109.3600	294.6133	109.7000
106.5500	296.3433	107.5300
101.5900	297.3967	102.6500
97.5200	298.0267	98.3800
94.9600	297.9233	95.6300
93.3900	299.7967	93.9300
92.3700	300.5067	92.8600
91.7700	300.1900	92.2200
92.0900	298.4167	92.6000
92.8100	299.5400	93.3200
94.0200	299.3967	94.5400
101.6000	298.4900	103.4300
161.3100	298.1267	149.5900
208.2400	297.7133	154.3200
201.9000	297.4400	154.3200
173.1900	297.5033	154.3200
146.5300	298.3500	154.3200
127.8600	299.5233	154.3200
115.2600	300.8100	154.3200
106.8400	302.1033	154.3200
101.7200	302.1767	147.0400
100.0000	301.6300	100.7300
101.9100	302.3867	102.1700
104.2500	302.4500	104.6900
104.3800	302.5000	105.2500
102.4000	302.0967	103.4700
99.1900	303.1133	100.2400
96.1700	303.6900	97.1500
94.2600	303.3467	95.2700
93.0500	303.1700	93.9100
93.5900	302.7933	94.7200
121.1000	302.2767	123.5300
141.3100	301.3867	144.0400
139.8700	300.6167	142.7000
129.7800	300.7433	132.4800
117.3300	301.3700	119.7200
106.8100	302.3067	108.6300
99.5100	303.3900	100.8200
94.9500	302.1667	95.8400
92.1300	302.7400	92.7800
90.3100	302.6300	90.8000
89.0800	302.7800	89.4700
88.0900	303.4067	88.4700
84.6100	303.6267	85.4800
80.3600	304.2100	81.0400
78.7900	303.5000	79.2400
79.9600	303.7833	80.2700
82.5200	304.2100	82.6900
84.6700	304.5767	84.9000
85.8200	304.4867	86.1900
86.9300	303.6667	87.2300
88.9800	303.6533	89.0800
90.5600	303.5467	90.8100
89.5900	303.5867	90.1500
87.7000	303.7100	88.5300
90.3900	304.6233	91.3400
94.1400	304.7433	94.9600
97.3600	305.2600	97.8400
102.0300	305.4767	102.4300
105.7000	305.2933	107.0700
108.3900	304.7167	111.0100
106.7700	304.4867	109.3900
105.6000	304.3767	107.9300
103.7500	304.9300	105.8000
99.8000	305.7000	101.6800
94.7700	306.5700	96.4400
90.2600	307.5900	91.8100
86.5800	307.4433	87.8200
83.7900	306.9033	84.7300
81.7300	306.9500	82.4500
80.2100	306.7367	80.7800
88.1500	302.1900	90.5600
108.6600	301.4500	115.4300
103.7900	301.7233	108.5900
95.6900	302.0067	98.6700
89.4300	302.8733	91.3500
85.0700	303.8433	86.3700
82.1200	304.9633	83.0100
80.0700	305.5600	80.7300
78.6400	304.8100	79.1300
76.3200	304.9267	77.1700
68.9500	305.5400	70.3300
64.5600	305.4767	65.1400
65.6600	305.3000	65.9400
71.6200	305.4533	72.4200
81.3100	305.6400	81.2200
93.0800	305.9300	93.0300
91.6600	306.3467	93.3000
81.1900	306.8967	83.4600
69.7700	306.9867	72.6500
63.8200	306.3700	67.0000
60.5200	305.9167	62.8100
60.5300	305.9967	61.9000
64.0400	306.6367	64.2300
71.2000	307.3200	70.8100
73.8000	306.2867	74.3700
68.9200	306.8133	70.3000
61.6000	306.8000	63.0900
55.3000	306.6967	56.6800
51.8700	306.3467	53.7300
51.6300	308.0067	53.1700
53.7700	308.1033	54.4900
55.6600	307.6667	56.5400
55.2100	307.0067	56.4500
54.2300	306.4467	55.7300
53.9600	306.2600	55.1900
53.5700	306.3533	54.5000
52.9400	306.6600	53.6600
51.8800	305.2800	52.5300
50.2300	304.1767	50.8900
48.1300	303.0200	48.7800
45.9500	303.4300	46.5400
44.0800	302.6433	44.5600
42.6900	302.5133	43.0500
41.8100	302.7567	42.0700
41.2300	302.4033	41.4700
40.6700	302.6067	40.9200
40.0300	302.7967	40.2900
39.3800	303.0600	39.6900
38.7400	303.3867	39.0600
38.1200	303.6633	38.4200
47.7700	301.8633	50.0500
84.8100	300.8567	85.6700
107.7300	300.5033	109.2100
106.0400	301.2967	108.5500
95.9500	302.1967	98.6000
82.8600	303.2433	85.4600
70.7500	304.3733	72.9600
61.2500	304.1233	63.0000
54.3200	303.2800	55.6800
102.7200	300.1333	111.1200
168.3200	300.3033	154.3200
166.9700	301.0133	154.3200
148.9200	300.7167	154.3200
133.0200	300.8700	154.3200
121.5400	298.1233	153.6900
108.7700	297.4100	113.0200
93.9200	298.4867	97.1700
78.0100	299.4300	81.2100
63.8100	300.3100	66.2700
55.0900	300.3267	56.7000
49.7200	300.0500	50.8400
46.0900	296.6900	46.9200
43.5200	294.9467	44.1400
41.8100	294.1133	42.2400
40.7800	292.9333	41.0700
40.2500	293.3633	40.4300
40.1100	293.6233	40.2100
40.0800	294.6233	40.1700
39.9000	295.2300	40.0200
39.4600	295.9533	39.6200
38.8300	296.8233	39.0200
38.1600	296.7533	38.3400
37.5100	297.4667	37.6800
36.9400	297.8333	37.0900
36.4500	297.6933	36.5800
36.0400	296.5300	36.1500
35.7000	295.1733	35.7900
35.4200	294.2333	35.5000
35.1800	289.5633	35.2500
34.9900	288.6233	35.0500
34.8500	287.3400	34.9000
34.7500	287.0000	34.7800
34.6600	286.1333	34.6900
34.5900	285.9567	34.6100
34.5100	286.5433	34.5400
34.4500	288.6800	34.4800
41.2700	286.6367	43.3900
58.7400	287.2133	62.0300
73.3000	287.7133	74.0100
84.1900	288.2100	84.5300
86.3100	289.1867	87.5600
78.3700	290.6700	80.5100
67.3200	291.6433	69.4500
58.1400	293.5233	59.8300
51.5700	294.6767	52.8400
47.0200	294.1600	47.9600
43.8300	292.6867	44.5400
41.5600	294.3300	42.0900
39.8900	295.1600	40.3100
39.9600	294.7533	39.7500
52.7800	295.0400	50.8200
69.9800	291.6767	70.0500
74.2600	287.4733	75.8900
72.4300	285.3433	73.8800
69.5500	284.3700	70.9500
61.9200	284.4367	63.8000
54.7900	284.7067	56.2300
50.0100	283.9967	51.0800
46.6500	284.5333	47.4700
44.1200	285.6500	44.7600
42.1300	285.1267	42.6500
40.5500	286.7900	40.9700
39.3000	288.3733	39.6500
44.7500	288.0200	45.8000
62.2900	285.2633	65.7600
65.9200	283.2767	68.5700
63.2100	282.4367	65.5200
57.0900	281.4667	59.0900
51.4500	281.4567	52.9700
47.4100	282.7033	48.4800
44.6000	280.6267	45.3800
42.5600	279.8700	43.1500
40.9600	279.2567	41.4400
39.7900	278.4767	40.2600
40.2400	276.4967	41.2600
40.9000	275.8500	41.9500
40.8200	275.6733	41.6700
40.4700	277.1467	41.1200
39.9200	278.6467	40.4600
39.2800	281.0233	39.7700
38.9800	280.7800	39.5400
39.0100	279.5833	39.5000
39.3000	280.1733	39.6500
39.4700	280.3933	39.7800
39.3700	279.2267	39.6600
39.1200	278.5667	39.3800
38.8700	279.0133	39.0800
38.5900	279.0467	38.7800
38.2300	279.2933	38.4200
37.7800	281.5500	37.9700
37.3200	281.2733	37.4900
36.8700	281.4667	37.0400
36.5000	283.6333	36.6500
36.2500	284.6200	36.3700
36.0900	284.0867	36.1800
35.9300	284.4200	36.0200
35.7500	284.4800	35.8400
35.5600	285.5333	35.6500
35.3700	286.8500	35.4500
35.2000	285.5667	35.2700
35.0300	286.1800	35.1100
34.8900	285.4533	34.9500
34.7500	283.9700	34.8100
34.6200	282.8467	34.6700
34.4900	284.1800	34.5400
34.3600	284.9767	34.4200
34.2900	285.1833	34.3600
34.8200	282.5933	35.1200
35.8700	283.7367	36.2300
37.3800	285.7167	37.6500
40.3100	281.9733	40.8500
43.7600	282.5300	44.1000
47.0900	284.6500	47.2600
49.1400	284.0067	49.5300
50.0100	281.1500	50.6900
49.5500	283.8433	50.3000
48.2300	286.3167	48.9700
46.5000	285.0333	47.1800
45.4400	283.6733	46.5500
94.9600	283.0100	108.1000
133.0700	282.7233	142.2800
136.7900	282.6933	141.2100
131.6900	282.3900	134.5700
117.5300	282.5633	121.2000
92.5600	283.3333	96.6400
80.1800	284.2567	83.9700
98.5800	285.1033	98.5900
121.9100	285.0367	121.6500
126.2900	284.8967	128.0900
111.4100	285.8200	114.5700
91.6600	286.5867	94.7700
76.9700	285.9433	79.5300
66.3200	284.5667	68.5500
58.4300	283.7867	60.1500
52.8900	281.5267	54.1600
48.9600	281.6300	49.9100
46.0700	280.9767	46.8100
43.8900	280.2100	44.4900
44.1800	278.5533	45.9000
46.6800	277.4667	48.6600
47.9700	277.4933	49.2300
48.8200	277.5867	49.6800
48.3200	279.1933	49.1200
47.0200	283.3000	47.7400
45.7700	283.7233	46.4000
45.7200	280.0133	46.3500
47.1600	278.5900	48.0200
48.9600	277.6233	49.7100
49.9600	276.8467	50.6600
49.7000	276.9433	50.5100
49.2300	278.4933	50.1500
49.1800	280.4600	50.0100
50.6600	282.0700	52.0000
69.9000	283.1167	75.9600
77.3700	282.1300	81.9000
76.7700	283.4333	79.5100
72.3300	285.7133	74.5000
66.2300	287.8367	68.0900
60.0500	288.6800	61.6400
54.5300	288.6700	55.8300
49.9500	287.1567	51.0200
46.4300	289.6367	47.2800
43.8600	289.0367	44.6100
41.9500	290.5333	42.5700
41.0500	291.9333	41.7900
58.5600	291.0700	62.1000
69.5400	291.5967	73.0700
74.4100	293.6533	76.2800
75.6100	294.9067	77.0400
78.3500	292.8167	80.2900
78.2700	290.5467	80.2100
74.8900	290.6600	76.6300
69.5800	290.9767	71.1900
64.1200	290.1867	65.8700
103.7900	286.0033	110.8700
240.1300	283.9933	154.3200
352.1000	284.8867	154.3200
335.1800	284.2800	154.3200
251.1300	283.3333	154.3200
178.7300	282.3467	154.3200
136.6800	282.3567	154.3200
114.5100	282.8600	154.3200
102.7600	283.8100	154.3200
96.3400	286.1400	154.3200
92.9100	287.3500	154.3200
90.8100	290.1600	154.3200
89.5000	291.9433	154.3200
89.8900	294.1833	154.3200
92.3400	295.1800	154.3200
96.1100	295.1167	154.3200
100.3800	293.0400	154.3200
93.5600	293.8167	154.3200
81.2100	295.7633	94.6100
68.9300	296.1400	70.8900
60.8000	293.4667	62.1700
55.4900	291.5533	56.5200
51.5900	291.3067	52.4300
48.5300	292.2967	49.2500
46.1700	294.0833	46.7600
44.3600	294.8967	44.8600
43.0000	295.2667	43.4200
41.9500	295.6400	42.3300
41.1200	296.4367	41.4600
40.4500	297.7067	40.7700
39.8900	298.6367	40.2000
39.4100	299.1167	39.7300
39.0200	299.0033	39.3500
41.8300	298.4833	43.4000
55.6500	297.4033	59.6700
65.6300	296.8667	67.4900
70.5300	297.0867	72.1700
69.3800	297.7867	71.1800
88.2900	297.4100	91.0300
115.4000	295.1967	116.0600
130.8400	294.3400	131.9000
129.3000	294.2800	132.5700
168.3900	293.5200	153.5200
197.4600	293.1567	154.3200
194.6100	293.9033	154.3200
169.4100	295.2033	154.3200
142.1800	296.5333	154.3200
127.6300	296.4100	154.3200
123.5900	296.3100	154.3200
123.8700	294.9967	154.3200
123.1900	294.8533	154.3200
116.2100	295.5233	147.8300
107.9100	297.5900	112.2600
147.0300	296.3933	149.9100
166.4700	293.5667	154.3200
161.6900	293.4833	154.3200
137.8200	294.4967	154.3200
110.0800	294.3533	137.5600
90.6600	293.9167	93.7900
79.1500	294.2767	81.2900
70.1600	294.4533	72.0900
61.3300	295.5867	63.1600
54.1100	296.7733	55.6100
49.1200	297.4067	50.2400
45.8600	297.9933	46.7000
43.7200	299.2600	44.3800
42.2800	300.2867	42.8200
41.2600	300.7633	41.7200
40.5000	301.4233	40.9200
39.9300	301.7567	40.3200
39.4700	302.1067	39.8400
39.1000	302.4300	39.4600
39.8700	301.9833	40.5200
52.7100	301.0000	55.0400
69.3200	300.5467	69.7300
82.4300	300.6500	83.1600
83.4900	300.8900	84.8800
84.5800	301.1933	85.0800
86.1400	301.5800	86.8200
82.4800	299.6367	84.1400
86.7700	300.6067	89.0000
125.4600	301.2333	125.2200
138.3300	301.4300	141.6200
120.7300	301.7133	124.7300
100.9200	302.4733	104.5900
82.4800	303.5167	85.5800
69.4100	304.3000	71.7500
60.8600	303.4067	62.7100
54.6600	301.0533	56.1400
50.1900	301.8767	51.3400
47.2200	300.8867	48.1600
49.2500	299.8500	50.0800
58.1500	300.9000	58.5800
67.7600	301.8567	67.9600
72.3300	302.9600	73.0100
72.2500	304.0433	73.2300
68.1200	305.0033	69.5400
63.8100	304.4833	65.0400
78.7200	303.8533	76.7600
100.4300	303.0533	99.7300
102.5100	302.6167	103.8800
93.3800	302.8133	95.6300
80.3400	302.7267	82.7500
68.4300	301.8467	70.5100
59.3800	302.6233	61.0100
52.9300	303.1200	54.1700
48.4200	303.4167	49.3600
45.2500	303.4100	45.9700
43.2000	303.4100	43.7400
47.5300	302.2033	49.8000
57.4700	302.4000	59.9900
63.5500	301.7600	65.1900
61.5600	302.7267	63.5600
56.0300	303.8100	57.8300
51.3200	304.8400	52.6500
48.1100	305.6767	49.0600
45.8600	305.5867	46.5900
44.0900	306.2933	44.6800
42.5800	307.0467	43.0800
41.3100	307.8433	41.7400
40.3500	308.3767	40.7100
39.8300	308.5433	40.0700
40.0500	309.1300	40.1100
40.7900	309.5333	40.8000
41.0800	309.4333	41.2900
40.9900	309.7033	41.2500
41.0200	308.2867	41.2800
40.9900	307.1033	41.2700
40.7700	306.2667	41.0500
40.3500	305.9033	40.6500
40.6200	303.9767	41.7800
121.8400	302.4900	127.1100
145.8100	302.9767	154.3200
117.8400	303.3767	144.8500
90.9700	304.1133	96.6500
71.4400	305.0433	75.2700
59.2100	306.1667	61.7400
51.7300	307.1333	53.4200
46.7900	307.9000	48.0400
43.0200	306.5900	44.0000
40.4700	306.8200	41.1700
39.1200	306.3033	39.5500
39.6500	306.4400	39.6600
43.1300	307.3700	42.5800
47.4800	307.7400	46.9700
50.0300	307.3800	49.9200
50.0200	306.7700	50.3400
49.7700	306.6433	49.9300
55.2700	306.4533	54.2100
65.1400	306.8300	63.9200
70.4200	307.2033	70.2200
69.3800	307.1667	70.0500
64.1300	307.6900	65.2700
57.6900	308.3933	58.9000
51.9500	308.3600	53.0200
47.4800	307.9033	48.3300
44.5900	306.8533	45.5000
45.8600	306.2400	46.2800
57.1400	306.5733	55.4200
78.4600	305.5300	76.3900
96.4600	305.6767	96.2500
96.9800	305.9267	98.8200
91.4200	305.1033	94.4000
114.8500	303.9867	116.4400
140.9800	303.0933	141.8000
145.2200	302.0733	147.5700
128.1700	302.0300	131.9600
102.6200	302.2233	106.6500
80.6000	302.6300	83.8400
65.6400	301.8100	68.0000
55.7800	299.9733	57.4700
49.2400	299.9233	50.4500
44.8000	299.8500	45.6900
41.7500	299.6200	42.4000
37.9400	299.9267	39.0200
30.0000	300.5667	31.8900
21.8500	301.1000	23.6800
16.3100	302.2133	18.0600
13.8300	300.2900	15.5700
13.1800	298.9800	14.2900
13.9800	299.6500	14.4300
15.2200	301.1500	15.4000
16.0500	303.6500	16.2400
23.0600	302.4900	24.0500
46.8000	300.0067	49.7700
79.9400	297.7167	77.7600
108.1200	296.4700	107.5300
103.7700	297.1300	107.0400
80.1700	298.9600	84.0200
78.7000	297.7900	81.0900
109.0500	296.1467	108.5700
131.9900	295.5567	132.3800
128.3700	295.7633	131.1900
108.5400	296.4567	112.2500
82.6100	296.0133	86.8900
59.5900	296.0933	63.2600
43.2000	298.0600	46.0800
32.0100	298.8200	34.2400
24.3900	299.3433	26.1100
19.1400	300.3700	20.4800
15.4200	301.1033	16.4900
12.7300	299.3067	13.5800
10.7000	296.4900	11.4100
9.1600	295.8900	9.7400
7.9500	296.1667	8.4400
6.9800	296.4400	7.4000
6.2000	297.1600	6.5600
5.5700	293.7033	5.8700
5.0300	290.1633	5.3000
4.5900	292.2333	4.8300
4.2100	293.7700	4.4200
6.4600	292.7233	6.4100
58.7800	293.1233	56.7700
171.8500	293.5067	143.0500
220.9900	294.3433	154.3200
184.2200	292.2167	154.3200
143.5300	291.1433	154.3200
119.4300	290.8800	154.3200
106.9400	289.7500	154.3200
99.7200	287.9500	144.0700
94.7300	287.7167	95.7700
101.6900	289.5267	107.0800
118.8200	292.1300	122.7800
133.8800	290.6400	135.7000
137.3600	290.0367	139.5900
123.0200	290.2567	126.5300
102.0400	291.1133	105.4300
83.5500	292.0800	86.7200
64.4600	291.1700	67.8200
48.3500	286.1333	51.2300
36.4400	285.8033	38.7800
27.8900	287.8433	29.7600
24.5400	289.6033	25.9200
57.9800	290.9933	58.3300
111.6900	290.2233	108.2600
146.1400	290.4967	146.2600
140.4200	291.5333	143.4400
122.0700	291.7933	125.0800
107.5600	289.9300	109.7200
92.9700	288.6200	95.7800
75.3800	288.4067	78.0600
59.7000	289.1433	62.7200
43.4400	284.6967	46.5600
35.6200	283.7133	36.9800
38.4800	284.6400	37.9600
44.0200	283.7433	43.5400
43.2000	281.7667	44.1200
36.8100	281.3633	38.3900
30.0600	281.4833	31.5900
24.4900	283.4567	25.8200
20.1100	285.3167	21.2500
16.7000	286.3800	17.6500
14.0100	286.4700	14.8300
11.9100	289.1100	12.6100
10.2900	290.4000	10.9000
10.1600	291.0433	11.2900
10.7500	290.4800	12.1900
19.3300	282.3200	20.6100
50.6500	278.2933	47.1600
116.3300	276.5567	110.1000
140.2600	275.6200	141.2700
127.2300	275.2400	130.1300
110.9800	275.5200	113.4900
94.9500	276.4233	97.6900
78.0000	275.0767	80.5000
67.6600	275.2867	69.1300
60.6200	275.8967	62.0900
48.8600	278.9600	51.3100
40.8700	280.8367	44.4400
36.2900	282.0833	39.9500
31.3900	282.7367	33.8700
28.2300	283.5133	29.8900
25.4000	285.2100	26.7400
22.5100	286.8200	23.6900
19.7500	288.4700	20.8100
17.3800	289.5967	18.2900
16.0300	288.0100	16.7800
23.1000	288.0367	23.4300
43.6100	287.2267	43.3500
76.5000	284.8467	73.3200
98.5300	283.7367	98.3500
99.6200	282.8167	103.6400
104.6500	280.7867	111.2200
112.4700	279.5233	115.2200
114.5200	279.2933	116.7900
103.8400	280.7467	107.1300
90.6100	283.6233	96.7200
129.8800	285.9433	139.7200
168.5200	284.4300	154.2300
184.2900	282.5167	154.3200
161.3800	281.5800	154.3200
133.8500	281.7267	154.3200
148.5000	283.7833	154.3200
149.6500	284.5267	154.3200
138.7500	284.9900	154.3200
135.2100	283.7533	154.3200
123.9900	282.2800	154.2500
109.7300	281.4667	116.7100
89.0400	281.0300	93.1400
70.1300	282.3967	73.3200
58.9000	285.0400	61.4200
127.9500	288.0900	126.3100
263.4700	287.0133	154.3200
335.4500	281.3833	154.3200
304.8000	278.3633	154.3200
263.4200	276.7633	154.3200
224.8700	277.2100	154.3200
195.2500	277.7733	154.3200
188.6000	277.6300	154.3200
185.6700	278.9000	154.3200
180.8300	278.1667	154.3200
175.5400	278.2400	154.3200
165.7200	278.8033	154.3200
154.0700	279.0900	154.3200
143.8600	280.1267	154.3200
136.7400	278.8000	154.3200
131.0800	277.2467	154.3200
126.6800	278.6467	154.3200
123.2200	277.0700	154.3200
120.5500	276.4933	154.3200
118.6500	276.4733	154.3200
117.2700	275.7800	154.3200
115.5100	275.3867	154.3200
112.5200	275.6833	154.3200
109.2200	278.6800	154.3200
104.7600	281.1267	154.3200
99.7700	280.4900	154.3200
96.0100	277.6333	154.3200
93.6600	277.3733	154.3200
92.1000	278.3767	154.3200
90.9200	280.5100	154.3200
102.5200	282.9800	154.3200
125.2700	280.5967	154.3200
136.8100	277.7300	154.3200
140.6600	276.6567	154.3200
134.8500	276.4700	154.3200
125.0800	276.6500	154.3200
116.8500	277.3700	154.3200
110.0900	281.8267	154.3200
103.4100	283.7067	142.1500
98.2300	285.1700	100.8100
94.2900	285.1233	96.7900
90.3500	286.9733	92.7300
100.3800	285.1700	104.0900
108.4400	283.9600	112.5200
115.5700	284.4433	117.7700
121.3100	285.1633	123.4300
117.9000	286.9933	120.8900
108.6600	286.8533	111.8800
99.2500	284.5633	102.1600
92.5200	281.5567	94.9000
88.2100	281.7100	90.1500
85.4900	283.7500	87.2200
83.4800	283.9733	85.1900
81.9200	285.8833	83.5500
80.7400	286.7233	82.3200
80.0600	287.9333	81.6300
82.2100	290.1600	83.6600
89.5500	290.0067	91.1700
98.4300	291.1767	100.2300
103.9200	293.0100	106.4200
110.4400	293.4633	114.2700
111.3000	294.0667	114.8300
108.1200	292.1600	111.3300
102.1800	290.9167	105.0000
95.4000	291.2600	97.8200
89.1900	292.2367	91.2600
84.2000	293.3400	85.9400
80.5100	293.1433	81.9800
77.8700	294.1833	79.1400
75.9900	294.8300	77.1200
74.6100	295.5767	75.6400
73.5800	296.4133	74.5300
72.7500	295.6567	73.6700
81.0000	295.1033	81.6700
111.6200	296.5267	113.4900
123.4200	297.0167	126.4100
123.2500	296.9933	126.7600
150.6300	295.0233	151.9100
161.7000	294.4267	154.3200
151.2300	295.0133	154.3200
135.8300	295.3633	154.3200
121.1400	292.7867	129.6500
104.5900	291.1667	107.9100
92.1300	288.9333	94.4600
84.2800	287.1833	85.8800
79.1000	285.4200	80.2800
75.5700	284.0833	76.5100
75.5900	286.2467	76.9800
81.3700	287.5033	82.6600
87.9700	287.4567	88.7100
96.3000	287.5233	96.8500
104.0900	286.5600	105.9100
103.7900	286.9867	105.7500
101.4800	287.9100	103.0600
98.5700	288.3533	100.7100
98.2900	288.9000	100.4900
100.8300	290.3167	102.0800
103.5300	290.6300	104.4500
102.6800	291.9367	104.0300
95.7500	293.7767	97.6600
86.8700	294.9300	88.7400
82.0400	294.8833	84.2900
130.9600	294.6433	132.2600
187.0500	292.7533	154.3200
198.4500	292.7633	154.3200
166.0700	293.5033	154.3200
134.5600	294.4567	154.3200
115.4700	295.6500	154.3200
106.5500	296.0633	153.8000
133.2900	295.8800	136.0900
191.5300	295.5700	154.3200
194.5800	296.3433	154.3200
167.5600	297.4900	154.3200
140.7600	298.5033	154.3200
122.3800	299.1767	154.3200
114.5400	299.7167	154.3200
116.3200	299.5667	152.9000
129.6700	298.4700	130.9900
146.5500	298.3567	147.2500
151.5900	298.5933	153.3400
142.7500	298.8000	145.4400
127.8700	299.4067	130.5900
116.2100	299.5333	119.1000
110.2000	297.9767	112.9700
105.4800	297.2800	107.5000
101.6100	296.4767	103.2200
96.0800	296.1633	97.6500
91.3200	294.9100	92.5000
89.5900	295.6067	90.8400
106.3000	296.8700	106.6700
134.3600	297.0833	133.7800
148.4000	297.7867	149.5400
141.2500	298.4500	143.8500
127.8800	298.8900	130.3100
116.7200	299.2267	118.7600
108.8900	299.6533	110.4800
108.1800	299.3167	110.2900
132.7200	297.7300	134.5200
162.7300	297.8100	154.0500
171.5100	298.3700	154.3200
155.9000	298.7233	154.3200
133.8400	299.1733	154.3200
117.8300	299.6000	137.4200
108.5900	300.3600	110.2800
102.9200	301.3700	104.2300
96.3200	302.6867	97.8200
90.4400	303.2933	91.8300
86.8400	304.0967	88.0100
87.1900	304.6600	87.8200
93.9400	304.6700	94.4200
98.9900	304.1167	99.8700
97.7200	303.7200	99.0400
93.8000	303.5667	95.1100
96.2500	301.0767	98.1400
106.3200	300.8500	108.8100
115.1500	300.8633	117.1000
129.1500	300.8567	130.9200
143.7900	301.7867	146.9800
150.7000	301.6100	151.4200
185.3600	301.3333	154.3200
200.1900	301.3067	154.3200
181.6600	301.1167	154.3200
151.0400	301.2933	154.3200
128.4500	301.4867	154.3200
158.3000	301.0133	154.3200
225.3300	300.9433	154.3200
248.9900	301.0433	154.3200
220.1300	301.3400	154.3200
179.8400	301.7367	154.3200
148.9200	301.3100	154.3200
137.4400	300.8633	154.3200
150.0400	300.5800	154.3200
181.7100	300.4167	154.3200
192.1800	300.0133	154.3200
175.9800	299.7200	154.3200
152.0000	300.5800	154.3200
132.6700	301.1033	154.3200
127.4800	301.0400	154.3200
202.2200	301.4100	154.3200
326.8400	302.0433	154.3200
319.4800	302.1233	154.3200
261.2200	300.8233	154.3200
222.1800	300.6233	154.3200
196.7200	301.0667	154.3200
173.0400	301.7033	154.3200
152.0800	302.1067	154.3200
139.7400	302.9600	154.3200
134.7700	303.7167	154.3200
133.6200	304.2067	154.3200
133.3500	302.0233	154.3200
133.5900	300.1633	154.3200
134.7000	300.3233	154.3200
135.5300	301.0133	154.3200
134.4700	301.2400	154.3200
131.9600	301.4633	154.3200
129.2900	301.6500	154.3200
127.1300	302.1367	154.3200
125.2300	302.8700	154.3200
124.5100	302.2133	154.3200
132.2300	302.0867	154.3200
149.6200	302.5433	154.3200
158.1300	303.1100	154.3200
149.9100	303.8500	154.3200
137.5500	304.6067	154.3200
128.5400	305.2633	154.3200
122.2600	303.8400	154.3200
117.4500	303.9900	154.3200
113.8200	304.3033	154.3200
111.1200	304.6267	154.3200
109.0200	305.5933	154.3200
107.2700	305.9333	154.3200
105.7500	305.9267	154.3200
104.4400	306.1800	154.3200
103.2700	306.6133	154.3200
102.7300	305.9667	154.3200
103.4400	305.6200	154.3200
104.5000	304.8300	154.3200
108.5000	304.2700	154.3200
119.1000	303.7667	154.3200
129.0000	302.9933	154.3200
127.7500	303.4467	154.3200
119.0200	303.5167	154.3200
110.2700	303.2533	151.0400
104.0000	302.8467	104.9900
100.0800	303.2433	100.7700
98.8000	303.5900	98.9600
103.9200	303.5533	103.1200
111.3100	302.7833	111.6100
114.2800	302.3633	115.9300
115.6300	303.0267	117.3600
115.6900	302.8667	117.2400
112.9700	302.6467	114.3300
109.3900	303.0467	110.5500
111.0900	302.4967	114.9600
122.7800	301.8667	127.7600
146.1400	301.0467	149.9700
159.3700	301.2267	154.3200
157.8600	301.0033	154.3200
145.6800	301.3767	154.3200
144.1500	301.1600	154.3200
198.2400	300.4033	154.3200
239.0100	298.7467	154.3200
206.5800	298.6133	154.3200
162.5500	298.6933	154.3200
134.1400	299.1100	154.3200
119.1700	298.7533	154.3200
110.1100	298.9933	154.3200
103.7600	297.6067	154.3200
98.7900	298.5633	154.3200
94.9100	298.9000	110.6800
92.2800	298.6167	92.8100
90.5900	299.7033	90.9800
89.4700	300.1100	89.7600
89.6000	300.2267	90.4100
94.1300	301.6467	95.4800
98.4700	301.1500	99.6200
103.2900	300.3567	108.7500
114.0500	300.3700	117.7900
126.1700	299.0600	127.5300
128.5800	298.6467	130.6000
113.4200	299.7067	116.8900
94.0600	300.3267	97.0700
83.6000	300.7200	85.1200
82.4700	300.4000	82.7300
86.0600	300.3833	85.9000
86.3500	300.4500	86.9100
82.1000	300.3533	83.0900
76.6200	300.6267	77.6400
71.9500	300.0433	72.9500
73.3700	297.9800	73.3100
83.5800	296.6567	82.7000
89.4500	294.1900	89.6500
86.2700	293.6200	87.4600
79.1300	293.5800	80.5100
73.6000	293.5167	75.2600
122.4800	290.0833	129.8300
170.1700	291.7367	154.3200
192.8600	293.0733	154.3200
188.6500	293.5833	154.3200
159.0700	292.5833	154.3200
132.3500	292.8167	154.3200
114.9600	293.3467	154.3200
107.0300	291.6100	154.3200
114.0900	288.4700	131.4000
117.5400	287.4333	120.2500
109.3100	286.5867	112.1000
97.2800	286.8100	99.8600
85.9400	287.1600	88.0500
77.3100	287.3667	78.8800
71.3700	286.5067	72.4900
67.4500	287.9100	68.2400
64.8900	289.6767	65.4600
63.2000	289.0667	63.6000
62.0400	290.2800	62.3400
61.2500	290.3967	61.4800
60.6900	291.7500	60.8700
60.2900	290.8700	60.4300
59.9600	286.4433	60.0900
59.7200	286.0367	59.8300
59.5300	290.0033	59.6200
59.3900	291.9333	59.4600
59.2700	292.8433	59.3400
59.1800	292.3267	59.2400
59.1100	292.6167	59.1800
59.0800	293.5733	59.1500
59.0600	288.2233	59.1200
59.0100	284.6267	59.0700
58.9400	287.5600	59.0000
58.8600	291.8500	58.9200
58.7800	291.7767	58.8500
58.7200	292.9700	58.7800
58.6700	293.0400	58.7300
58.6200	283.5633	58.6800
58.5600	281.5900	58.6200
58.4900	281.3233	58.5600
58.4100	282.6333	58.4900
58.4800	283.7900	58.6200
59.0100	282.7267	59.1600
60.0500	282.2500	60.1400
90.0600	283.7100	87.4000
170.5200	283.0200	151.7900
181.6100	283.7100	154.3200
158.5000	285.9733	154.3200
132.2600	286.4633	154.3200
107.6100	284.8133	154.1300
89.4400	284.4967	96.8600
78.3800	284.5633	80.1400
71.5500	284.3900	72.7200
67.4900	288.0033	68.2400
65.2100	289.9100	65.7100
63.8300	289.8367	64.2100
60.7900	290.9333	61.7600
51.7000	289.8367	53.5600
43.0700	285.1167	44.5600
38.2000	284.0500	39.0800
37.3400	283.6333	37.4500
55.9600	280.6300	55.8400
91.9600	278.4200	94.2100
128.5000	278.1533	129.7700
157.9800	279.7933	150.7400
314.4700	283.5667	154.3200
394.6000	285.6600	154.3200
331.5100	285.9167	154.3200
228.2500	285.0533	154.3200
162.4500	282.8700	154.3200
135.6800	281.5367	154.3200
125.7100	280.4200	154.3200
118.1600	279.3567	154.3200
110.9400	279.4167	154.3200
104.4300	279.1133	154.3200
99.3200	278.8133	154.3200
102.0200	279.2500	154.3200
111.1600	278.6200	154.3200
119.7300	277.4267	154.3200
121.7300	276.3767	154.3200
117.3500	275.9167	154.3200
110.0400	277.0400	154.3200
103.1000	279.4567	154.3200
93.6900	284.4867	154.3200
85.2400	286.5000	154.3200
83.5500	282.5533	152.9200
93.7800	282.1500	92.9400
102.2600	282.6933	102.4100
100.9500	281.7733	102.0300
94.1100	281.7333	95.8500
86.4200	280.2800	88.3100
81.9400	280.2467	83.2500
79.2400	280.4800	80.2300
77.3500	280.5467	78.3300
76.7500	278.3533	77.6800
76.6600	277.7667	77.3400
76.5500	276.4333	77.1100
75.7300	276.0267	76.2700
74.7600	275.9600	75.5500
76.4100	275.6700	77.5800
81.6400	275.7133	82.1600
87.0000	275.2433	87.3700
88.5000	274.8200	89.3700
87.2300	276.2500	88.4200
84.3200	277.3600	85.5000
81.4300	281.7233	82.4000
79.5100	278.7233	80.3400
79.9500	277.8833	80.7200
89.0200	277.9000	92.3200
94.6200	277.7667	97.3600
96.4200	279.9433	98.2200
94.0000	283.0633	95.7100
86.7300	285.4467	88.8800
79.1100	285.1100	81.5400
93.6500	281.2367	93.3500
123.3100	280.9700	121.7500
135.1400	281.5933	136.3800
121.1000	282.2767	124.3000
101.7600	282.3867	104.7100
90.8600	283.8467	93.4300
123.9600	281.8100	129.6200
153.3300	279.4000	151.9000
165.9700	280.5267	154.3200
152.2100	281.9767	154.3200
174.8300	284.3300	154.3200
235.9500	283.9267	154.3200
240.3200	282.4000	154.3200
210.0200	282.3200	154.3200
167.6900	283.4200	154.3200
139.1500	283.6767	154.3200
125.8600	283.0300	154.3200
118.7300	282.7333	154.3200
116.7400	283.5500	154.3200
117.2300	284.7300	154.3200
119.1400	282.8833	154.3200
119.1700	281.1533	154.3200
117.8700	284.8467	154.3200
116.4200	287.5867	154.3200
116.0200	288.7633	150.1100
178.4900	284.1533	150.7000
266.3300	281.9933	154.3200
289.7400	282.2567	154.3200
244.6000	281.0033	154.3200
235.5100	278.9533	154.3200
228.2600	278.1433	154.3200
205.7600	279.8367	154.3200
179.6400	281.1200	154.3200
163.7100	282.4800	154.3200
156.3600	284.3467	154.3200
153.7000	286.7067	154.3200
154.6300	288.9933	154.3200
155.9800	288.9033	154.3200
157.8700	288.9567	154.3200
157.0300	291.7667	154.3200
222.1600	290.3933	154.3200
488.9300	287.1367	154.3200
603.4400	287.0867	154.3200
452.7100	287.1067	154.3200
380.9100	286.8633	154.3200
375.5400	285.4000	154.3200
372.2300	284.6433	154.3200
360.0500	286.0333	154.3200
343.1100	289.2133	154.3200
324.4300	290.1567	154.3200
306.2200	290.2533	154.3200
294.9500	292.5200	154.3200
332.8100	293.3400	154.3200
422.5600	293.9933	154.3200
499.3300	292.7633	154.3200
464.3200	290.6833	154.3200
404.5300	291.6400	154.3200
521.1900	289.3067	154.3200
551.1300	288.4500	154.3200
461.7000	288.8300	154.3200
391.3400	290.2133	154.3200
405.7500	291.7900	154.3200
514.5900	293.2400	154.3200
545.9400	293.0433	154.3200
641.6600	290.5800	154.3200
590.6100	288.5200	154.3200
507.2600	286.1967	154.3200
456.3200	284.8533	154.3200
424.7300	285.0367	154.3200
399.4300	287.4267	154.3200
377.6100	289.1833	154.3200
381.4900	287.9200	154.3200
392.4300	289.3967	154.3200
369.2400	290.8700	154.3200
332.1000	293.2733	154.3200
302.9300	295.4933	154.3200
288.2700	295.3167	154.3200
330.8500	295.6233	154.3200
354.3400	295.7500	154.3200
334.4500	293.5400	154.3200
300.6400	290.5667	154.3200
267.8300	289.6967	154.3200
243.5900	289.7067	154.3200
226.6000	290.8533	154.3200
213.9100	292.9867	154.3200
213.5400	292.7400	154.3200
224.4600	290.8833	154.3200
217.1300	290.9733	154.3200
202.5800	292.0667	154.3200
195.3500	292.8467	154.3200
220.0600	293.5700	154.3200
276.2500	294.0333	154.3200
264.6700	295.0767	154.3200
225.4400	295.3367	154.3200
214.7000	292.5600	154.3200
205.6900	292.1333	154.3200
190.6300	293.6300	154.3200
242.6800	294.7667	154.3200
310.6000	294.3600	154.3200
287.8900	292.9867	154.3200
228.3800	293.1467	154.3200
180.3000	294.0100	154.3200
152.2800	295.1867	154.3200
137.6100	296.2133	154.3200
130.1100	297.0767	154.3200
127.7900	296.7800	154.3200
128.3000	298.8400	154.3200
127.3900	300.5700	154.3200
125.5400	301.7900	154.3200
122.2500	302.2900	154.3200
122.0600	301.4267	154.3200
130.4500	300.7833	154.3200
149.6600	301.0367	154.3200
153.5700	300.8267	154.3200
139.9000	301.2767	154.3200
126.1700	302.2167	154.3200
117.3700	301.3767	154.3200
112.2100	301.1900	154.3200
109.3100	301.6467	154.3200
107.4600	301.6900	154.3200
106.0300	301.8167	154.3200
105.8200	302.1567	154.3200
106.1400	302.1267	154.3200
118.9900	301.3367	154.3200
181.2600	300.9467	154.3200
212.0100	300.7700	154.3200
191.8800	301.1500	154.3200
166.4100	301.0833	154.3200
245.7500	300.3767	154.3200
276.6900	300.9233	154.3200
258.5500	301.2700	154.3200
205.5300	301.0900	154.3200
161.7400	300.6400	154.3200
136.0600	300.9267	154.3200
123.5600	301.3500	154.3200
117.5000	301.6933	154.3200
113.2100	302.0400	154.3200
110.1500	302.6500	154.3200
106.9600	303.2867	154.3200
103.8700	303.6500	154.3200
103.0100	303.7633	154.3200
102.3500	303.9233	154.3200
108.8200	303.2533	154.3200
159.7100	301.1267	154.3200
243.1500	300.4167	154.3200
237.5200	300.0100	154.3200
179.4500	300.4800	154.3200
139.0100	301.3367	154.3200
118.3900	301.8167	154.3200
109.8800	302.6933	154.3200
105.7300	302.1400	154.3200
102.6200	301.7600	154.3200
99.8700	302.1467	154.3200
97.5200	302.8267	154.3200
96.6400	302.9567	154.3200
99.4600	303.1633	154.3200
101.0000	302.9533	154.3200
101.7300	301.6267	154.3200
101.2300	302.3367	154.3200
99.4700	302.9267	154.3200
97.4500	301.8200	154.3200
95.6800	302.4900	154.3200
94.0800	302.9500	154.3200
92.6800	303.3633	154.3200
91.5400	304.1467	154.3200
90.6300	304.6567	154.3200
90.0100	304.5967	154.3200
90.4600	304.2633	154.3200
92.1800	304.1333	154.3200
93.1500	304.3267	154.3200
93.0300	304.6100	154.3200
92.4300	304.6533	154.3200
91.6100	304.7467	154.3200
90.7000	304.8500	154.3200
89.8400	304.9267	154.3200
89.2700	305.1300	154.3200
89.5700	305.4100	154.3200
90.5900	306.2067	154.3200
91.8200	306.2967	154.3200
92.5000	305.9833	154.3200
92.2100	305.3900	154.3200
91.3600	305.2433	154.3200
90.9400	304.3833	154.3200
94.6400	302.9633	154.3200
103.5800	302.5767	154.3200
135.8200	300.7167	154.3200
307.3600	297.8400	154.3200
370.6900	297.2167	154.3200
308.9900	298.1167	154.3200
221.9200	298.9033	154.3200
162.6400	299.3233	154.3200
131.4300	299.4900	154.3200
115.4600	299.8000	154.3200
107.6200	299.8033	154.3200
129.4600	297.2067	154.3200
132.3300	297.7833	154.3200
164.0600	297.6633	154.3200
184.6200	298.4567	154.3200
170.5500	298.8200	154.3200
156.6600	299.3367	154.3200
143.9400	299.8833	154.3200
128.6300	300.8533	154.3200
115.6700	301.8200	154.3200
106.1700	302.9767	154.3200
99.5300	302.0700	154.3200
95.1900	302.3333	154.3200
92.4600	302.7633	154.3200
90.8000	301.4800	154.3200
131.8000	299.6900	154.3200
283.7300	297.7500	154.3200
247.1400	296.2400	154.3200
203.6100	295.9100	154.3200
163.0500	296.0367	154.3200
132.7200	296.7400	154.3200
114.0000	298.0967	154.3200
103.4600	299.0900	154.3200
97.5000	300.0433	154.3200
94.1100	300.1367	154.3200
93.5300	299.9433	154.3200
127.8200	298.3300	154.3200
198.2500	297.1900	154.3200
217.3600	295.2467	154.3200
197.2500	294.1567	154.3200
158.9000	294.1667	154.3200
129.2000	294.4867	154.3200
111.6900	295.4367	154.3200
102.1200	296.4833	154.3200
96.9300	296.2100	154.3200
94.1300	296.4067	154.3200
92.4400	296.6700	154.3200
91.3600	297.0133	154.3200
90.8800	296.7933	154.3200
90.6800	296.6067	154.3200
90.4000	296.4600	154.3200
90.0400	296.4267	154.3200
89.6600	296.7733	154.3200
89.3400	294.6533	154.3200
89.0600	294.5233	154.3200
88.8300	293.1767	154.3200
88.7100	293.5000	154.3200
97.4800	293.4033	154.3200
111.9200	294.0800	154.3200
171.7100	295.5633	154.3200
265.5900	295.1700	154.3200
224.6900	294.0233	154.3200
179.3900	293.1900	154.3200
146.3300	293.5300	154.3200
124.3200	294.3000	154.3200
110.7600	294.9967	154.3200
102.7800	295.7400	154.3200
98.5100	296.2033	154.3200
114.6900	295.7467	154.3200
149.7100	292.8667	154.3200
149.5400	291.9467	154.3200
136.7200	291.4600	154.3200
123.5000	290.9600	154.3200
112.9200	291.2667	154.3200
105.4500	291.8267	154.3200
101.7700	291.7200	154.3200
103.0100	289.7167	154.3200
102.2800	289.0533	154.3200
101.9700	289.0833	154.3200
101.8900	289.2433	154.3200
100.6000	284.3133	154.3200
98.4400	284.4800	154.3200
96.3200	285.5567	154.3200
94.6600	286.9400	154.3200
93.4900	288.4167	154.3200
93.5000	289.6467	154.3200
94.1700	289.7733	154.3200
94.1600	289.1633	154.3200
93.7600	289.7500	154.3200
93.2500	291.8400	154.3200
94.1100	289.2567	154.3200
94.9100	286.7967	154.3200
94.9100	285.9633	154.3200
94.9100	284.4600	154.3200
100.4200	284.2833	154.3200
140.1800	285.9000	154.3200
156.4400	286.5933	154.3200
157.8300	286.9033	154.3200
143.2500	287.0633	154.3200
125.1300	285.2467	154.3200
111.8100	284.3033	154.3200
103.5200	284.3967	154.3200
98.5900	281.4567	154.3200
95.6500	283.0967	154.3200
93.7800	280.7733	154.3200
92.4700	278.6933	154.3200
91.5400	280.8233	154.3200
91.2400	284.4833	154.3200
95.6600	281.3500	154.3200
97.1900	281.0733	154.3200
96.4100	282.1633	154.3200
95.4000	283.8300	154.3200
98.6600	283.7767	154.3200
103.9800	283.7167	154.3200
104.7800	282.3600	154.3200
102.8800	280.9133	154.3200
100.2600	280.7567	154.3200
99.9100	281.5467	154.3200
103.1300	279.3200	154.3200
101.1000	278.1033	154.3200
98.1800	278.2233	154.3200
95.7500	278.5633	154.3200
95.3500	281.1433	154.3200
115.4000	283.2567	154.3200
117.6800	279.7233	154.3200
114.2000	279.2967	154.3200
111.9600	279.4933	154.3200
107.9900	281.0467	154.3200
102.9700	283.2933	154.3200
102.0900	281.1200	154.3200
105.8000	279.9233	154.3200
109.1700	281.0433	154.3200
109.7800	283.3233	154.3200
110.4600	285.4467	154.3200
109.5900	284.7800	154.3200
107.9300	282.0367	154.3200
106.1700	280.3833	154.3200
105.0500	281.4600	154.3200
105.5000	282.4400	154.3200
103.8400	282.3967	154.3200
101.6900	285.0700	154.3200
106.8400	284.8333	154.3200
116.0200	282.1200	154.3200
120.3600	281.7833	154.3200
121.6700	281.5767	154.3200
116.6600	280.2933	154.3200
108.8600	280.5333	154.3200
102.3000	283.5367	154.3200
97.9700	285.4867	154.3200
95.3300	281.2900	154.3200
108.5300	278.6300	154.3200
129.2400	278.9900	154.3200
128.7700	279.1800	154.3200
121.6100	279.6067	154.3200
113.9800	281.3700	154.3200
107.5000	280.7967	154.3200
102.2700	279.9867	154.3200
98.5300	279.7800	154.3200
95.9200	278.0500	154.3200
94.1700	277.9067	154.3200
92.9000	276.1600	154.3200
91.9900	276.6367	154.3200
91.4700	279.4767	154.3200
91.1700	279.1000	154.3200
90.9700	277.4200	154.3200
90.7700	277.2067	154.3200
90.6300	277.9033	154.3200
90.5300	280.0767	154.3200
90.6500	280.9000	154.3200
91.4700	277.7633	154.3200
92.2400	276.9367	154.3200
93.1300	278.1500	154.3200
99.0100	276.8467	154.3200
116.2900	275.5700	154.3200
122.1600	276.1033	154.3200
120.7800	276.8367	154.3200
117.4900	277.9700	154.3200
114.9300	279.6533	154.3200
115.3300	279.5567	154.3200
110.6900	278.8767	154.3200
104.8300	278.2933	154.3200
100.2500	279.0900	154.3200
97.1300	281.7667	154.3200
95.0300	284.5767	154.3200
93.6400	286.1700	154.3200
97.5400	287.1533	154.3200
109.5600	289.0800	154.3200
128.2200	287.6800	154.3200
135.4000	287.0700	154.3200
136.3500	287.4633	154.3200
128.9900	286.5200	154.3200
117.6100	285.6300	154.3200
108.1500	284.5433	154.3200
102.7300	285.8933	154.3200
101.2900	286.5800	154.3200
99.7300	284.4967	154.3200
98.2600	283.5967	154.3200
97.7500	280.6767	154.3200
97.5000	280.2967	154.3200
96.8000	280.2967	154.3200
96.0000	284.2700	154.3200
95.2100	287.3933	154.3200
94.6300	288.8900	154.3200
97.4500	286.0267	154.3200
100.2800	283.4533	154.3200
100.6200	282.3100	154.3200
100.2800	281.7400	154.3200
99.1900	281.4933	154.3200
97.5000	285.1733	154.3200
95.7200	288.0633	154.3200
94.2300	289.3067	154.3200
93.0800	290.6633	154.3200
92.2700	291.9533	154.3200
91.7000	293.1733	154.3200
91.8200	291.5900	154.3200
128.5500	283.4500	154.3200
197.8000	280.1567	154.3200
222.9400	279.4767	154.3200
210.8600	280.1767	154.3200
176.0600	281.7267	154.3200
146.4500	283.5600	154.3200
127.1000	285.3900	154.3200
114.6500	287.1633	154.3200
106.5300	288.0200	154.3200
101.1700	287.9200	154.3200
97.9100	288.2833	154.3200
95.9800	290.2400	154.3200
94.8300	291.9133	154.3200
106.9200	290.7467	154.3200
134.8600	289.1133	154.3200
153.7700	289.8233	154.3200
158.8300	289.6267	154.3200
161.8000	285.8267	154.3200
153.6100	285.3867	154.3200
140.9500	286.5933	154.3200
128.7600	286.6733	154.3200
120.6300	286.8667	154.3200
121.1100	287.1133	154.3200
122.4400	287.1467	154.3200
119.9200	288.7200	154.3200
115.0900	288.4900	154.3200
109.7000	286.9167	154.3200
104.7000	285.0133	154.3200
100.8300	287.5600	154.3200
99.0000	288.5200	154.3200
99.8300	286.2700	154.3200
100.7700	287.2733	154.3200
144.5700	288.9433	154.3200
186.5700	288.3533	154.3200
200.0800	287.8833	154.3200
179.4100	288.3033	154.3200
148.5600	289.0933	154.3200
127.4700	289.8633	154.3200
160.6000	291.9933	154.3200
176.3400	291.8367	154.3200
162.3000	291.2333	154.3200
145.1300	291.2267	154.3200
130.1500	292.3100	154.3200
118.1800	293.4167	154.3200
109.8400	294.6867	154.3200
104.4500	295.9600	154.3200
101.2600	295.3500	154.3200
99.9000	294.8933	154.3200
101.7100	295.8000	154.3200
140.1100	296.3167	154.3200
223.9900	296.4800	154.3200
247.1400	297.3300	154.3200
287.7500	296.4000	154.3200
409.1700	294.7700	154.3200
341.7800	294.0567	154.3200
276.0700	294.2933	154.3200
329.9100	295.7900	154.3200
307.9000	297.3467	154.3200
240.2200	298.4200	154.3200
268.9000	296.6200	154.3200
549.7900	295.9800	154.3200
640.7100	294.0367	154.3200
645.6100	293.3367	154.3200
665.6700	294.1933	154.3200
710.9300	295.8167	154.3200
700.4600	296.2933	154.3200
688.0200	295.2167	154.3200
646.8000	292.8400	154.3200
608.9900	291.0800	154.3200
561.8900	290.7600	154.3200
511.5100	291.7100	154.3200
469.0700	293.4700	154.3200
433.5100	294.6767	154.3200
404.5100	295.5000	154.3200
411.4600	295.5567	154.3200
441.1200	296.4600	154.3200
417.6700	298.1700	154.3200
406.3700	297.6500	154.3200
397.7300	295.9767	154.3200
361.2300	295.9800	154.3200
325.0100	296.9267	154.3200
297.7900	297.7067	154.3200
277.1100	298.5800	154.3200
260.6100	299.3633	154.3200
255.1800	299.5367	154.3200
268.0500	297.9200	154.3200
261.9800	297.1267	154.3200
239.2500	297.2000	154.3200
216.2200	298.2767	154.3200
199.0100	299.3967	154.3200
186.1500	300.6067	154.3200
181.1200	301.2433	154.3200
201.5800	302.4733	154.3200
209.2600	303.2600	154.3200
197.0300	303.8800	154.3200
185.8400	303.8533	154.3200
179.4300	304.0700	154.3200
168.6200	304.4133	154.3200
154.8400	304.7400	154.3200
141.7800	305.1700	154.3200
132.1900	305.7467	154.3200
125.7700	306.2300	154.3200
121.3500	306.6933	154.3200
118.1600	307.3533	154.3200
116.6000	307.8900	154.3200
119.5200	307.7267	154.3200
121.9800	307.6933	154.3200
121.5000	308.1500	154.3200
119.7800	308.7533	154.3200
118.9300	308.5800	154.3200
120.3400	307.7767	154.3200
119.2000	307.8033	154.3200
115.2400	307.8667	154.3200
112.1400	308.0867	154.3200
110.0900	308.7333	154.3200
108.9600	309.3633	154.3200
154.9700	307.8867	154.3200
185.9200	305.3500	154.3200
174.4100	304.4133	154.3200
152.0900	304.7800	154.3200
132.0700	305.7600	154.3200
117.8300	307.0633	154.3200
108.7800	307.9533	154.3200
103.2900	309.1267	154.3200
99.7500	308.8600	154.3200
97.4700	308.9467	154.3200
95.8700	309.5433	154.3200
97.2400	308.6567	154.3200
108.2700	307.5800	154.3200
113.4400	306.0400	154.3200
113.7600	305.6567	154.3200
115.1900	305.8500	154.3200
194.8300	305.2767	154.3200
194.8300	303.7100	154.3200
162.0700	303.2800	154.3200
138.3200	303.9767	154.3200
122.1100	305.1500	154.3200
112.3600	305.7933	154.3200
154.4500	304.5500	154.3200
268.5300	304.9600	154.3200
286.6400	306.1067	154.3200
285.3500	305.6700	154.3200
257.0400	305.1800	154.3200
288.1700	306.2367	154.3200
283.4900	306.1067	154.3200
217.0900	306.4333	154.3200
166.9900	306.7967	154.3200
136.9500	307.6467	154.3200
119.9900	308.2767	154.3200
109.9900	309.0633	154.3200
103.9000	309.8667	154.3200
99.9300	308.4333	154.3200
105.5700	307.3267	154.3200
170.5600	307.3167	154.3200
182.1800	305.9733	154.3200
170.7900	305.4267	154.3200
149.7600	305.5633	154.3200
129.2800	306.2333	154.3200
114.4100	306.9000	154.3200
105.0700	307.8533	154.3200
100.2000	308.4133	154.3200
103.2300	308.7667	154.3200
109.5800	308.6667	154.3200
127.7800	307.3000	154.3200
142.2500	305.3900	154.3200
139.7200	304.4400	154.3200
127.9000	304.3033	154.3200
115.4000	304.8033	154.3200
106.0900	303.5233	154.3200
100.0500	304.1200	154.3200
96.3500	303.5767	154.3200
94.3500	303.6833	154.3200
93.3300	302.0633	154.3200
92.5600	300.3333	154.3200
91.8500	299.5600	154.3200
91.8700	300.0200	154.3200
118.2100	302.7167	154.3200
137.9500	302.5467	154.3200
138.2100	303.2733	154.3200
131.2900	304.1867	154.3200
122.6700	304.6733	154.3200
115.3100	305.2933	154.3200
109.1500	305.9267	154.3200
103.8000	304.8100	154.3200
100.4700	303.7833	154.3200
121.0800	301.9033	154.3200
197.3400	301.3867	154.3200
226.8000	301.4033	154.3200
255.3800	301.3600	154.3200
255.3900	300.7533	154.3200
291.6200	300.5900	154.3200
294.6800	300.4833	154.3200
240.9100	300.5833	154.3200
182.0600	301.1600	154.3200
154.0100	302.0233	154.3200
238.9400	301.8267	154.3200
265.0000	299.6233	154.3200
219.5300	298.8133	154.3200
172.6000	298.8400	154.3200
139.2000	299.2067	154.3200
119.3900	300.1767	154.3200
108.2000	299.9100	154.3200
101.9000	296.8600	154.3200
98.2700	297.6800	154.3200
102.5500	296.9667	154.3200
118.4700	295.1533	154.3200
126.3300	294.8167	154.3200
193.2000	290.9667	154.3200
198.9300	291.8800	154.3200
179.6700	293.0333	154.3200
199.9100	292.8100	154.3200
217.0600	295.4733	154.3200
284.6200	291.8600	154.3200
297.6600	290.3000	154.3200
253.3600	289.9300	154.3200
220.3400	290.3133	154.3200
296.0700	290.4300	154.3200
321.2500	292.0167	154.3200
337.6400	293.0933	154.3200
307.5600	291.2233	154.3200
264.2400	289.3267	154.3200
235.5000	287.4600	154.3200
219.1400	287.9000	154.3200
210.4700	289.6900	154.3200
223.5000	291.1700	154.3200
416.1100	291.1900	154.3200
462.2800	288.6633	154.3200
394.1900	288.2833	154.3200
332.8300	289.0733	154.3200
383.2700	288.5233	154.3200
437.3500	287.6233	154.3200
428.5100	288.8100	154.3200
427.5600	290.9667	154.3200
526.4900	287.8033	154.3200
523.5600	287.4833	154.3200
482.3400	288.0300	154.3200
459.1500	289.0333	154.3200
446.6600	289.2067	154.3200
437.3300	290.2833	154.3200
427.7700	290.3533	154.3200
417.3600	290.1800	154.3200
406.2000	290.1433	154.3200
394.5800	290.7933	154.3200
382.9100	291.1400	154.3200
370.4200	291.0500	154.3200
357.9800	289.9533	154.3200
345.8600	288.0267	154.3200
334.0700	287.4333	154.3200
322.6300	289.1033	154.3200
317.1500	291.0233	154.3200
373.6000	287.9033	154.3200
400.9000	284.7333	154.3200
364.2300	283.6667	154.3200
320.9600	283.9833	154.3200
299.7200	284.8767	154.3200
297.0900	285.3233	154.3200
287.3400	285.9033	154.3200
274.2400	287.0167	154.3200
263.5000	285.9733	154.3200
256.0200	284.1967	154.3200
249.5800	282.5500	154.3200
242.7800	282.3800	154.3200
235.8000	283.7667	154.3200
247.3800	285.4867	154.3200
279.4500	283.6367	154.3200
270.5500	282.2800	154.3200
286.8000	280.7133	185.5400
301.2100	278.9600	306.5300
277.2100	277.2500	283.6700
246.1900	276.1767	251.6600
225.3300	276.6967	229.4400
218.3300	278.6267	221.5700
255.9700	281.3333	259.0100
296.8300	278.4200	301.7300
273.5900	276.8067	280.6300
240.2900	276.7667	245.8600
221.3200	277.6467	226.0800
213.1100	280.3067	217.1400
206.2900	281.9733	209.7400
199.5600	280.4000	202.4500
193.5500	278.9933	196.1100
188.2800	279.2000	190.6100
183.6100	279.4800	185.8200
179.4800	278.6100	181.6000
175.8000	278.1600	177.8400
172.2100	279.0100	174.2200
169.2900	281.1467	171.3900
317.3400	284.5633	335.6100
650.6800	284.5533	674.7500
573.4600	281.1433	597.4900
405.8100	278.6367	423.9800
293.0600	276.8067	305.1600
234.7500	276.0133	241.9900
212.0300	276.3933	216.5200
210.9100	277.1900	214.8100
217.4900	277.4067	221.5800
219.7800	276.8633	224.3500
214.7800	276.2400	219.0300
208.6300	275.1600	212.4600
203.9500	274.3300	207.3900
200.4900	273.9433	203.5800
198.3000	274.4933	201.1400
200.3700	274.0467	203.1300
201.9500	273.6933	205.1400
200.4600	273.5500	204.0900
196.7700	273.6300	200.1400
192.9000	274.2600	195.8000
189.5600	274.5800	192.2300
186.3500	275.4367	188.9000
185.7800	276.8300	188.0800
190.7800	279.0633	192.6800
209.6200	280.2600	213.8500
248.9400	281.7233	254.5800
251.7800	282.9500	258.2200
228.8600	285.0233	234.9200
231.5500	287.4633	234.4400
279.1900	286.6467	281.3100
288.8600	285.5867	294.5900
273.4100	284.6900	281.1000
271.4000	283.0567	279.1000
244.5700	281.0067	251.9600
216.8700	279.9567	222.3500
200.6600	280.9833	204.4500
205.1500	280.5633	207.2000
280.2700	276.9967	280.8400
334.4200	275.4667	339.6700
306.1800	275.0700	314.1700
262.4600	275.2967	269.5200
230.4900	276.6733	235.7400
213.3200	277.6300	217.0000
274.3600	277.7233	273.6500
427.4100	278.7767	430.4700
389.6600	278.8733	402.7700
313.7700	278.8767	323.2700
442.5400	277.7733	443.7800
586.0800	276.3300	597.3500
477.6800	275.7067	494.3300
384.3700	275.0933	398.9700
346.7200	274.9667	358.6600
326.1800	275.2567	332.9200
319.1600	275.3333	323.7700
318.8600	274.9400	322.2300
318.4700	275.2833	321.6300
316.3600	276.0233	319.4500
313.7500	277.4300	316.8200
310.7100	279.3900	313.7200
307.8500	281.7100	311.0300
323.1900	283.1400	324.2300
372.3500	281.2467	373.6000
366.1300	278.9667	371.8900
336.0100	277.5167	341.7900
311.3400	277.3600	315.9800
316.4500	277.4400	320.3600
344.5300	278.8933	347.8300
342.3400	279.6067	347.5500
320.0100	280.2033	325.4500
299.1000	279.8100	303.5400
285.1400	279.7633	288.7300
276.0100	280.4167	279.0900
268.9600	281.7433	271.8300
262.6000	282.8600	265.3800
257.1900	283.1533	260.0700
258.3800	284.2800	260.1000
335.9600	286.4900	331.9800
376.4600	287.4767	381.8300
345.3800	286.8933	353.3800
301.6300	285.6033	308.7900
267.7800	284.7500	272.9300
248.7700	285.0500	252.3600
238.6500	285.6700	241.4200
232.1200	286.3533	234.5200
226.8600	285.6267	229.1100
221.8300	285.4133	224.0200
216.6900	286.0333	218.8500
219.2800	283.8467	220.9400
253.7400	280.5467	253.2600
276.0100	281.6533	278.3600
260.6200	283.3267	265.4700
240.4100	285.3300	243.4500
337.4900	285.7867	329.6900
375.7400	285.5300	382.4400
310.0000	286.2233	319.4100
251.6200	285.5100	258.9000
217.4400	285.7433	221.9900
201.0600	286.7800	203.7700
193.1300	288.1667	195.0500
188.3900	289.5900	190.0000
190.2100	290.9133	190.5100
246.0700	291.3400	240.6100
272.6800	292.8133	275.2400
242.5600	293.9233	247.8000
209.1700	294.2500	213.5800
188.8600	292.8833	191.8700
181.1900	290.8500	183.4100
174.4000	290.1400	176.5300
166.7700	290.1267	168.6400
160.4000	290.6600	161.9800
155.1700	291.4000	156.5500
150.6600	292.3300	154.3200
146.5400	293.4667	154.3200
142.6300	294.3800	154.3200
138.9100	295.0900	154.3200
135.3700	294.8267	154.3200
133.0100	292.6400	154.3200
138.9000	291.4100	154.3200
149.4000	291.1967	154.3200
149.9000	291.6767	154.3200
141.9500	292.8033	154.3200
140.9100	293.0967	154.3200
184.0800	292.1133	154.3200
209.9500	291.5533	154.3200
193.7300	290.8033	166.0500
166.7300	289.9500	170.9400
144.1800	290.2667	154.6300
129.5300	291.7467	154.3200
122.4100	293.8400	154.3200
142.4700	294.8867	154.3200
173.0300	294.0967	154.3200
166.6200	294.3500	154.3200
147.0400	294.6467	154.3200
131.5400	295.5000	154.3200
121.1800	296.5267	154.3200
114.5400	296.9300	154.3200
110.3900	295.8833	154.3200
108.9900	293.9500	154.3200
117.2600	295.2467	154.3200
124.5900	296.2400	154.3200
127.8000	297.1100	154.3200
126.1200	298.0667	154.3200
126.1900	298.5533	154.3200
156.9300	298.2267	154.3200
180.7800	298.3133	154.3200
174.3800	298.0800	154.3200
155.2900	297.5433	154.3200
136.8100	297.7567	154.3200
153.9400	297.7000	154.3200
187.8800	298.4800	154.3200
201.4500	299.2467	154.3200
176.4000	300.0133	154.3200
144.9200	300.6467	154.3200
123.8000	301.3300	154.3200
112.6400	301.7600	154.3200
111.6100	301.9500	154.3200
113.0700	301.8833	154.3200
110.3700	301.9867	154.3200
106.5000	302.2800	154.3200
103.2400	302.9067	154.3200
100.6000	301.7233	154.3200
98.6100	301.7600	154.3200
97.1600	302.2233	154.3200
96.1200	302.0867	154.3200
95.4700	303.0167	154.3200
96.5100	302.9200	154.3200
104.1000	303.5300	154.3200
106.9900	303.5467	154.3200
110.2200	303.0300	154.3200
160.1500	302.0133	154.3200
235.1500	302.4733	154.3200
220.7800	302.7667	154.3200
175.9900	303.1667	154.3200
144.2700	303.5900	154.3200
124.2000	304.2033	154.3200
112.6300	304.8267	154.3200
108.2400	305.5733	154.3200
106.8300	305.7500	154.3200
103.9500	304.4700	154.3200
100.0100	304.5200	154.3200
96.6200	304.9533	154.3200
94.2700	304.9533	154.3200
92.7100	305.1600	154.3200
91.8800	305.2133	154.3200
93.7800	305.2800	154.3200
99.3200	305.0300	154.3200
103.2700	304.7733	154.3200
103.4200	304.5067	154.3200
102.5400	303.2633	154.3200
104.0000	302.8067	154.3200
104.7000	302.4767	154.3200
103.2600	302.1900	154.3200
104.2000	302.1033	154.3200
118.4000	302.5967	154.3200
132.2200	303.2967	154.3200
134.4900	303.4767	154.3200
134.1600	302.6500	154.3200
153.0300	302.8067	154.3200
156.6400	302.8767	154.3200
146.6300	302.8200	154.3200
136.8600	303.1300	154.3200
129.4800	303.8000	154.3200
120.8700	304.8300	154.3200
112.4700	305.8033	154.3200
105.1700	307.0633	154.3200
99.4800	306.5067	154.3200
101.9400	305.2567	154.3200
118.2700	305.6633	154.3200
123.2900	305.4933	154.3200
115.4500	305.8667	154.3200
106.8900	306.5567	154.3200
100.5600	307.4367	154.3200
96.1100	307.7267	154.3200
93.0200	306.2333	154.3200
90.9800	306.3767	154.3200
93.8400	305.6933	154.3200
117.7400	303.5200	154.3200
147.2500	303.1400	154.3200
138.8400	303.7900	154.3200
123.6000	304.6800	154.3200
111.6900	305.7300	154.3200
103.2200	307.0100	154.3200
97.3100	308.3833	154.3200
93.4500	308.0967	154.3200
90.9000	307.8633	154.3200
89.1900	307.4967	154.3200
88.8400	306.5867	154.3200
93.1300	306.0133	154.3200
110.3200	306.4200	154.3200
109.2500	307.0367	154.3200
104.9200	307.3567	154.3200
101.7700	307.8367	154.3200
99.1200	308.6000	154.3200
96.4900	309.5333	154.3200
94.1600	310.4167	154.3200
92.3800	308.5333	154.3200
91.6700	307.2967	154.3200
92.2400	307.3133	154.3200
93.5200	307.2667	154.3200
95.0200	307.7767	154.3200
94.6000	308.2333	154.3200
93.2500	308.9733	154.3200
93.0400	309.0533	154.3200
97.9800	308.1800	154.3200
101.9200	307.3933	154.3200
101.0200	306.5133	154.3200
97.9900	305.9967	154.3200
94.8700	305.6133	154.3200
92.1900	303.4500	154.3200
90.0800	303.1700	154.3200
88.5900	303.1933	154.3200
88.2100	303.7833	154.3200
89.0100	303.7500	154.3200
91.6600	303.5033	154.3200
95.5200	301.6100	154.3200
98.0800	300.6733	154.3200
97.7200	300.9133	154.3200
95.7500	301.8267	154.3200
99.5900	301.2133	154.3200
130.6600	301.8867	154.3200
162.5600	301.4433	154.3200
180.8900	302.2667	154.3200
173.6200	302.7500	154.3200
149.8500	302.6567	154.3200
127.2400	302.6400	154.3200
111.9700	302.9767	154.3200
103.0300	303.6133	154.3200
98.1800	303.0633	154.3200
95.7900	303.5533	154.3200
94.2000	304.0067	154.3200
92.5500	303.1633	154.3200
90.8700	303.3300	154.3200
89.3000	303.0667	154.3200
87.9800	303.0933	154.3200
86.9600	303.1100	154.3200
86.8800	301.7800	154.3200
95.9200	300.4233	154.3200
101.6100	298.4733	154.3200
100.1700	296.8667	154.3200
97.3400	296.8700	154.3200
94.5900	297.1400	154.3200
92.1700	297.6000	154.3200
90.1600	296.4500	154.3200
88.5500	294.5767	154.3200
87.3400	292.1367	154.3200
86.4300	291.2700	154.3200
85.7400	291.5800	154.3200
85.2200	292.4500	154.3200
84.8400	294.0633	154.3200
84.5400	295.4000	154.3200
84.3000	296.6067	154.3200
84.1100	296.1533	154.3200
84.8300	296.5667	154.3200
87.9300	296.1700	154.3200
90.9900	294.9933	154.3200
92.2200	293.8933	154.3200
92.1400	294.5567	154.3200
91.1900	294.9700	154.3200
89.7700	295.2233	154.3200
88.3400	296.3333	154.3200
89.0000	295.6867	154.3200
96.4200	296.3267	154.3200
101.8500	296.1167	154.3200
102.3900	296.4967	154.3200
102.5900	296.7133	154.3200
120.5600	296.8167	154.3200
146.2800	297.4167	154.3200
150.9900	295.8200	154.3200
140.1500	294.8867	154.3200
124.1600	292.8733	154.3200
110.9200	291.4033	154.3200
101.8800	290.7233	154.3200
95.9500	291.2267	154.3200
92.8500	291.9867	154.3200
106.4800	289.2167	154.3200
134.3500	287.8967	154.3200
134.5100	286.3967	154.3200
124.8500	284.7167	154.3200
114.3400	284.2733	154.3200
105.7500	284.2800	154.3200
99.0500	284.8267	154.3200
94.3200	286.9633	154.3200
91.1200	289.7900	154.3200
89.0100	290.4333	154.3200
88.5400	289.6633	154.3200
92.1700	287.5533	154.3200
97.8400	286.2067	154.3200
100.4500	285.6133	154.3200
105.2600	284.0067	154.3200
107.0600	284.5467	154.3200
104.7500	284.6400	154.3200
100.7800	284.5200	154.3200
96.9000	285.2033	154.3200
93.5600	288.2167	154.3200
90.9800	291.2633	154.3200
89.6100	292.4367	154.3200
89.5000	293.4167	154.3200
92.9800	287.1700	154.3200
100.4200	284.0033	154.3200
102.1600	283.2500	154.3200
100.8900	283.0200	154.3200
102.0900	282.9767	154.3200
108.6900	280.5233	154.3200
110.6200	280.1200	154.3200
107.3500	280.3500	154.3200
102.6600	281.4033	154.3200
97.8600	281.9767	154.3200
93.8400	279.2600	154.3200
90.8600	278.5600	154.3200
88.7900	278.8167	154.3200
87.8800	278.3200	154.3200
87.9300	278.8300	154.3200
88.1200	282.3667	154.3200
88.0400	279.5967	154.3200
87.7900	278.1300	154.3200
87.3500	277.4267	154.3200
86.7600	278.7800	154.3200
86.1300	281.1167	154.3200
85.5600	278.8033	154.3200
85.0600	279.1333	154.3200
84.6600	278.9067	154.3200
84.3500	279.4400	154.3200
84.1100	282.6200	154.3200
83.9800	282.7633	154.3200
83.9000	281.3667	154.3200
83.8800	281.5300	154.3200
84.2000	280.2933	154.3200
86.8500	278.4667	154.3200
91.7900	277.1767	154.3200
96.6000	276.3100	154.3200
100.6200	278.0133	154.3200
138.6900	282.0233	154.3200
