12.1500	274.7100	38.6200
10.7200	274.3250	38.6000
9.5600	273.6050	38.6000
8.5600	273.4950	38.6000
7.6900	273.9700	38.6000
6.9300	275.1150	38.6000
6.2900	275.7500	38.6000
5.7300	276.9400	38.6000
6.9000	279.4400	38.6000
18.4900	278.5400	38.6000
14.4500	276.5750	38.6000
13.8900	277.3100	38.6000
14.9900	278.2800	38.6000
24.4400	278.7300	38.6000
23.9800	280.7700	38.6000
25.0300	282.3650	38.6000
25.2300	282.8250	38.6000
23.9400	281.8300	38.6000
21.6800	282.2700	38.6000
19.1100	284.7500	38.6000
35.4100	286.4850	38.6000
38.3700	282.0350	38.6000
44.5500	279.1000	38.6000
55.8900	278.9950	38.6000
55.4200	279.9100	38.6000
51.5900	279.5000	38.6000
43.9100	278.0450	38.6000
31.6900	280.0000	38.6000
23.2700	280.1450	38.6000
18.1000	281.3900	38.6000
14.8200	284.5800	38.6000
14.9100	284.5000	38.6100
13.1400	283.8550	38.6700
11.8400	283.1900	38.6700
11.3600	281.0250	38.6700
11.7900	281.4650	38.6700
13.8900	281.8700	38.6700
14.8700	281.9200	38.6700
14.5700	282.9700	38.6700
13.4700	284.6700	38.6700
12.0900	286.9100	38.6700
10.8300	288.6250	38.6700
10.6600	285.1950	38.6700
10.4300	277.6350	38.6700
18.6800	278.3200	38.6700
17.5100	284.6600	38.6700
17.7100	289.2750	38.6700
18.4900	290.5350	38.6700
21.8600	289.3700	38.6700
28.9800	282.8800	38.6700
28.9700	281.8300	38.6700
31.6300	284.9350	38.6700
33.8400	286.1950	38.6700
37.8900	284.0250	38.6700
56.1400	281.1050	38.6700
50.8500	282.6700	38.6700
48.6200	286.5550	38.6700
43.4100	287.5650	38.6700
38.1800	285.6800	38.6700
35.7000	286.7300	38.6700
37.5600	286.2500	38.6600
37.4000	286.5600	38.6600
33.8400	288.3150	38.6600
65.1800	288.6250	38.6600
72.5500	289.9050	38.6600
71.8800	283.0250	38.6600
65.5200	281.7500	38.6600
55.9600	282.4600	38.6600
45.4800	284.3650	38.6600
36.3800	282.6250	38.6600
29.4200	283.3750	38.6600
24.3600	286.2200	38.6600
24.6800	288.3900	38.6600
26.0200	286.9150	38.6600
46.8200	285.9800	38.6600
94.3100	286.2050	38.6600
113.6900	286.2650	38.6600
104.2600	284.9600	38.6600
85.1100	282.9950	38.6600
65.4100	282.8850	38.6600
94.3800	282.5950	38.6600
98.8400	283.3750	38.6600
105.2400	283.5350	38.6600
91.4300	284.4500	38.6600
70.6700	284.8200	38.6600
54.3200	282.8100	38.6600
42.4000	281.0050	38.6600
34.0600	281.4950	38.6600
30.0800	284.4100	38.6600
81.6300	288.4800	38.6600
98.4000	288.8650	38.6600
108.4700	287.0650	38.7500
87.3800	283.6900	38.7500
72.5900	284.9850	38.7500
67.8000	286.4350	38.7500
64.9500	287.6350	38.7500
53.2300	288.5550	38.7500
41.1000	290.5000	38.7500
35.1800	292.0000	38.7500
31.5400	292.8150	38.7500
28.5300	293.8100	38.7500
26.0500	294.9450	38.7500
24.1800	294.8850	38.7500
22.8100	295.9500	38.7500
22.9800	295.3450	38.7500
23.0700	294.5500	38.7500
25.1800	293.9850	38.7500
28.3100	291.8600	38.7500
31.9600	287.5500	38.7500
34.2700	289.0550	38.7500
33.7700	290.4700	38.7500
31.2700	292.1850	38.7500
28.2400	293.4650	38.7500
25.5100	293.6000	38.7500
23.3300	294.0450	38.7500
23.4300	291.5800	38.7500
33.7100	287.0650	38.7500
39.7800	289.5750	38.7500
46.5500	291.2850	38.7500
45.4200	292.1650	38.7500
40.0900	291.9400	38.7500
34.1600	293.0600	38.8600
29.1100	293.6400	38.8600
25.2600	294.2250	38.8600
22.4400	294.6300	38.8600
20.4100	296.0550	38.8600
18.9900	297.2550	38.8600
18.0300	295.9850	38.8600
17.4300	296.3350	38.8600
16.8400	297.4600	38.8600
16.3500	298.5100	38.8600
16.0400	299.2150	38.8600
15.9900	299.2550	38.8600
25.2500	297.8700	38.8600
24.1700	297.6200	38.8600
20.7300	297.7350	38.8600
19.5900	298.9750	38.8600
18.8500	299.5100	38.8600
18.1000	300.8600	38.8600
17.2000	301.0150	38.8600
16.5600	301.0850	38.8600
21.2400	300.1450	38.8600
22.0700	300.9250	38.8600
21.7000	298.3250	38.8600
22.8900	297.6450	38.8600
27.2700	298.4150	38.8600
39.9400	297.5450	38.8600
49.2600	296.5300	38.8600
50.0800	297.4400	38.8600
60.8800	297.3600	38.8600
89.5500	297.4250	38.8600
85.2500	297.6900	38.7600
69.8700	297.5450	34.1600
67.4000	295.9450	34.1600
60.9600	297.3200	34.1600
61.7500	299.0650	34.1600
56.6100	300.1200	34.1600
48.6400	300.2950	34.1600
42.4800	300.3750	34.1600
38.6800	299.4900	34.1600
46.4000	298.9350	34.1600
57.1800	300.0300	34.1600
57.6000	300.1200	34.1600
51.0200	300.0300	34.1600
65.1000	299.3900	34.1600
107.9300	300.6100	34.1600
85.0000	302.1250	34.1600
66.4900	301.8200	34.1600
52.7800	301.4650	34.1600
44.0900	301.8850	34.1600
38.5600	301.6800	34.1600
35.0400	301.8450	34.1600
32.8000	303.1450	34.1600
31.3300	303.5650	34.1600
33.1600	302.7400	34.1600
34.7400	302.8200	34.1600
31.2600	302.1750	34.1600
28.2200	301.4100	34.1600
29.5900	301.8600	34.1600
38.0600	301.6700	34.1600
50.2600	300.7050	34.1600
51.8200	301.2300	34.1600
46.7700	301.0700	34.1800
41.1000	301.9350	34.1800
43.3700	301.7250	34.1800
49.7900	301.5400	34.1800
47.2900	302.4650	34.1800
46.3900	302.3400	34.1800
42.2700	303.2700	34.1800
37.3400	303.5200	34.1800
33.4100	304.8100	34.1800
30.5700	305.2850	34.1800
28.8200	305.2900	34.1800
27.6600	305.5200	34.1800
27.3000	303.8550	34.1800
29.1600	301.9350	34.1800
24.8900	302.8100	34.1800
22.7100	303.4000	34.1800
20.5400	303.7250	34.1800
18.2100	304.8400	34.1800
15.9700	306.2050	34.1800
17.9800	304.5950	34.1800
25.1500	302.0600	34.1800
21.6400	301.1900	34.1800
22.6500	302.4500	34.1800
33.1300	300.4100	34.1800
39.6500	300.0600	34.1800
45.9700	300.6350	34.1800
48.7600	301.5050	34.1800
67.9700	297.7700	34.1800
60.1100	298.6050	34.1800
53.5700	300.2000	34.1800
46.8300	299.8050	34.1800
40.8800	299.3450	34.2000
35.9000	300.2100	34.2000
31.6300	300.9550	34.2000
28.5500	301.1200	34.2000
26.5400	301.6450	34.2000
25.3600	302.2550	34.2000
24.8900	303.5150	34.2000
24.7000	304.4250	34.2000
24.1700	304.8700	34.2000
23.7000	305.3000	34.2000
23.6100	305.2750	34.2000
24.4000	305.1500	34.2000
24.3000	304.9300	34.2000
25.0500	304.3950	34.2000
27.6200	304.2650	34.2000
27.4000	304.2200	34.2000
26.2500	305.2300	34.2000
25.6800	305.3350	34.2000
29.6200	304.2900	34.2000
31.3800	303.8150	34.2000
31.1600	303.5650	34.2000
29.4500	303.9050	34.2000
24.3800	303.8350	34.2000
18.6300	304.4900	34.2000
14.6000	304.5750	34.2000
11.9300	305.1100	34.2000
10.0700	302.8600	34.2000
8.7100	302.0500	34.2000
7.6800	301.3800	34.2000
6.9500	301.1950	34.2000
7.0400	300.9600	34.2000
8.2600	299.5650	34.1100
11.0600	297.3900	34.1100
14.0300	299.4500	34.1100
15.6100	300.7750	34.1100
20.7800	301.4050	34.1100
37.0000	300.4800	34.1100
42.1800	299.9050	34.1100
36.3600	299.9350	34.1100
30.6200	300.2700	34.1100
26.9900	300.2600	34.1100
25.1200	300.9250	34.1100
24.1700	300.3400	34.1100
23.5700	300.5300	34.1100
23.0100	300.8700	34.1100
22.4100	299.3550	34.1100
21.8100	297.1400	34.1100
21.2900	298.8750	34.1100
20.8700	299.2350	34.1100
20.5300	300.3600	34.1100
20.2800	300.3100	34.1100
23.0100	300.4150	34.1100
24.4800	301.2800	34.1100
23.9200	301.5400	34.1100
21.1700	300.2550	34.1100
25.3200	297.1350	34.1100
35.3000	295.1350	34.1100
43.8200	294.4300	34.1100
39.5300	294.1250	34.1100
33.1000	293.4700	34.1100
28.4500	291.7700	34.1100
25.4700	292.1450	34.0000
23.6200	292.9550	34.0000
22.4400	294.0850	34.0000
21.6400	294.2750	34.0000
21.0900	294.8200	34.0000
20.7100	295.8200	34.0000
22.7900	292.3850	34.0000
25.4200	289.9650	34.0000
27.6000	288.9150	34.0000
25.5600	290.9450	34.0000
21.3100	292.5550	34.0000
18.0200	293.1550	34.0000
15.5800	294.3050	34.0000
13.5200	293.5200	34.0000
14.5000	291.9750	34.0000
14.2800	292.6550	34.0000
13.7300	289.0950	34.0000
15.1300	288.2900	34.0000
18.2500	289.1750	34.0000
20.1200	292.7100	34.0000
19.2200	293.6250	34.0000
16.8600	294.7150	34.0000
14.2900	295.0700	34.0000
12.0200	296.3150	34.0000
10.1500	298.0000	34.0000
8.6600	286.4700	34.0000
7.4400	279.5000	34.0000
6.4700	278.0100	34.0000
5.7100	279.9000	34.0000
5.1500	284.1400	34.0000
4.8100	285.7000	33.9900
4.7200	290.9700	33.9200
4.8200	293.6000	33.9200
5.0000	293.6550	33.9200
5.1100	292.8300	33.9200
5.1000	287.0100	33.9200
4.9500	283.0650	33.9200
4.7200	285.3350	33.9200
4.4300	287.1550	33.9200
4.1400	287.7750	33.9200
3.8500	287.2650	33.9200
3.5800	286.7200	33.9200
3.3400	284.5450	33.9200
3.1100	282.0650	33.9200
2.9100	285.2050	33.9200
2.7400	289.0200	33.9200
2.6000	287.0950	33.9200
2.4700	288.6050	33.9200
2.3600	286.9300	33.9200
2.2700	288.4550	33.9200
2.1900	288.1950	33.9200
2.1300	285.2400	33.9200
2.0700	284.0900	33.9200
2.0300	287.5650	33.9200
16.9000	289.7850	33.9200
23.6600	293.8050	33.9200
36.2200	293.0350	33.9200
45.3900	294.1350	33.9200
40.3000	293.3800	33.9200
33.9700	292.7450	33.9200
29.6400	293.2850	33.9200
27.2200	291.7100	33.8700
28.6200	292.1600	33.8700
31.5500	289.6400	33.8700
32.5000	288.5000	33.8700
28.7600	290.5100	33.8700
20.2900	291.6300	33.8700
14.2700	292.1650	33.8700
10.9200	292.7350	33.8700
8.9700	292.1800	33.8700
7.7000	283.4950	33.8700
20.3800	281.5600	33.8700
20.6900	285.6900	33.8700
21.0900	288.5650	33.8700
25.3400	290.0450	33.8700
30.3300	289.1300	33.8700
32.1700	285.5900	33.8700
29.7600	286.7400	33.8700
33.4300	287.6950	33.8700
33.2900	285.8500	33.8700
32.8900	284.1650	33.8700
32.6500	282.3950	33.8700
31.2600	282.6450	33.8700
28.9200	283.6750	33.8700
25.1800	285.0650	33.8700
21.0200	280.6550	33.8700
17.2800	280.4800	33.8700
14.3400	279.3000	33.8700
12.2600	279.6000	33.8700
10.9800	281.1950	33.8700
10.2500	278.3350	33.8700
9.7400	277.0350	33.8700
9.1400	278.8650	33.8600
8.4200	273.8850	33.8600
7.6800	273.1500	33.8600
7.1200	273.2550	33.8600
7.4700	273.5950	33.8600
11.6800	275.0050	33.8600
30.0200	277.0350	33.8600
30.4100	275.6850	33.8600
32.9700	275.8550	33.8600
32.5500	278.4450	33.8600
31.6100	281.5350	33.8600
29.5000	280.0600	33.8600
32.6800	279.4400	33.8600
30.6300	279.3500	33.8600
25.7600	280.0100	33.8600
22.2100	279.2150	33.8600
18.8600	280.2150	33.8600
15.8500	281.7850	33.8600
13.3300	282.2950	33.8600
24.2000	283.0500	33.8600
32.8000	281.8200	33.8600
61.8800	281.6300	33.8600
72.0400	283.4500	33.8600
73.6400	286.8050	33.8600
76.2800	287.4750	33.8600
79.6500	284.5250	33.8600
74.1700	285.6550	33.8600
65.3000	287.4750	33.8600
57.1900	287.3350	33.8600
51.8800	289.1250	33.8600
48.6800	290.3850	33.8600
47.7600	290.6850	33.9100
46.8200	286.8550	33.9100
32.2000	283.3250	33.9100
21.6100	284.1750	33.9100
16.5800	281.4100	33.9100
14.3500	282.2450	33.9100
62.1300	279.5150	33.9100
82.2600	279.7850	33.9100
97.9800	281.2100	33.9100
89.4500	283.5150	33.9100
72.7600	283.2600	33.9100
56.3800	280.5950	33.9100
43.2900	280.8600	33.9100
33.8400	280.9150	33.9100
27.3000	280.6450	33.9100
22.8000	283.9100	33.9100
19.6700	282.2800	33.9100
17.4700	280.1500	33.9100
15.9000	281.6650	33.9100
14.7800	284.7350	33.9100
14.7500	286.1050	33.9100
15.0600	285.7100	33.9100
14.8700	285.6900	33.9100
15.1200	283.2550	33.9100
15.9100	283.9350	33.9100
16.8200	285.0150	33.9100
17.1400	282.2450	33.9100
16.7500	279.8150	33.9100
15.9600	280.5700	33.9100
16.9600	283.2250	33.9100
60.2500	288.1150	33.9100
64.3500	286.4300	33.9100
75.1600	280.0800	33.9100
74.7700	281.0600	33.9100
63.3600	283.4450	33.9100
49.2200	285.2550	33.9100
37.9300	286.9100	33.9100
31.2800	286.7250	33.9100
27.3500	282.5650	33.9100
23.9300	285.1800	33.9100
31.8900	288.2400	33.9100
46.3900	289.3750	33.9100
68.2000	290.1200	33.9100
76.4100	291.0750	33.9100
66.1100	292.3850	33.9100
51.8000	292.6150	33.9100
40.3700	291.9250	33.9100
33.4300	291.4950	33.9100
36.1200	290.7100	33.9100
50.6200	287.8100	33.9100
51.4300	284.1400	33.9100
53.6300	286.2150	33.9100
49.9500	289.0250	33.9100
42.8900	292.0700	33.9100
36.6900	290.6150	33.9100
32.6200	288.5850	33.9100
30.3300	290.0700	33.9100
31.2700	290.6950	33.9100
56.2000	292.3050	33.9100
84.7300	293.4300	33.9900
109.5900	291.9000	33.9900
97.7800	293.9750	33.9900
80.3700	290.8050	33.9900
69.4100	287.8350	33.9900
54.3100	287.8650	33.9900
38.5800	287.1450	33.9900
29.7100	290.3750	33.9900
24.7600	292.1300	33.9900
29.2500	293.2550	33.9900
38.0800	293.4000	33.9900
36.4500	291.6300	33.9900
51.0500	292.0350	33.9900
52.4800	293.0900	33.9900
48.4100	294.0200	33.9900
42.3900	294.7350	33.9900
37.2400	295.6450	33.9900
33.2600	296.4650	33.9900
29.7400	297.3550	33.9900
26.6000	297.8050	33.9900
24.0300	298.3250	33.9900
22.0700	298.6250	33.9900
20.6300	294.7800	33.9900
19.5100	295.0750	33.9900
19.2200	297.2100	33.9900
21.9800	294.8600	33.9900
20.7400	294.7250	33.9900
21.2100	296.9450	33.9900
22.4500	298.4500	33.9900
23.1400	294.7900	33.9900
37.0700	294.3700	34.0800
83.6500	296.3200	34.0800
87.7600	297.7400	34.0800
84.3800	294.4000	34.0800
89.8100	292.1250	34.0800
80.9900	293.1150	34.0800
70.5100	294.9700	34.0800
58.5100	297.0700	34.0800
50.5100	297.3100	34.0800
45.8200	297.5400	34.0800
61.5300	297.9300	34.0800
92.7600	297.7750	34.0800
68.4600	299.0400	34.0800
76.0800	294.1900	34.0800
71.4200	294.8600	34.0800
62.0200	295.2450	34.0800
54.1000	296.7900	34.0800
52.3100	297.3650	34.0800
78.1000	291.9200	34.0800
75.0600	290.4500	34.0800
66.4800	290.9600	34.0800
55.9400	290.1600	34.0800
43.8700	290.9250	34.0800
32.6200	293.7200	34.0800
25.6700	295.5700	34.0800
21.3600	296.6850	34.0800
18.4700	297.3300	34.0800
16.4300	298.5650	34.0800
14.9400	298.6000	34.0800
13.8600	298.9000	34.0800
15.7500	300.0200	34.0800
16.4400	302.0200	34.0200
15.1100	303.5450	34.0200
14.8000	304.8900	34.0200
14.5200	304.6350	34.0200
14.0700	304.6450	34.0200
13.5400	304.9850	34.0200
13.1100	304.6500	34.0200
13.6300	303.1250	34.0200
17.1600	302.5900	34.0200
22.8500	302.7950	34.0200
25.0900	302.7150	34.0200
23.4100	303.7450	34.0200
20.4700	304.9050	34.0200
17.7000	304.9400	34.0200
16.1200	303.8450	34.0200
15.0800	302.3650	34.0200
13.5900	303.8800	34.0200
12.5200	305.0150	34.0200
11.7300	304.2850	34.0200
11.0500	304.6850	34.0200
10.3800	301.2550	34.0200
9.6900	297.3200	34.0200
9.2000	297.5500	34.0200
18.2800	300.3900	34.0200
23.2500	301.1700	34.0200
29.7900	301.5750	34.0200
39.6200	301.5350	34.0200
33.8300	302.2700	34.0200
27.5000	302.8950	34.0200
24.1900	303.6350	34.0200
24.5500	303.3150	34.0500
26.3100	303.6650	34.0500
26.7600	304.1600	34.0500
26.9700	304.0950	34.0500
28.2100	304.3500	34.0500
28.7000	305.4400	34.0500
28.0000	304.2650	34.0500
26.4100	303.9200	34.0500
23.9400	304.2800	34.0500
20.8800	305.2900	34.0500
18.3400	305.2800	34.0500
18.4800	302.2250	34.0500
21.3000	301.4050	34.0500
28.7100	300.4950	34.0500
36.2600	300.5950	34.0500
34.7000	302.5550	34.0500
33.7700	303.8300	34.0500
31.6600	304.2650	34.0500
28.4400	304.7000	34.0500
25.0900	304.5000	34.0500
21.8600	305.3200	34.0500
18.7400	304.7850	34.0500
15.8900	304.3850	34.0500
17.6900	303.6700	34.0500
29.3200	302.3600	34.0500
31.1500	303.8250	34.0500
29.5400	303.9550	34.0500
28.0100	304.9900	34.0500
25.5300	305.7350	34.0500
23.1500	306.0100	34.0500
21.3400	306.5200	34.0500
23.0200	306.3500	34.0600
24.8600	305.8550	34.0600
22.6900	306.0450	34.0600
20.7700	305.9350	34.0600
18.8300	305.9700	34.0600
16.8100	307.4900	34.0600
14.7100	306.6000	34.0600
12.7400	304.6400	34.0600
11.0100	305.1850	34.0600
9.5400	299.0650	34.0600
8.3000	301.3350	34.0600
7.2700	300.8300	34.0600
6.4100	301.3950	34.0600
5.6900	300.3900	34.0600
5.1600	300.8500	34.0600
13.6200	301.1700	34.0600
15.4300	302.7300	34.0600
22.4800	303.5700	34.0600
28.6600	303.8350	34.0600
30.6700	303.8100	34.0600
31.7500	303.9550	34.0600
32.9500	304.3200	34.0600
31.8200	305.7400	34.0600
28.3000	306.4100	34.0600
24.2100	305.5800	34.0600
29.7600	303.3900	34.0600
33.9000	301.7600	34.0600
55.5500	300.4350	34.0600
79.7400	299.3200	34.0600
63.9700	298.5450	34.0600
52.6100	297.8800	34.0600
44.9000	297.7350	33.9800
39.2300	299.0350	33.9800
34.8100	299.3700	33.9800
30.8900	300.3900	33.9800
27.6300	301.3450	33.9800
25.2100	301.9250	33.9800
23.4900	301.9700	33.9800
21.6700	302.2850	33.9800
17.3800	302.8300	33.9800
12.8600	302.4800	33.9800
9.7500	300.5700	33.9800
7.7500	299.2250	33.9800
6.4200	297.6750	33.9800
15.1000	298.5400	33.9800
65.3500	298.5450	33.9800
83.8700	297.3550	33.9800
105.0800	297.9950	33.9800
127.9000	297.9900	33.9800
163.4300	298.3750	33.9800
103.3500	298.6800	33.9800
68.3100	298.1350	33.9800
48.3800	299.1000	33.9800
37.4300	299.2300	33.9800
31.1200	298.5250	33.9800
27.3100	297.3150	33.9800
26.2900	297.0150	33.9800
39.0000	297.2850	33.9800
43.2100	298.1450	33.9800
42.4600	297.8100	33.9800
39.3400	297.0300	33.9800
34.1900	298.0400	33.8600
29.6900	298.4200	33.8600
26.5200	298.6550	33.8600
24.4000	299.3650	33.8600
22.9800	299.9800	33.8600
22.0300	300.6150	33.8600
21.3800	300.9250	33.8600
21.0100	299.8700	33.8600
23.8300	296.3300	33.8600
27.0400	296.7700	33.8600
42.8500	296.3400	33.8600
45.5600	296.8900	33.8600
40.6200	296.4000	33.8600
37.6500	294.9500	33.8600
35.9000	291.5000	33.8600
52.8200	290.4800	33.8600
55.9000	291.8700	33.8600
52.8500	289.2850	33.8600
45.4100	289.3700	33.8600
36.8900	291.5350	33.8600
32.8200	291.5800	33.8600
32.5200	291.8400	33.8600
31.1900	289.9500	33.8600
29.7800	290.1500	33.8600
28.1600	289.7700	33.8600
28.4600	290.7350	33.8600
28.5100	292.3550	33.8600
26.7000	292.1450	33.8600
28.9300	293.3500	33.8600
43.7000	295.1550	33.8600
41.7400	291.9750	33.8600
39.5500	290.9650	33.7900
35.5600	288.6500	33.7900
31.6100	288.6100	33.7900
28.5600	287.1050	33.7900
27.1700	288.7350	33.7900
32.1100	291.0250	33.7900
37.1300	286.3500	33.7900
39.3800	286.5500	33.7900
38.5400	288.6650	33.7900
34.2100	291.2250	33.7900
31.3100	292.1250	33.7900
65.9600	292.5400	33.7900
85.0000	291.9000	33.7900
77.1200	287.4000	33.7900
60.0000	286.0900	33.7900
45.7400	288.5350	33.7900
64.6800	288.8900	33.7900
65.9000	285.3800	33.7900
61.5200	283.3850	33.7900
50.0300	284.6400	33.7900
39.8400	286.1250	33.7900
33.1700	284.9150	33.7900
29.0700	281.6500	33.7900
26.5300	281.9600	33.7900
24.9100	283.3300	33.7900
23.8300	283.4800	33.7900
23.1100	284.1850	33.7900
22.5900	281.6000	33.7900
22.2200	280.3350	33.7900
21.9400	281.9250	33.7900
21.9600	280.4300	33.7300
24.7000	279.6450	33.7300
28.7200	281.2550	33.7300
30.5500	279.4450	33.7300
31.7200	277.3900	33.7300
36.3800	277.5900	33.7300
36.6000	277.5950	33.7300
39.7600	278.2150	33.7300
42.6800	278.3650	33.7300
42.7500	277.7300	33.7300
44.1800	279.2150	33.7300
48.8000	279.6000	33.7300
58.8900	280.3900	33.7300
95.2000	282.9500	33.7300
85.1700	280.6300	33.7300
69.3000	280.0400	33.7300
54.6700	281.0600	33.7300
45.5500	280.7900	33.7300
40.2600	283.0150	33.7300
43.7800	285.7150	33.7300
51.3000	281.1550	33.7300
47.3100	280.3800	33.7300
45.5800	281.6150	33.7300
47.5700	281.8600	33.7300
93.2000	284.7500	33.7300
85.0900	281.0900	33.7300
75.0000	278.7950	33.7300
59.2700	278.1400	33.7300
48.2800	278.8750	33.7300
41.8700	280.4700	33.7300
38.1700	281.0500	33.7300
36.9300	284.4850	33.7200
42.7900	283.1050	33.7200
47.3100	282.3850	33.7200
49.2200	279.8600	33.7200
49.0400	279.9300	33.7200
48.1400	281.0800	33.7200
47.0200	279.6150	33.7200
46.0000	279.6350	33.7200
45.1900	281.6000	33.7200
44.5800	283.3700	33.7200
44.1500	278.5350	33.7200
43.8300	277.1700	33.7200
43.5800	276.9550	33.7200
43.4100	278.0800	33.7200
43.2800	278.1850	33.7200
43.1900	277.8650	33.7200
44.5300	278.5750	33.7200
46.2200	275.7150	33.7200
45.9000	275.3150	33.7200
45.8100	276.0750	33.7200
45.6400	279.1200	33.7200
46.4800	278.1750	33.7200
48.4200	275.2150	33.7200
48.2400	274.4000	33.7200
48.6000	274.5150	33.7200
48.5100	275.0400	33.7200
47.7700	275.0800	33.7200
46.7700	275.6700	33.7200
45.8600	277.4400	33.7200
53.7300	280.0100	33.7200
90.9000	280.1750	33.7300
96.2400	280.4700	33.7800
91.6600	280.0400	33.7800
80.7400	282.0050	33.7800
72.6400	284.2450	33.7800
70.0000	280.5200	33.7800
68.9600	279.9600	33.7800
76.7600	280.4350	33.7800
84.0100	280.6300	33.7800
84.2900	279.2550	33.7800
83.0800	280.5650	33.7800
90.6700	281.2100	33.7800
87.8600	279.3450	33.7800
80.0900	278.6500	33.7800
72.6900	279.4150	33.7800
67.9500	282.3100	33.7800
65.8800	281.7500	33.7800
90.3700	277.0100	33.7800
92.1600	276.5650	33.7800
92.7900	278.9600	33.7800
84.2000	281.6100	33.7800
75.2500	282.3650	33.7800
70.4300	285.6650	33.7800
95.3000	286.8900	33.7800
98.7100	284.0050	33.7800
94.5300	284.1850	33.7800
82.2800	283.6800	33.7800
80.3400	281.4700	33.7800
89.4600	280.5900	33.7800
95.1800	282.7900	33.7700
107.7200	284.3300	33.7700
99.7300	283.6900	33.7700
89.4500	282.0000	33.7700
82.9100	285.0200	33.7700
121.1000	288.2300	33.7700
195.6000	287.4050	33.7700
212.9500	284.5150	33.7700
150.2100	286.7800	33.7700
109.1400	286.9950	33.7700
90.1000	285.6100	33.7700
81.2800	287.1550	33.7700
78.2800	288.7450	33.7700
88.1900	289.3400	33.7700
92.9500	285.0700	33.7700
142.9600	285.1300	33.7700
129.3000	287.5000	33.7700
125.2400	288.4650	33.7700
121.1300	288.8350	33.7700
159.4700	289.2500	33.7700
236.6900	291.8850	33.7700
203.0000	291.9950	33.7700
136.9200	289.4500	33.7700
105.2700	288.8950	33.7700
92.7400	288.4850	33.7700
89.0500	289.6300	33.7700
88.9900	290.4900	33.7700
90.5000	290.0050	33.7700
92.5600	291.0100	33.7700
97.6000	291.8550	33.7700
120.7800	285.2700	33.7700
131.6800	283.2100	33.8500
115.6100	284.9700	33.8500
100.7500	286.7200	33.8500
93.8500	287.9300	33.8500
90.9500	289.5650	33.8500
92.0300	290.2350	33.8500
110.8000	290.1850	33.8500
176.4800	291.0750	33.8500
214.4000	288.0200	33.8500
233.3600	284.3200	33.8500
244.8600	282.1900	33.8500
198.5800	283.3700	33.8500
149.1500	286.3700	33.8500
124.4500	288.4400	33.8500
116.2400	290.1100	33.8500
114.8600	291.2000	33.8500
115.4200	291.9150	33.8500
124.8200	292.4700	33.8500
231.1400	291.0750	33.8500
246.4900	290.6000	33.8500
175.1700	291.4300	33.8500
174.6100	292.6350	33.8500
187.2800	291.2900	33.8500
167.3000	289.9200	33.8500
154.1000	290.4600	33.8500
175.5900	291.7500	33.8500
172.1700	292.0350	33.8500
160.1700	292.9700	33.8500
148.7100	294.0000	33.8500
148.5000	294.9600	33.8500
170.0500	295.6700	33.9500
172.4000	296.3100	33.9500
172.2100	296.9200	33.9500
174.3900	297.1250	33.9500
171.8600	296.6700	33.9500
184.8200	297.2400	33.9500
291.2700	297.6850	33.9500
373.6600	298.4950	33.9500
347.3700	299.2100	33.9500
264.2000	299.7850	33.9500
199.3900	300.3700	33.9500
165.9600	299.5400	33.9500
153.4000	296.7350	33.9500
148.9200	295.2550	33.9500
145.0400	294.4400	33.9500
144.7600	294.6650	33.9500
157.3500	295.5350	33.9500
152.9400	295.3500	33.9500
159.8800	294.8400	33.9500
172.3900	292.8700	33.9500
166.3300	293.6200	33.9500
157.4300	293.5750	33.9500
347.0100	293.1300	33.9500
531.9300	292.6950	33.9500
353.7400	294.4150	33.9500
219.8800	295.2150	33.9500
160.8000	294.9700	33.9500
136.2600	295.7950	33.9500
123.7800	294.8800	33.9500
116.5600	294.0800	33.9500
112.0500	295.2100	34.7600
109.0000	295.4700	73.0400
106.6700	294.1650	73.0400
103.9300	295.8300	73.0400
111.3600	296.4650	73.0400
132.4000	297.0050	73.0400
174.1600	296.3200	73.0400
202.2600	296.8700	73.0400
279.8700	297.2000	73.0400
320.3200	297.5550	73.0400
253.5800	299.0150	73.0400
179.4000	299.1400	73.0400
135.0800	298.9600	73.0400
120.8500	299.8800	73.0400
140.4000	300.0850	73.0400
152.1900	299.5100	73.0400
145.5600	300.3850	73.0400
148.1400	299.6750	73.0400
163.2800	299.7750	73.0400
184.2500	299.6000	73.0400
174.5500	300.2850	73.0400
145.7000	298.6550	73.0400
124.5800	297.2550	73.0400
108.1200	298.4600	73.0400
93.7900	299.5300	73.0400
83.5400	300.0200	73.0400
76.7700	300.1600	73.0400
72.2100	300.6350	73.0400
73.9900	300.9000	73.0400
84.7400	300.9050	73.0400
85.3300	301.0750	73.0400
83.9000	300.3550	73.0900
138.4200	298.3300	73.0900
283.3900	298.2100	73.0900
360.0500	299.0900	73.0900
257.1600	298.5250	73.0900
160.3800	299.0150	73.0900
108.5800	299.8000	73.0900
83.3800	300.4850	73.0900
73.5800	301.4550	73.0900
74.1100	301.3200	73.0900
107.4400	300.9450	73.0900
154.9500	301.2500	73.0900
163.0300	301.7500	73.0900
146.7100	300.0500	73.0900
138.6200	299.9550	73.0900
130.1800	300.8150	73.0900
108.7900	301.0450	73.0900
95.1800	300.9250	73.0900
103.0200	301.4650	73.0900
109.0900	301.0850	73.0900
109.0800	301.8000	73.0900
107.6000	300.9150	73.0900
119.1200	299.4000	73.0900
150.6900	298.9800	73.0900
149.9000	299.9150	73.0900
126.1700	299.1600	73.0900
100.9000	299.4700	73.0900
96.7400	300.2950	73.0900
86.3500	301.7950	73.0900
77.9200	301.2550	73.0900
82.1100	300.4550	73.0900
85.2000	301.0950	73.1300
114.1400	301.4300	73.1300
151.8500	300.9550	73.1300
147.4700	300.0500	73.1300
129.9600	300.0900	73.1300
120.3900	300.4750	73.1300
142.5200	299.9000	73.1300
148.6000	300.4550	73.1300
136.7100	300.3750	73.1300
117.1400	300.3050	73.1300
97.8700	299.5900	73.1300
84.8800	300.0100	73.1300
82.5000	299.9750	73.1300
90.4900	300.6950	73.1300
93.6900	300.8800	73.1300
84.3700	300.9700	73.1300
84.8200	300.4100	73.1300
91.1500	301.5550	73.1300
97.4400	301.2250	73.1300
96.2600	301.3850	73.1300
95.4900	301.1850	73.1300
88.0000	301.3400	73.1300
74.3200	301.5500	73.1300
62.7000	301.8300	73.1300
56.9400	300.5700	73.1300
52.8200	302.0450	73.1300
48.1400	302.5800	73.1300
43.9700	303.0400	73.1300
41.5100	303.0550	73.1300
40.5200	303.1500	73.1300
45.9900	302.9100	73.1200
54.0400	302.5050	72.9400
64.0900	301.5300	72.9400
68.3700	301.2400	72.9400
73.1900	301.5400	72.9400
86.1600	300.6200	72.9400
78.3900	299.3500	72.9400
72.7100	296.4700	72.9400
91.7000	294.7700	72.9400
71.9200	295.8600	72.9400
56.9300	297.1500	72.9400
47.0800	296.4100	72.9400
41.6900	296.3300	72.9400
38.9600	297.2650	72.9400
37.4600	298.8350	72.9400
36.5000	299.2400	72.9400
35.8500	298.8600	72.9400
35.5700	296.9200	72.9400
35.5100	296.7050	72.9400
35.4500	297.3950	72.9400
35.3000	298.4100	72.9400
35.0400	299.1750	72.9400
34.7500	299.2900	72.9400
47.1900	298.3900	72.9400
58.0700	298.1000	72.9400
60.2800	297.2450	72.9400
55.4100	297.7650	72.9400
48.2600	297.7200	72.9400
43.9500	298.0050	72.9400
41.4400	293.1450	72.9400
38.0900	292.1200	72.9400
35.9900	292.5400	72.6900
34.9200	293.5350	72.6900
34.2800	290.7850	72.6900
33.8300	292.6150	72.6900
33.5000	293.5350	72.6900
33.2400	294.2150	72.6900
44.6700	293.5650	72.6900
53.3900	294.4950	72.6900
51.8300	293.8750	72.6900
50.3100	293.7250	72.6900
50.0900	292.8000	72.6900
52.5500	292.2850	72.6900
50.6800	293.6200	72.6900
49.7100	292.7950	72.6900
61.6500	291.7550	72.6900
51.8600	290.4950	72.6900
46.1800	291.0850	72.6900
42.2500	291.6850	72.6900
39.5700	291.5300	72.6900
37.3700	292.3000	72.6900
35.7900	292.5600	72.6900
34.6400	292.9050	72.6900
33.7800	289.9850	72.6900
33.1200	291.3000	72.6900
32.6300	291.6700	72.6900
32.2700	293.5400	72.6900
32.1200	294.0100	72.6900
32.1100	292.1350	72.6900
55.6700	289.0600	72.6900
62.1400	289.8350	72.6900
60.0000	290.7800	72.6900
52.5200	291.7350	72.5300
45.8700	291.7550	72.5300
41.5100	291.9450	72.5300
38.6100	293.5650	72.5300
38.0300	294.5400	72.5300
38.9100	295.1700	72.5300
39.8800	295.1300	72.5300
39.9300	293.5600	72.5300
39.6900	288.1950	72.5300
41.0700	287.6150	72.5300
40.6200	289.9500	72.5300
39.3900	291.8150	72.5300
37.7000	291.4250	72.5300
36.2300	285.4400	72.5300
35.1100	287.1800	72.5300
34.3100	288.4650	72.5300
33.7500	290.3250	72.5300
33.3700	290.8650	72.5300
35.7700	291.5100	72.5300
53.7400	288.2500	72.5300
56.8400	287.5650	72.5300
57.2800	288.0800	72.5300
50.0800	288.5650	72.5300
43.6500	289.1150	72.5300
39.7900	285.8550	72.5300
37.6700	284.8300	72.5300
36.2600	287.3900	72.5300
35.3500	289.5850	72.5300
37.1300	282.4750	72.5300
37.4800	281.3450	72.5300
37.4500	282.4850	72.4200
40.7400	281.8500	72.4200
43.8200	280.4050	72.4200
44.5500	279.5050	72.4200
53.7300	280.0600	72.4200
54.7700	280.5300	72.4200
55.1700	278.6450	72.4200
53.1300	278.9800	72.4200
50.1200	279.4300	72.4200
47.9100	282.0500	72.4200
60.4500	279.6800	72.4200
58.3200	278.2950	72.4200
57.8800	279.0150	72.4200
69.2300	279.2300	72.4200
84.5500	278.4750	72.4200
81.6300	279.7050	72.4200
70.0000	282.5750	72.4200
63.3900	278.2550	72.4200
57.4000	278.6450	72.4200
53.0900	277.3500	72.4200
49.8100	276.6550	72.4200
47.4200	277.4700	72.4200
45.7800	279.7900	72.4200
44.6900	283.1400	72.4200
44.1400	278.5850	72.4200
43.7100	277.7450	72.4200
43.3500	277.7050	72.4200
43.0600	278.5000	72.4200
42.8300	279.9050	72.4200
42.6300	283.6350	72.4200
42.5000	279.5550	72.4200
43.0300	279.9050	72.4000
48.1900	281.7900	72.4000
52.5700	283.8650	72.4000
53.6900	286.4150	72.4000
53.8400	287.1350	72.4000
54.3700	284.9200	72.4000
55.3000	279.4850	72.4000
56.1700	279.5200	72.4000
57.5400	280.3000	72.4000
60.4400	278.9200	72.4000
60.7200	278.0700	72.4000
60.4300	278.4450	72.4000
59.2600	279.1150	72.4000
57.8600	279.0950	72.4000
56.6600	280.0300	72.4000
55.7600	277.3550	72.4000
55.1000	277.8200	72.4000
55.5100	281.7250	72.4000
58.5700	281.0200	72.4000
59.4200	277.5750	72.4000
60.3000	277.4500	72.4000
59.6400	278.4750	72.4000
58.2100	278.0800	72.4000
56.8800	278.3450	72.4000
55.9400	279.0250	72.4000
58.2000	275.8450	72.4000
68.5200	276.1900	72.4000
74.7200	276.7350	72.4000
77.6700	275.5600	72.4000
73.6700	276.5800	72.4000
67.7100	276.1650	72.4000
64.2900	275.6350	72.5200
69.3400	275.4350	72.5200
78.8300	278.4250	72.5200
85.8700	277.7650	72.5200
86.6000	277.3900	72.5200
83.8800	283.0850	72.5200
91.6800	282.4650	72.5200
103.0100	278.1550	72.5200
102.4200	278.4050	72.5200
90.4300	280.7700	72.5200
81.7500	282.0050	72.5200
88.3200	280.8750	72.5200
114.1900	279.8500	72.5200
113.2600	280.6050	72.5200
121.8300	280.5100	72.5200
124.2200	279.7150	72.5200
116.4000	277.7500	72.5200
102.1900	277.6100	72.5200
89.4000	278.7750	72.5200
81.5300	280.5650	72.5200
77.0800	283.4250	72.5200
74.6300	280.4000	72.5200
73.2700	280.8400	72.5200
72.4600	282.5850	72.5200
72.2900	281.6600	72.5200
79.9300	278.7400	72.5200
102.3300	277.3800	72.5200
112.4100	277.1850	72.5200
112.2100	281.7150	72.5000
105.5500	285.4250	72.5000
96.3300	286.1550	72.5000
89.6000	287.2600	72.5000
85.6500	288.2150	72.5000
83.3800	289.3850	72.5000
82.2500	288.1050	72.5000
81.5400	286.1650	72.5000
81.0100	284.8200	72.5000
80.6500	285.0550	72.5000
80.4500	284.8250	72.5000
80.3100	286.0150	72.5000
80.1900	284.4250	72.5000
80.0400	283.8600	72.5000
79.9400	286.7050	72.5000
80.2100	287.0700	72.5000
81.8000	285.1450	72.5000
83.2300	284.8050	72.5000
83.8700	287.0050	72.5000
83.5500	286.2200	72.5000
84.9600	288.9200	72.5000
89.3700	283.2600	72.5000
89.7200	282.0850	72.5000
88.5600	283.9250	72.5000
86.2900	286.2400	72.5000
84.2900	288.0900	72.5000
82.8800	288.4950	72.5000
81.9500	290.0350	72.5000
81.3100	288.3200	72.5000
80.9100	287.0600	72.5000
89.6700	287.5050	72.5000
101.0300	286.1200	72.6700
100.2400	285.2450	72.6700
91.1300	285.7950	72.6700
82.4200	286.3300	72.6700
76.9000	283.7150	72.6700
73.6400	284.4550	72.6700
71.7000	286.5100	72.6700
65.9800	287.9550	72.6700
45.8000	288.9800	72.6700
32.5800	289.7000	72.6700
27.2400	291.3100	72.6700
25.9800	291.9600	72.6700
31.5900	292.5000	72.6700
48.3400	289.8450	72.6700
65.8900	286.9300	72.6700
81.1500	288.9700	72.6700
77.0100	289.7150	72.6700
62.9700	290.7100	72.6700
49.8500	291.4800	72.6700
40.2900	292.0350	72.6700
33.7300	292.9700	72.6700
29.2700	293.1000	72.6700
26.2600	294.5800	72.6700
24.2100	296.0000	72.6700
22.8200	296.4550	72.6700
21.8500	296.3300	72.6700
28.2500	294.3200	72.6700
28.4600	292.0000	72.6700
28.1400	293.1000	72.6700
29.2600	295.0900	72.6700
33.2500	294.9950	72.8800
42.1600	295.6250	72.8800
74.5300	295.1050	72.8800
95.9700	292.7050	72.8800
89.2000	290.9150	72.8800
73.9200	293.8300	72.8800
63.9400	295.4150	72.8800
58.0100	296.6300	72.8800
47.5000	296.3750	72.8800
34.8900	295.9150	72.8800
27.6800	297.0750	72.8800
27.1100	297.0800	72.8800
53.9200	297.1000	72.8800
42.8500	298.6750	72.8800
41.4200	298.0850	72.8800
38.2700	298.2650	72.8800
34.9700	298.6300	72.8800
32.4400	298.5550	72.8800
29.7400	299.0550	72.8800
27.1300	299.7400	72.8800
26.2300	300.8850	72.8800
27.7800	301.4450	72.8800
33.3200	300.8950	72.8800
33.7200	300.9250	72.8800
30.5900	301.5700	72.8800
26.7300	301.9950	72.8800
23.5200	301.9450	72.8800
21.2100	302.1000	72.8800
19.6400	302.8000	72.8800
18.8300	303.0050	72.8800
19.3600	303.4700	72.9200
19.1400	302.4550	74.8300
19.0600	302.6900	74.8300
21.0500	303.3500	74.8300
27.2600	302.8450	74.8300
39.1400	301.0600	74.8300
42.5100	301.5550	74.8300
40.4500	301.3650	74.8300
36.2700	301.2700	74.8300
51.9200	299.3250	74.8300
63.7800	300.0800	74.8300
61.7800	301.4350	74.8300
51.4400	302.5900	74.8300
59.0800	299.4500	74.8300
55.2400	300.3700	74.8300
56.7600	300.3700	74.8300
60.5200	300.2750	74.8300
69.0300	301.8400	74.8300
65.2100	302.7900	74.8300
54.0300	303.1250	74.8300
47.3400	302.3750	74.8300
44.1000	302.0750	74.8300
97.0100	299.6050	74.8300
97.6300	301.0900	74.8300
92.5600	301.6350	74.8300
80.6300	301.4900	74.8300
69.3900	300.9550	74.8300
58.4000	300.6900	74.8300
85.1700	299.9700	74.8300
81.8200	300.2300	74.8300
71.9100	300.4000	74.8300
67.4900	299.7150	74.8800
65.5000	300.0400	74.8800
58.4400	300.3950	74.8800
51.5400	301.1000	74.8800
45.8300	302.0350	74.8800
42.7500	303.0100	74.8800
39.3400	303.4550	74.8800
36.0100	303.2200	74.8800
33.0100	304.0300	74.8800
30.3900	304.3650	74.8800
28.7900	304.9000	74.8800
30.2800	304.1550	74.8800
33.7900	304.2550	74.8800
33.3000	305.2950	74.8800
31.5800	305.0850	74.8800
29.8800	303.6600	74.8800
28.3200	304.8450	74.8800
31.3400	303.9600	74.8800
33.4400	303.2600	74.8800
33.7200	303.3050	74.8800
34.7000	303.7850	74.8800
32.7900	303.9700	74.8800
30.1500	303.9600	74.8800
28.0700	304.5600	74.8800
26.6600	303.7550	74.8800
25.9100	303.5100	74.8800
32.2200	303.1850	74.8800
46.0500	302.2600	74.8800
51.4300	302.9950	74.8800
52.8600	302.7100	74.8800
47.4800	302.4150	74.8800
41.0900	302.4800	74.9200
35.7500	302.1450	74.9200
33.2100	302.1250	74.9200
32.1700	303.8100	74.9200
32.7500	303.8200	74.9200
33.6500	301.9300	74.9200
32.4900	300.6400	74.9200
29.7000	300.1250	74.9200
27.5900	301.5450	74.9200
26.0900	302.1700	74.9200
24.9900	302.7300	74.9200
43.6000	302.0100	74.9200
113.3700	300.5150	74.9200
99.5500	300.4050	74.9200
90.2100	295.7950	74.9200
71.3700	296.0650	74.9200
51.4300	299.3850	74.9200
42.6800	299.6300	74.9200
36.4600	301.1350	74.9200
32.0300	302.1750	74.9200
29.1700	302.2450	74.9200
27.1900	302.1400	74.9200
25.8200	301.9700	74.9200
24.9900	302.6650	74.9200
25.5200	303.0550	74.9200
26.0000	302.6950	74.9200
25.9800	302.9500	74.9200
25.8900	303.0650	74.9200
25.5100	302.7350	74.9200
25.1200	302.6050	74.9200
24.7500	303.5900	74.9200
44.2600	302.1800	74.7300
40.5100	302.6550	74.7300
37.8300	301.5750	74.7300
34.1800	301.3950	74.7300
30.6500	301.8750	74.7300
27.8100	301.6550	74.7300
37.5200	300.0550	74.7300
186.6600	297.8150	74.7300
229.6200	296.6850	74.7300
147.1900	297.7750	74.7300
83.7000	297.7300	74.7300
54.3400	297.8650	74.7300
40.0800	297.6700	74.7300
32.5600	297.2600	74.7300
29.5800	296.7850	74.7300
27.2400	298.4500	74.7300
44.8600	297.6300	74.7300
59.1300	296.6900	74.7300
49.8000	295.2500	74.7300
43.3700	292.8750	74.7300
36.6700	293.5450	74.7300
31.3800	294.0050	74.7300
27.6600	295.6150	74.7300
25.1900	295.8550	74.7300
23.5500	295.5400	74.7300
22.4700	295.7150	74.7300
23.9300	295.4400	74.7300
99.9400	295.4350	74.7300
139.9000	296.4950	74.7300
115.2900	296.8550	74.7300
71.1500	297.6600	74.4700
48.0500	297.8500	74.4700
36.4700	298.1100	74.4700
31.1000	297.5050	74.4700
28.4200	296.3300	74.4700
26.5300	295.8100	74.4700
25.3100	295.7150	74.4700
24.2500	293.1000	74.4700
23.3100	295.2800	74.4700
22.5200	296.0500	74.4700
21.8900	295.3000	74.4700
21.4100	294.8900	74.4700
21.2000	295.6050	74.4700
21.7300	293.5800	74.4700
23.8300	292.4250	74.4700
29.2100	289.4900	74.4700
29.4300	290.5500	74.4700
28.4100	293.0050	74.4700
26.6300	294.6850	74.4700
25.0000	294.5250	74.4700
23.8300	294.5450	74.4700
23.0300	292.5450	74.4700
22.6600	290.6450	74.4700
22.9000	290.2100	74.4700
27.1700	291.5300	74.4700
26.7600	292.9550	74.4700
26.8300	293.1400	74.4700
26.3900	293.3200	74.4700
25.3300	292.9750	74.4700
24.2500	294.6600	74.4700
23.4200	295.5800	74.4700
22.8300	296.0250	74.3100
22.8200	296.0950	74.3100
23.1600	296.6950	74.3100
23.3600	296.4450	74.3100
31.1600	292.1200	74.3100
32.0300	289.3150	74.3100
34.2300	289.1900	74.3100
33.8600	289.9400	74.3100
31.1300	287.4950	74.3100
28.3600	285.0650	74.3100
26.3200	285.9350	74.3100
25.2100	289.4200	74.3100
44.6400	289.2550	74.3100
44.2200	284.5900	74.3100
42.6700	281.9650	74.3100
37.4700	282.4550	74.3100
32.6000	284.2450	74.3100
29.1400	285.4100	74.3100
26.8200	287.0100	74.3100
25.2700	288.5400	74.3100
24.2700	288.6400	74.3100
23.9900	288.0450	74.3100
40.4400	290.0800	74.3100
56.5200	291.8350	74.3100
73.2700	291.8400	74.3100
70.4500	284.7450	74.3100
57.0600	283.1650	74.3100
50.2100	285.4500	74.3100
45.1600	284.4200	74.3100
39.4100	284.2900	74.3100
35.8900	287.3750	74.1900
38.2300	282.7750	74.1900
40.1600	282.2200	74.1900
40.0800	281.8750	74.1900
38.5800	282.1750	74.1900
37.0000	283.8550	74.1900
38.1000	286.8700	74.1900
37.9900	287.6850	74.1900
38.1900	287.8250	74.1900
45.2100	289.7750	74.1900
53.4100	285.7700	74.1900
50.0900	282.5950	74.1900
57.2300	283.6250	74.1900
78.0500	280.7450	74.1900
67.7800	279.4900	74.1900
53.6300	279.1650	74.1900
44.8100	279.4900	74.1900
39.9300	280.5650	74.1900
37.3700	279.2650	74.1900
36.1000	276.7250	74.1900
35.5200	276.1350	74.1900
35.3600	277.5200	74.1900
35.7800	282.0700	74.1900
39.7800	278.6550	74.1900
53.0200	276.6300	74.1900
97.9100	276.5800	74.1900
98.4000	276.9250	74.1900
77.6300	276.9900	74.1900
62.6700	278.1400	74.1900
54.0500	279.9650	74.1900
49.5100	281.3400	74.1900
47.1000	282.9350	74.1700
45.6700	283.6500	74.1700
44.7000	284.5450	74.1700
44.0800	285.6500	74.1700
43.7400	286.6100	74.1700
43.5300	287.4450	74.1700
43.4400	288.1250	74.1700
43.4700	289.2850	74.1700
43.5600	288.3000	74.1700
43.6200	287.3500	74.1700
43.6300	287.7800	74.1700
43.6000	288.6200	74.1700
43.5600	289.8850	74.1700
62.4700	289.9250	74.1700
82.4500	285.6050	74.1700
113.4900	281.7800	74.1700
134.7300	279.9800	74.1700
103.6600	278.6350	74.1700
75.4800	278.1250	74.1700
59.6500	278.3450	74.1700
51.2200	280.0500	74.1700
47.1400	278.6850	74.1700
45.4700	277.9500	74.1700
44.7300	275.2500	74.1700
44.3300	276.0600	74.1700
44.0600	278.6200	74.1700
43.8700	279.9750	74.1700
43.7100	275.8550	74.1700
43.6000	275.4100	74.1700
49.8000	276.6350	74.1700
55.0900	277.6750	74.1700
58.5300	277.3850	74.2900
67.8800	277.0550	74.2900
76.0400	278.2450	74.2900
94.4700	277.4250	74.2900
93.7100	277.5250	74.2900
85.5900	278.3100	74.2900
75.7600	279.3150	74.2900
69.2800	281.7350	74.2900
65.6900	282.5000	74.2900
72.9000	282.5550	74.2900
72.4100	278.3500	74.2900
70.5100	279.1100	74.2900
67.8000	281.0900	74.2900
65.3000	283.7200	74.2900
68.3000	284.5950	74.2900
69.0400	286.2200	74.2900
69.1800	285.3200	74.2900
67.7500	280.6750	74.2900
65.4900	281.1400	74.2900
63.5800	283.1300	74.2900
64.4200	285.2000	74.2900
89.5100	287.8750	74.2900
105.7100	288.0700	74.2900
114.8200	286.3950	74.2900
123.2700	283.8850	74.2900
110.6200	282.1850	74.2900
91.7200	282.2650	74.2900
96.7800	280.3900	74.2900
100.4300	280.1950	74.2800
101.6800	278.1700	74.2800
92.8200	278.3650	74.2800
83.0700	279.5200	74.2800
77.0400	280.5600	74.2800
73.6100	280.4750	74.2800
71.6700	281.4900	74.2800
77.3100	283.0650	74.2800
92.1000	280.4250	74.2800
93.8100	280.2650	74.2800
89.1900	281.2700	74.2800
81.7600	281.5400	74.2800
76.5600	284.4050	74.2800
73.6300	284.8250	74.2800
73.3300	282.2300	74.2800
77.5100	281.9550	74.2800
101.6700	280.4850	74.2800
109.9800	280.3550	74.2800
105.5800	282.1400	74.2800
91.6900	283.1350	74.2800
82.0200	284.3950	74.2800
76.6700	284.6550	74.2800
80.1900	286.7950	74.2800
86.8100	286.3300	74.2800
89.1800	287.3750	74.2800
85.8300	289.2800	74.2800
89.7800	289.9300	74.2800
143.8200	290.7350	74.2800
177.0800	287.8700	74.2800
150.2200	289.0450	74.2800
111.9500	288.2750	74.2800
104.6600	289.8850	74.4500
106.7100	289.1350	74.4500
97.7000	285.6900	74.4500
83.4400	287.5650	74.4500
73.2700	289.6500	74.4500
67.2600	290.1750	74.4500
64.7400	290.1550	74.4500
76.1900	290.0500	74.4500
96.4300	290.3300	74.4500
101.6400	290.0450	74.4500
90.5700	290.7750	74.4500
78.0500	290.9000	74.4500
101.6500	291.1200	74.4500
108.3800	290.4600	74.4500
105.1100	286.9900	74.4500
89.3000	285.6450	74.4500
76.8700	286.2500	74.4500
69.9700	288.2900	74.4500
66.3500	289.5400	74.4500
64.4600	289.9000	74.4500
63.4600	290.2250	74.4500
62.9600	291.3150	74.4500
78.6700	292.2500	74.4500
86.3300	289.6100	74.4500
89.5000	286.1350	74.4500
102.7900	287.2400	74.4500
97.7900	288.7350	74.4500
85.3100	286.6450	74.4500
80.6200	288.8800	74.4500
79.0300	290.0350	74.4500
79.8400	290.4950	74.6600
83.0700	289.2650	74.6600
89.1000	289.2200	74.6600
86.2400	290.8900	74.6600
76.6400	290.3500	74.6600
67.3100	288.9150	74.6600
61.2100	290.4750	74.6600
57.6200	291.8900	74.6600
55.4000	293.4500	74.6600
53.5900	293.8400	74.6600
54.0800	294.5700	74.6600
55.2400	295.4900	74.6600
57.5400	296.3850	74.6600
61.2600	296.3900	74.6600
67.3600	297.3600	74.6600
71.6600	297.2050	74.6600
72.7200	297.3800	74.6600
82.4900	296.6150	74.6600
80.7700	296.3600	74.6600
75.6100	296.7700	74.6600
126.1700	296.2500	74.6600
166.0500	295.2300	74.6600
163.2200	296.1850	74.6600
119.4600	295.6600	74.6600
84.8500	292.6050	74.6600
63.8900	294.0350	74.6600
52.2900	295.3200	74.6600
47.3200	296.5900	74.6600
45.4600	296.9150	74.6600
51.7600	295.3900	74.6600
75.5700	294.6950	74.3500
88.5900	294.0800	59.5000
147.1000	294.2700	59.5000
285.8400	295.7550	59.5000
289.6700	296.3150	59.5000
195.6700	297.0350	59.5000
124.7700	298.1300	59.5000
84.4400	298.6800	59.5000
78.0800	299.1850	59.5000
77.4100	299.8850	59.5000
84.4600	299.3600	59.5000
87.7300	299.1000	59.5000
83.1200	299.3400	59.5000
77.1200	299.0750	59.5000
77.3800	300.2050	59.5000
74.2700	301.8550	59.5000
71.3400	300.7000	59.5000
64.9200	299.7750	59.5000
55.2400	300.1300	59.5000
49.0700	299.7800	59.5000
49.9500	299.0000	59.5000
65.2600	298.4200	59.5000
78.1100	299.0700	59.5000
75.2200	299.8250	59.5000
67.5000	299.7750	59.5000
58.2300	299.3250	59.5000
50.5700	298.9400	59.5000
51.3600	300.3100	59.5000
78.9100	300.0500	59.5000
142.3600	299.7100	59.5000
228.0900	300.1100	59.5000
195.9400	301.1150	59.5500
136.1400	301.5750	59.5500
100.9700	301.7400	59.5500
113.3500	301.1900	59.5500
103.6100	302.0150	59.5500
93.6900	302.0100	59.5500
81.4700	302.2700	59.5500
69.9700	301.6900	59.5500
100.3900	302.4000	59.5500
173.7400	300.2650	59.5500
136.5600	299.8500	59.5500
94.4000	300.0850	59.5500
74.4800	301.0350	59.5500
86.5900	300.4000	59.5500
126.2800	300.8000	59.5500
136.0600	301.4400	59.5500
121.4800	301.5600	59.5500
107.2900	301.8950	59.5500
99.6500	301.4500	59.5500
97.4900	301.8550	59.5500
90.9100	302.9650	59.5500
87.3200	303.7750	59.5500
89.7300	303.1350	59.5500
90.3300	302.9050	59.5500
85.2900	303.2400	59.5500
77.6400	304.0000	59.5500
68.7200	304.9000	59.5500
60.8000	305.2900	59.5500
57.7300	304.3200	59.5500
78.3700	302.5450	59.5500
126.8000	302.2350	59.5500
179.1200	300.9000	59.5800
153.3400	301.1200	59.5800
118.7800	301.4350	59.5800
92.8000	301.6500	59.5800
75.6900	301.9100	59.5800
63.4800	301.3450	59.5800
55.8100	300.3450	59.5800
51.8500	300.6500	59.5800
62.6900	300.3100	59.5800
92.6500	301.3900	59.5800
132.3300	301.4400	59.5800
124.3400	301.2300	59.5800
104.1000	301.5500	59.5800
102.3300	301.4200	59.5800
84.7500	302.9950	59.5800
66.5900	303.1750	59.5800
55.0000	303.3000	59.5800
55.2500	303.0300	59.5800
55.2500	303.2500	59.5800
56.3800	303.9400	59.5800
64.2200	305.1150	59.5800
73.3800	304.5250	59.5800
94.5700	302.4950	59.5800
96.6800	302.8400	59.5800
91.3800	301.4150	59.5800
77.8100	300.2900	59.5800
68.9300	300.6750	59.5800
59.3800	301.5900	59.5800
49.0400	301.8400	59.5800
41.3900	302.0450	59.5800
42.0900	301.9800	59.5700
41.1200	302.2600	59.4300
38.7700	302.7350	59.4300
36.7000	301.7200	59.4300
35.1300	300.2750	59.4300
33.9400	299.7850	59.4300
33.0500	299.5300	59.4300
32.3800	299.4600	59.4300
31.8800	300.2300	59.4300
31.5100	299.6700	59.4300
31.2300	299.4750	59.4300
31.0200	299.1850	59.4300
30.8500	299.0600	59.4300
30.7000	299.6300	59.4300
30.5800	301.0550	59.4300
30.5200	300.8800	59.4300
30.4700	301.7600	59.4300
30.4000	301.8450	59.4300
30.3300	302.1750	59.4300
30.2700	302.3700	59.4300
30.2100	302.4000	59.4300
30.1700	302.1650	59.4300
30.1600	301.9600	59.4300
30.2100	301.7600	59.4300
30.2000	302.3500	59.4300
30.1500	301.8550	59.4300
30.1300	301.9050	59.4300
30.2000	301.5300	59.4300
30.5400	301.7200	59.4300
30.6100	301.2100	59.4300
30.7900	299.9400	59.4200
31.1900	298.5900	59.2200
31.2600	299.6850	59.2200
31.2200	299.0800	59.2200
31.0500	299.3800	59.2200
30.8200	299.2450	59.2200
41.6700	297.7500	59.2200
76.6000	297.2350	59.2200
205.9200	295.9200	59.2200
233.3300	295.8450	59.2200
135.3500	294.2000	59.2200
88.4000	292.5700	59.2200
66.2000	293.4700	59.2200
52.6900	293.3150	59.2200
44.3500	293.4500	59.2200
39.2800	293.8650	59.2200
36.1600	293.0950	59.2200
34.1800	291.5900	59.2200
32.8700	292.7050	59.2200
31.9900	294.0950	59.2200
31.3900	295.1800	59.2200
30.9800	294.8450	59.2200
30.7700	296.0400	59.2200
30.7400	292.5700	59.2200
30.5100	291.5900	59.2200
30.2900	289.0350	59.2200
30.1200	288.7400	59.2200
30.0000	289.6200	59.2200
29.9100	290.3150	59.2200
29.8400	288.8650	59.2200
29.7800	288.2350	59.2200
29.7400	289.4000	59.2200
29.7500	290.2050	59.0900
30.3200	291.0050	59.0900
30.9900	288.6400	59.0900
31.2600	289.0500	59.0900
31.3200	289.8400	59.0900
31.3400	290.5800	59.0900
31.3400	291.1850	59.0900
31.3500	291.7000	59.0900
31.3600	292.2350	59.0900
31.3500	292.1650	59.0900
31.3400	286.7750	59.0900
31.3000	287.5700	59.0900
31.2800	289.7500	59.0900
31.2700	292.7450	59.0900
31.2700	293.0800	59.0900
31.2800	293.9800	59.0900
31.3800	289.3300	59.0900
31.5300	284.3850	59.0900
31.5600	284.1300	59.0900
31.5600	286.3900	59.0900
55.0100	287.9200	59.0900
86.3000	287.4350	59.0900
86.2900	284.3550	59.0900
78.3900	283.1550	59.0900
62.7100	282.0650	59.0900
50.3300	279.8700	59.0900
42.9200	282.6050	59.0900
38.8400	285.2550	59.0900
42.2400	287.8200	59.0900
45.3300	284.7050	59.0900
43.4400	282.4600	59.0000
45.7200	281.3050	59.0000
47.3100	280.8250	59.0000
46.5600	284.4050	59.0000
59.9200	287.3100	59.0000
115.0100	286.0000	59.0000
125.2700	283.2350	59.0000
96.5600	280.5450	59.0000
76.8500	280.9150	59.0000
69.2600	279.3000	59.0000
61.6200	279.9050	59.0000
56.3100	279.0850	59.0000
51.9000	279.2500	59.0000
48.5900	276.9700	59.0000
50.7600	277.5200	59.0000
79.6800	279.0950	59.0000
81.7300	278.8350	59.0000
84.5600	278.9100	59.0000
83.4900	278.8800	59.0000
73.4400	278.0300	59.0000
63.6000	277.3800	59.0000
55.8500	276.8450	59.0000
50.7300	277.0750	59.0000
47.6000	277.1400	59.0000
49.9500	280.7500	59.0000
60.3800	280.9500	59.0000
57.6700	278.6800	59.0000
56.1200	280.1700	59.0000
66.9500	282.8850	59.0000
67.5800	281.9850	59.0000
63.0000	281.6350	59.0000
58.6300	282.1900	58.9800
63.7200	283.5800	58.9800
93.1900	286.7100	58.9800
95.3300	285.5900	58.9800
87.6700	284.7050	58.9800
75.5400	283.8350	58.9800
66.9800	281.6250	58.9800
61.9900	280.8700	58.9800
59.1700	283.7750	58.9800
57.5200	286.0000	58.9800
56.5100	285.7300	58.9800
56.3700	285.9000	58.9800
56.9200	286.0850	58.9800
67.9400	282.9750	58.9800
72.8800	280.2000	58.9800
74.9200	282.1450	58.9800
71.0300	284.4900	58.9800
76.2700	283.6250	58.9800
84.3700	280.4400	58.9800
82.8600	281.4700	58.9800
76.3200	284.3950	58.9800
72.6800	285.0500	58.9800
74.5000	284.0500	58.9800
84.8900	286.1850	58.9800
89.5300	283.4300	58.9800
84.9600	280.6350	58.9800
75.1500	279.9400	58.9800
67.5000	280.8250	58.9800
63.1000	283.9000	58.9800
63.4600	284.6850	58.9800
63.7200	283.5500	58.9800
65.5200	281.0900	59.0800
73.0900	282.3600	59.0800
77.4300	285.2200	59.0800
78.3900	285.7250	59.0800
82.5800	280.6250	59.0800
85.0200	279.6200	59.0800
97.2700	280.7100	59.0800
105.6400	280.6850	59.0800
103.4200	279.1700	59.0800
93.6400	278.4250	59.0800
86.0400	280.1500	59.0800
88.6500	278.4100	59.0800
87.8800	276.9100	59.0800
86.3900	277.0100	59.0800
83.1100	278.7650	59.0800
80.1300	280.9350	59.0800
78.1800	282.3350	59.0800
77.0200	281.7500	59.0800
76.5300	278.2650	59.0800
76.7600	278.8400	59.0800
79.6900	281.9350	59.0800
80.9400	283.8700	59.0800
106.1600	286.1250	59.0800
120.3800	285.4500	59.0800
115.2500	283.5750	59.0800
130.0100	283.4500	59.0800
126.4700	281.3900	59.0800
111.4500	281.5750	59.0800
97.4100	285.0150	59.0700
93.1800	285.9300	59.0700
90.7100	285.0950	59.0700
88.5000	281.7250	59.0700
87.0700	282.0250	59.0700
86.2300	284.7700	59.0700
85.8400	284.6250	59.0700
85.7400	283.5550	59.0700
85.6100	285.0550	59.0700
85.5700	288.0050	59.0700
86.4300	289.2200	59.0700
87.5000	290.3400	59.0700
88.0500	291.7700	59.0700
87.9300	291.8000	59.0700
89.4400	286.5750	59.0700
90.0200	287.4800	59.0700
89.7500	288.9150	59.0700
88.7500	287.4400	59.0700
87.7000	285.6400	59.0700
86.8800	285.5750	59.0700
101.5700	284.4550	59.0700
135.1100	284.5950	59.0700
140.2800	282.5900	59.0700
118.5200	282.2550	59.0700
102.5900	281.4250	59.0700
94.4300	280.4750	59.0700
90.4100	281.2500	59.0700
88.2600	281.9750	59.0700
87.1700	283.6250	59.0700
86.6700	286.2150	59.0700
86.3000	287.1650	59.0700
84.7200	288.8300	59.2000
78.0600	290.0650	59.2000
74.7800	291.9700	59.2000
74.1600	289.8500	59.2000
73.9500	288.9400	59.2000
73.8100	289.8900	59.2000
73.6000	292.3000	59.2000
73.3900	292.7000	59.2000
78.4200	289.8650	59.2000
80.6100	288.1250	59.2000
80.6500	288.6450	59.2000
79.2200	290.0950	59.2000
77.2100	292.1150	59.2000
75.5300	292.7450	59.2000
74.3600	293.5750	59.2000
73.5700	293.8750	59.2000
73.0100	294.6200	59.2000
72.6100	293.2050	59.2000
72.9600	292.5500	59.2000
73.6800	293.7150	59.2000
57.2400	295.6200	59.2000
56.7400	295.6500	59.2000
71.0300	294.8800	59.2000
92.3900	295.3850	59.2000
96.4900	295.7100	59.2000
87.6200	295.8600	59.2000
94.7500	293.4850	59.2000
85.1900	292.8550	59.2000
66.3300	292.3000	59.2000
56.0500	291.0900	59.2100
48.7500	291.1000	59.3700
42.3100	292.1200	59.3700
36.7900	294.6800	59.3700
32.3600	295.4050	59.3700
29.0200	296.7750	59.3700
29.1100	296.5900	59.3700
32.8300	296.9200	59.3700
56.7500	294.9850	59.3700
69.5900	293.7300	59.3700
71.0300	293.4850	59.3700
60.5100	295.2600	59.3700
49.0100	292.2950	59.3700
39.9300	292.5300	59.3700
33.5100	294.2000	59.3700
34.1200	294.4800	59.3700
33.4200	292.1450	59.3700
32.0600	293.9700	59.3700
29.7900	293.8800	59.3700
27.3100	294.9300	59.3700
26.0100	295.4100	59.3700
35.6400	298.1100	59.3700
40.4300	298.0450	59.3700
50.6200	297.3900	59.3700
54.8700	297.3900	59.3700
51.3400	298.9400	59.3700
47.2900	300.0600	59.3700
45.0400	301.2000	59.3700
43.2900	301.0300	59.3700
39.6100	301.6500	59.3700
35.5000	302.0750	59.3700
31.7900	301.8200	59.6400
28.4000	301.8850	72.2700
25.2600	302.0650	72.2700
37.0400	300.8300	72.2700
39.9000	301.2800	72.2700
37.2900	300.6250	72.2700
37.4800	298.5900	72.2700
38.3000	299.8300	72.2700
37.6400	300.3150	72.2700
35.6000	300.2850	72.2700
31.7100	301.3050	72.2700
26.9800	302.7400	72.2700
23.0800	303.2900	72.2700
25.5700	301.7700	72.2700
115.6700	298.5800	72.2700
158.4100	297.9600	72.2700
124.9400	299.4450	72.2700
81.2500	298.9500	72.2700
57.9100	299.2350	72.2700
45.4300	299.7850	72.2700
35.2900	301.7200	72.2700
27.2400	303.2500	72.2700
23.2600	303.7350	72.2700
21.0300	304.4700	72.2700
25.3600	303.3850	72.2700
43.4000	302.2700	72.2700
97.0800	300.2500	72.2700
131.2900	299.7150	72.2700
139.9600	300.9600	72.2700
101.8600	300.8000	72.2700
69.1800	301.2400	72.2700
51.5100	301.7600	72.3200
40.5000	302.3950	72.3200
33.6700	302.9550	72.3200
29.9200	303.5500	72.3200
27.8000	303.2700	72.3200
26.5700	303.6150	72.3200
30.6600	302.0300	72.3200
32.3800	301.9550	72.3200
32.1800	302.2400	72.3200
31.2400	302.8200	72.3200
29.6900	303.9200	72.3200
28.1300	303.8200	72.3200
26.9200	303.7350	72.3200
30.8500	303.4100	72.3200
35.8800	303.9100	72.3200
37.7600	304.0950	72.3200
35.5400	304.7000	72.3200
32.4000	305.2900	72.3200
29.9200	306.2150	72.3200
30.3200	306.3700	72.3200
31.3200	306.2350	72.3200
31.2700	306.3500	72.3200
38.0000	304.7200	72.3200
49.8300	304.3650	72.3200
96.9900	302.6300	72.3200
85.2200	303.3150	72.3200
67.9000	303.4200	72.3200
51.2400	304.0100	72.3200
44.9700	303.9450	72.3200
47.0100	302.7500	72.3200
43.3500	303.5400	72.3200
38.2000	305.2500	72.3600
33.5700	306.1050	72.3600
29.9100	306.9450	72.3600
27.4600	307.3450	72.3600
26.3500	307.6000	72.3600
38.8200	305.6900	72.3600
37.5900	306.1650	72.3600
36.4600	306.8850	72.3600
36.6500	306.6450	72.3600
35.6000	305.9600	72.3600
34.6400	305.6600	72.3600
38.4900	302.7300	72.3600
72.6900	298.8250	72.3600
73.8400	299.0700	72.3600
61.8800	299.7200	72.3600
47.3700	300.7800	72.3600
49.4900	300.9500	72.3600
44.1500	301.0150	72.3600
39.5400	301.5900	72.3600
35.1100	302.1300	72.3600
40.7600	302.5950	72.3600
51.3100	303.5500	72.3600
70.6600	303.0600	72.3600
78.7000	302.9850	72.3600
75.9100	301.8250	72.3600
68.7900	301.7550	72.3600
55.9400	301.7850	72.3600
43.8700	302.4650	72.3600
35.9300	303.1150	72.3600
33.4200	303.2000	72.3600
39.4500	302.2500	72.3500
66.6300	300.3350	72.1800
73.2200	299.1050	72.1800
59.8700	300.3100	72.1800
48.9900	300.2250	72.1800
42.5300	300.0700	72.1800
40.5800	299.7050	72.1800
41.2100	299.3850	72.1800
38.8500	298.6400	72.1800
35.3200	298.7950	72.1800
31.4000	299.3700	72.1800
28.1500	299.7450	72.1800
25.9100	298.9700	72.1800
30.8800	297.8050	72.1800
112.6100	297.1850	72.1800
103.2400	298.3100	72.1800
79.9400	296.9050	72.1800
55.3300	297.7800	72.1800
40.7100	298.0350	72.1800
32.6700	299.3650	72.1800
28.2600	297.3550	72.1800
25.7100	295.5200	72.1800
24.1500	297.8900	72.1800
23.1100	299.8500	72.1800
22.3700	300.7200	72.1800
21.8200	299.9700	72.1800
21.5500	297.8600	72.1800
21.3400	298.8350	72.1800
21.1900	298.8500	72.1800
21.5400	297.2000	72.1800
22.2300	295.9950	72.1700
22.4500	297.2600	71.9200
22.7700	298.0200	71.9200
22.7600	297.5400	71.9200
22.4300	297.5800	71.9200
21.9500	298.2900	71.9200
21.4900	298.1900	71.9200
21.1100	294.1850	71.9200
20.9100	293.4450	71.9200
34.9700	293.5100	71.9200
33.1400	294.7250	71.9200
32.0800	296.3450	71.9200
30.5800	296.0250	71.9200
28.4900	293.3250	71.9200
26.4400	290.2800	71.9200
24.8200	290.4100	71.9200
23.6100	291.0700	71.9200
22.9600	292.7300	71.9200
27.3400	294.8650	71.9200
30.0700	295.1250	71.9200
34.2300	296.0000	71.9200
34.1000	292.1150	71.9200
31.1800	291.4400	71.9200
32.6400	289.6050	71.9200
30.3600	286.3650	71.9200
28.4200	285.5250	71.9200
26.6300	287.4100	71.9200
25.5500	288.5200	71.9200
75.0700	291.1550	71.9200
83.6500	289.6650	71.9200
76.2300	288.2250	71.9200
55.7800	289.2300	71.9200
41.5700	290.9650	71.7700
33.8200	290.9250	71.7700
29.6500	285.9500	71.7700
27.0700	283.1250	71.7700
25.3900	282.9900	71.7700
24.2700	284.6800	71.7700
23.6200	287.9700	71.7700
28.1800	288.2250	71.7700
32.3200	288.4350	71.7700
35.7300	289.9750	71.7700
35.9800	290.3850	71.7700
34.7000	288.5050	71.7700
35.0200	285.9300	71.7700
33.2900	287.6200	71.7700
31.5900	288.0850	71.7700
73.7500	290.5750	71.7700
85.8600	287.5900	71.7700
76.9400	284.6400	71.7700
58.5400	283.9750	71.7700
44.1700	284.4500	71.7700
35.5100	282.1600	71.7700
80.8300	280.0500	71.7700
134.1000	281.2400	71.7700
113.6700	282.9200	71.7700
77.2900	283.1650	71.7700
53.1900	282.9050	71.7700
40.1800	284.3950	71.7700
33.1300	286.3300	71.7700
29.1700	287.8900	71.7700
26.8200	288.5250	71.7700
26.8100	288.7900	71.6600
32.7700	285.3600	71.6600
36.0600	283.3700	71.6600
37.3400	283.9450	71.6600
37.0000	282.2650	71.6600
36.0100	283.1250	71.6600
35.0000	284.9750	71.6600
34.1700	280.5650	71.6600
33.5300	279.3850	71.6600
33.0500	279.7250	71.6600
32.7200	282.2500	71.6600
32.4900	282.6500	71.6600
32.3300	283.3900	71.6600
32.2600	284.2600	71.6600
32.2900	285.1100	71.6600
32.3200	283.0900	71.6600
32.3500	283.4950	71.6600
32.3500	285.3950	71.6600
32.3500	285.9300	71.6600
32.3200	284.8950	71.6600
32.2600	284.9650	71.6600
44.9600	288.1400	71.6600
129.0900	290.4300	71.6600
117.1900	289.4400	71.6600
95.6500	287.9050	71.6600
107.1400	289.0450	71.6600
96.1900	284.0300	71.6600
75.6100	282.5100	71.6600
57.9300	283.7300	71.6600
47.5000	283.9050	71.6600
41.9200	285.9250	71.6600
42.6100	287.6000	71.6400
49.9500	282.8700	71.6400
58.9000	281.3350	71.6400
60.9700	285.0750	71.6400
57.8100	288.2400	71.6400
77.4500	288.9200	71.6400
84.1200	288.2500	71.6400
113.9800	288.0850	71.6400
131.0600	285.2900	71.6400
110.1000	281.5400	71.6400
83.0300	279.9850	71.6400
66.2000	282.6200	71.6400
57.3800	285.8650	71.6400
52.7500	287.0000	71.6400
50.1600	287.4650	71.6400
48.6400	286.5000	71.6400
47.8400	281.1650	71.6400
47.8700	279.5100	71.6400
53.6700	281.8550	71.6400
54.0800	282.1200	71.6400
54.1300	281.7150	71.6400
75.2300	281.4650	71.6400
109.0600	282.1300	71.6400
106.6300	281.2800	71.6400
83.8100	280.3950	71.6400
67.5900	278.1500	71.6400
58.8000	278.8700	71.6400
54.5600	280.9300	71.6400
54.0600	277.2400	71.6400
52.4000	276.9850	71.6400
51.2100	276.5300	71.6400
51.9500	275.8650	71.7500
74.9400	276.4350	71.7500
86.9800	278.5350	71.7500
97.6800	277.4950	71.7500
94.6800	276.0900	71.7500
85.3900	275.4200	71.7500
77.2400	277.2250	71.7500
72.1800	277.7700	71.7500
69.3800	278.0600	71.7500
67.7200	277.5750	71.7500
66.7100	276.7350	71.7500
66.2300	278.7350	71.7500
66.1100	282.8350	71.7500
89.9400	283.3300	71.7500
96.0500	281.6800	71.7500
93.9500	277.9550	71.7500
85.2500	277.3850	71.7500
77.6500	277.7850	71.7500
73.0000	277.4700	71.7500
70.4000	279.4950	71.7500
69.6600	282.6050	71.7500
81.0100	283.4300	71.7500
83.2100	283.0650	71.7500
81.1000	280.5850	71.7500
76.7500	283.5800	71.7500
84.5900	285.2950	71.7500
91.1700	285.1600	71.7500
90.2100	285.1200	71.7500
83.7300	285.6600	71.7400
204.6200	289.0000	71.7400
277.5300	287.1200	71.7400
189.6900	284.9650	71.7400
126.1200	281.5600	71.7400
100.5100	282.4400	71.7400
90.3000	282.9750	71.7400
86.5500	284.0350	71.7400
85.7000	283.4050	71.7400
86.3000	285.1900	71.7400
87.6000	287.2700	71.7400
88.9400	287.4900	71.7400
90.1800	288.5850	71.7400
91.1300	289.7500	71.7400
91.7800	290.3800	71.7400
94.8200	290.8700	71.7400
116.0000	288.0750	71.7400
119.2500	284.8800	71.7400
113.2600	283.8050	71.7400
104.6300	286.0950	71.7400
99.1200	287.7250	71.7400
96.1700	287.5450	71.7400
94.5200	288.2500	71.7400
93.4900	290.2800	71.7400
92.7700	291.6150	71.7400
92.2200	291.2350	71.7400
91.8000	291.6150	71.7400
91.4100	293.9800	71.7400
90.9900	293.2800	71.7400
90.3900	289.7850	71.7400
89.9800	291.9250	71.7400
88.5900	292.9300	71.9000
82.0300	294.0200	71.9000
79.0500	294.0800	71.9000
78.9600	295.1850	71.9000
78.6000	290.3850	71.9000
77.6700	287.1000	71.9000
76.6400	285.7200	71.9000
75.5800	283.7600	71.9000
74.7600	283.6400	71.9000
74.2200	284.6100	71.9000
74.1200	285.5200	71.9000
83.9300	288.6450	71.9000
99.3800	288.1200	71.9000
101.4000	288.0450	71.9000
101.3300	290.4650	71.9000
134.4900	287.8100	71.9000
132.1100	287.8050	71.9000
105.7200	287.5950	71.9000
87.8200	288.4700	71.9000
83.6200	287.5850	71.9000
81.9000	288.5400	71.9000
78.8100	289.9450	71.9000
75.9600	290.6100	71.9000
73.3400	291.5450	71.9000
71.4000	293.1400	71.9000
70.0700	293.9600	71.9000
69.1800	295.2500	71.9000
69.6700	293.2800	71.9000
72.2400	293.3800	71.9000
72.9400	294.7300	71.9100
69.9500	295.8600	72.1100
59.6800	296.4150	72.1100
52.6500	297.0000	72.1100
50.1600	297.0600	72.1100
49.4200	294.9800	72.1100
61.9400	294.8150	72.1100
91.4200	290.3700	72.1100
88.1600	289.6050	72.1100
71.1700	291.8000	72.1100
60.5100	293.3550	72.1100
54.9400	294.7050	72.1100
51.6300	296.1050	72.1100
55.5700	297.0550	72.1100
58.8100	295.2350	72.1100
58.8600	295.1850	72.1100
55.8700	296.3250	72.1100
52.4100	297.3400	72.1100
49.9300	296.2500	72.1100
48.1600	294.3250	72.1100
46.9100	295.5800	72.1100
46.0200	296.9050	72.1100
45.3900	297.6850	72.1100
44.9200	297.4850	72.1100
44.5300	297.4300	72.1100
44.2100	297.7050	72.1100
43.9300	298.4950	72.1100
43.6900	298.5100	72.1100
43.4700	299.4900	72.1100
43.2500	300.0500	72.1100
43.0500	300.1450	72.1100
41.7500	301.0350	71.8700
33.1700	301.2500	60.6000
24.7200	300.3400	60.6000
40.1000	297.4250	60.6000
75.9700	297.5850	60.6000
88.9800	299.4300	60.6000
77.0500	299.5000	60.6000
60.8700	300.6100	60.6000
49.7500	301.9900	60.6000
43.0100	303.2250	60.6000
38.8200	302.6200	60.6000
35.3700	302.4200	60.6000
37.8700	301.2450	60.6000
36.3900	300.9850	60.6000
42.1400	299.1500	60.6000
59.0000	297.4300	60.6000
91.1000	296.6650	60.6000
86.6900	298.8500	60.6000
67.8000	300.9350	60.6000
52.6000	301.5650	60.6000
45.4700	300.9450	60.6000
41.6100	300.6400	60.6000
38.3900	302.1150	60.6000
36.1600	302.5300	60.6000
34.5000	303.9550	60.6000
34.1600	304.1850	60.6000
37.2900	303.9700	60.6000
38.3200	304.3150	60.6000
39.1600	304.2100	60.6000
39.3400	304.2950	60.6000
41.7200	303.9600	60.6000
47.1200	304.5050	60.6500
44.1200	301.9500	60.6500
71.4200	299.8700	60.6500
61.6300	300.1350	60.6500
53.4900	299.9050	60.6500
44.1000	301.4800	60.6500
37.0800	302.2750	60.6500
32.7500	302.1900	60.6500
31.3900	302.9800	60.6500
31.7800	303.6350	60.6500
32.6300	304.0250	60.6500
47.1200	301.7400	60.6500
43.6500	303.3750	60.6500
37.3700	301.5500	60.6500
31.5400	302.6550	60.6500
27.7800	303.0650	60.6500
25.3600	304.0700	60.6500
27.9300	304.1350	60.6500
30.3300	304.2700	60.6500
31.0700	304.3950	60.6500
31.9700	303.5600	60.6500
31.2100	302.6800	60.6500
28.2900	302.4300	60.6500
25.2800	303.0600	60.6500
22.6000	303.5600	60.6500
20.1400	304.1750	60.6500
17.9200	305.4800	60.6500
18.0200	305.3150	60.6500
19.0700	304.5550	60.6500
16.8900	305.1050	60.6500
19.7100	304.1150	60.6500
23.9600	304.7900	60.6800
29.5400	304.4950	60.6800
31.8800	304.0900	60.6800
30.4500	304.3950	60.6800
28.2700	306.0150	60.6800
25.5300	306.5900	60.6800
21.6500	307.5800	60.6800
18.1000	308.4050	60.6800
15.2900	309.5600	60.6800
13.0900	310.0300	60.6800
11.3500	310.1200	60.6800
10.0100	304.3000	60.6800
9.0300	304.1400	60.6800
8.2200	304.3550	60.6800
7.5500	303.6250	60.6800
7.8500	304.6950	60.6800
11.3100	305.8100	60.6800
18.1700	307.4450	60.6800
20.4900	307.6350	60.6800
18.3000	307.3350	60.6800
15.6400	308.5300	60.6800
13.1400	309.1350	60.6800
13.7600	307.9000	60.6800
20.8100	306.9450	60.6800
16.7800	306.4500	60.6800
18.1800	305.8850	60.6800
27.2400	304.6800	60.6800
43.5700	303.6050	60.6800
50.5400	302.9800	60.6800
47.0100	303.3100	60.6800
54.6100	302.3200	60.6700
51.5300	301.9150	60.5200
47.4000	301.4950	60.5200
40.9500	301.0150	60.5200
34.7800	302.3700	60.5200
30.1100	302.6050	60.5200
26.6500	302.7300	60.5200
22.2900	302.8450	60.5200
17.5900	303.2300	60.5200
14.0600	303.4850	60.5200
11.5900	304.3850	60.5200
9.8000	302.2650	60.5200
8.5400	301.7050	60.5200
10.1200	300.2800	60.5200
10.6200	300.1500	60.5200
14.9500	300.3400	60.5200
17.3800	300.3050	60.5200
17.2500	298.2050	60.5200
22.3400	297.0450	60.5200
26.5100	297.0100	60.5200
26.4800	298.0150	60.5200
25.0600	297.8800	60.5200
23.9000	299.6000	60.5200
23.2700	300.4750	60.5200
23.0000	300.2850	60.5200
22.6100	299.7650	60.5200
19.8600	299.9050	60.5200
15.1400	300.9550	60.5200
11.4500	302.0100	60.5200
9.0900	294.3750	60.5200
7.5200	291.6600	60.5200
6.4200	293.8150	60.3100
5.6200	297.0450	60.3100
5.0000	297.6300	60.3100
4.5900	297.0050	60.3100
5.7400	297.6200	60.3100
6.6900	299.0450	60.3100
6.6800	299.2500	60.3100
8.1400	298.8650	60.3100
10.6500	300.1450	60.3100
13.1200	300.9050	60.3100
14.8300	297.4200	60.3100
14.4700	294.4600	60.3100
13.3600	295.7850	60.3100
12.0200	296.9600	60.3100
10.7100	297.1400	60.3100
9.6200	294.1350	60.3100
8.7600	297.0650	60.3100
8.0700	298.3650	60.3100
7.6900	298.4750	60.3100
7.9700	292.4850	60.3100
7.5900	293.3550	60.3100
7.0000	295.4950	60.3100
6.5900	297.9050	60.3100
7.4900	295.6000	60.3100
26.3600	291.8200	60.3100
30.2500	291.2950	60.3100
44.7700	291.2100	60.3100
40.8900	290.4450	60.3100
35.2500	288.7200	60.3100
30.0700	287.5600	60.3100
24.7000	288.7700	60.3100
19.7800	292.2950	60.1800
15.9200	290.8600	60.1800
13.0000	288.6250	60.1800
10.7700	288.9450	60.1800
9.0400	285.1650	60.1800
7.7000	287.5800	60.1800
6.6400	279.9550	60.1800
5.7800	278.4000	60.1800
5.0900	281.2700	60.1800
4.5300	284.5400	60.1800
4.0600	280.2150	60.1800
3.6800	283.5650	60.1800
3.3600	287.3400	60.1800
3.0900	290.7900	60.1800
2.8600	290.2300	60.1800
2.6600	280.2150	60.1800
2.4900	279.2250	60.1800
2.3500	285.4000	60.1800
4.2400	289.9500	60.1800
7.2400	289.8650	60.1800
6.2100	289.9750	60.1800
7.2300	292.7300	60.1800
8.7300	285.6900	60.1800
9.5200	277.1400	60.1800
9.6300	280.9950	60.1800
9.4400	287.2750	60.1800
11.7100	290.9450	60.1800
12.9200	285.5450	60.1800
13.0500	285.4500	60.1800
13.9700	287.0400	60.1800
15.3900	284.6900	60.0900
18.2000	283.8900	60.0900
18.7900	288.0200	60.0900
19.5900	282.5100	60.0900
20.2300	282.8550	60.0900
19.9100	282.0200	60.0900
18.3000	280.9400	60.0900
15.9700	285.3650	60.0900
13.5800	287.4600	60.0900
11.4500	288.7250	60.0900
9.6800	291.3700	60.0900
8.2500	292.3400	60.0900
7.0900	292.0850	60.0900
6.1600	292.3250	60.0900
5.4000	289.8650	60.0900
4.7700	284.2100	60.0900
4.2400	276.3800	60.0900
3.8000	275.8000	60.0900
27.6200	277.6500	60.0900
282.6800	282.7000	60.0900
241.2200	283.2050	60.0900
122.0800	282.1300	60.0900
73.6400	284.6850	60.0900
54.8300	281.9300	60.0900
62.5000	281.2250	60.0900
54.6100	281.0550	60.0900
52.2000	281.0400	60.0900
48.4100	283.7500	60.0900
46.4700	286.5600	60.0900
52.8100	286.8100	60.0900
62.0000	286.1650	60.0900
58.4100	282.8650	60.0700
57.9500	279.3850	60.0700
55.3400	278.2750	60.0700
51.0300	278.0700	60.0700
39.9600	278.8050	60.0700
27.1000	281.3750	60.0700
19.3800	283.7350	60.0700
14.8800	285.1550	60.0700
11.9800	286.1150	60.0700
11.8000	288.3650	60.0700
19.6200	289.1600	60.0700
31.0400	287.8800	60.0700
30.9800	286.3700	60.0700
33.6200	283.9850	60.0700
31.8600	281.3850	60.0700
29.0700	280.2600	60.0700
31.8500	278.7900	60.0700
42.4000	276.3250	60.0700
36.7600	278.4250	60.0700
62.7700	277.6200	60.0700
65.3400	275.5700	60.0700
64.4000	275.0250	60.0700
56.0900	277.1600	60.0700
47.1000	279.0450	60.0700
37.4700	275.8050	60.0700
30.4300	275.6900	60.0700
25.1800	276.6800	60.0700
21.0300	277.5300	60.0700
17.6600	278.9250	60.0700
16.4100	281.5550	60.0700
17.8500	278.4750	60.0700
19.1900	281.6800	60.1700
34.1800	281.4400	60.1700
40.6900	280.9150	60.1700
55.0300	282.8850	60.1700
58.4600	284.7500	60.1700
51.1300	286.8200	60.1700
46.0300	284.5000	60.1700
38.4500	281.8550	60.1700
31.3500	282.9450	60.1700
26.1900	283.1300	60.1700
22.2500	281.8200	60.1700
19.2300	281.9850	60.1700
16.8600	285.9550	60.1700
15.5700	281.7650	60.1700
13.6600	282.0200	60.1700
11.7500	284.7500	60.1700
10.2500	285.1500	60.1700
26.2300	290.7350	60.1700
39.4000	287.1950	60.1700
41.0800	282.8400	60.1700
40.9400	283.7800	60.1700
60.6300	280.5350	60.1700
68.6600	281.4500	60.1700
70.8200	283.1200	60.1700
63.1500	282.8700	60.1700
50.7900	285.1500	60.1700
45.4400	282.4350	60.1700
38.2500	279.2050	60.1700
34.3300	282.8350	60.1500
32.0100	283.7400	60.1500
29.3600	284.3700	60.1500
25.9200	287.9250	60.1500
57.1300	286.3900	60.1500
56.7300	285.2450	60.1500
61.7300	285.9600	60.1500
94.3500	288.8750	60.1500
101.0900	284.3450	60.1500
86.6900	283.0900	60.1500
67.8800	284.3900	60.1500
51.9300	284.7600	60.1500
39.9700	286.1350	60.1500
31.3700	286.6200	60.1500
25.2500	288.4800	60.1500
43.7600	288.2900	60.1500
43.2700	286.1150	60.1500
52.0500	285.0950	60.1500
55.0200	289.1650	60.1500
59.9700	288.8700	60.1500
57.2500	285.7700	60.1500
55.0000	287.1800	60.1500
51.3600	286.7050	60.1500
45.3900	285.1400	60.1500
37.9800	283.1550	60.1500
30.9400	284.4750	60.1500
25.3000	286.8100	60.1500
21.1300	289.2900	60.1500
18.1800	289.9650	60.1500
16.5800	285.0350	60.1500
18.6900	284.6900	60.1600
19.4400	289.0000	60.2900
22.0000	291.6450	60.2900
24.4100	288.1700	60.2900
25.9900	288.6800	60.2900
49.1600	292.5650	60.2900
92.9100	291.7150	60.2900
91.9100	291.5750	60.2900
85.6000	290.1650	60.2900
73.2000	290.4250	60.2900
58.1100	291.3800	60.2900
44.6700	292.7250	60.2900
34.8100	293.3100	60.2900
31.4600	289.5500	60.2900
31.6200	286.9300	60.2900
34.3600	287.1800	60.2900
35.8200	287.2400	60.2900
33.2800	288.8850	60.2900
29.1100	290.3350	60.2900
25.1300	291.1100	60.2900
22.1100	291.8850	60.2900
20.2200	291.4950	60.2900
18.3400	290.9950	60.2900
16.9400	292.2950	60.2900
16.0400	293.7700	60.2900
15.5100	295.3650	60.2900
15.1300	295.9750	60.2900
17.0100	295.9050	60.2900
25.0900	295.8000	60.2900
39.7200	294.3800	60.2900
57.4600	289.3700	60.3000
65.6400	291.3250	60.4700
59.2900	292.7000	60.4700
50.8300	293.5700	60.4700
44.9700	294.9500	60.4700
36.0500	295.5400	60.4700
27.8300	295.4650	60.4700
22.6300	295.6950	60.4700
19.2700	297.1900	60.4700
17.8300	298.0250	60.4700
19.6700	298.3450	60.4700
36.9000	297.2700	60.4700
69.4500	295.6600	60.4700
72.2200	293.2200	60.4700
68.5100	293.1000	60.4700
58.2100	295.1050	60.4700
49.8800	296.3000	60.4700
42.4500	294.4450	60.4700
35.9900	293.8850	60.4700
31.9200	295.1450	60.4700
29.0700	296.3750	60.4700
30.4700	296.8500	60.4700
30.6400	294.9650	60.4700
28.4400	297.4900	60.4700
26.3700	298.6050	60.4700
24.0900	297.7900	60.4700
21.9300	298.0050	60.4700
19.9100	299.2100	60.4700
17.9800	299.8400	60.4700
22.3100	296.3400	60.4700
21.9900	297.6500	60.4700
19.4500	300.8300	59.9000
18.0200	301.7800	33.0400
16.9700	301.9000	33.0400
16.1500	302.8150	33.0400
15.2900	303.9250	33.0400
14.3100	305.2400	33.0400
13.2500	306.2400	33.0400
12.1800	306.7250	33.0400
11.1400	307.5750	33.0400
10.1700	304.3300	33.0400
9.4700	302.6850	33.0400
11.0100	302.6950	33.0400
15.0300	305.3050	33.0400
14.9900	305.6700	33.0400
13.9300	306.1800	33.0400
13.7400	306.4800	33.0400
14.0300	305.6300	33.0400
14.8700	306.2900	33.0400
15.9700	304.1300	33.0400
16.5200	303.9300	33.0400
16.4700	304.1900	33.0400
15.9400	304.2950	33.0400
15.1600	304.7100	33.0400
14.0300	305.1400	33.0400
13.1100	305.5000	33.0400
12.6900	306.2200	33.0400
12.4800	306.9700	33.0400
13.3700	305.9300	33.0400
13.1900	306.1300	33.0400
12.9600	306.1950	33.0400
13.2600	305.9000	33.0400
12.9500	303.8900	33.0600
12.7300	304.6600	33.0600
13.6400	305.2400	33.0600
13.5400	305.6000	33.0600
16.1000	304.7400	33.0600
20.9700	303.7000	33.0600
33.6400	301.6000	33.0600
30.6600	302.9100	33.0600
27.1500	303.4950	33.0600
29.9800	303.5250	33.0600
37.0300	303.8500	33.0600
36.3100	303.4600	33.0600
35.9600	303.7200	33.0600
34.9500	303.6400	33.0600
33.2500	303.7400	33.0600
31.8700	304.1250	33.0600
30.5300	303.6350	33.0600
28.8600	303.9300	33.0600
23.9700	303.9450	33.0600
19.4200	305.7100	33.0600
16.0200	306.6100	33.0600
15.0000	307.1350	33.0600
14.5300	307.2350	33.0600
26.4300	303.9550	33.0600
30.7300	304.5000	33.0600
31.4700	304.2000	33.0600
31.6600	303.9450	33.0600
29.0400	304.7250	33.0600
26.6400	305.1100	33.0600
24.2100	305.2950	33.0600
22.4900	305.7350	33.0600
27.5100	305.1050	33.0800
29.0900	305.8300	33.0800
38.1700	305.1800	33.0800
40.1700	306.2300	33.0800
33.6400	306.3000	33.0800
26.8000	307.1650	33.0800
23.0900	307.7250	33.0800
27.0500	305.0450	33.0800
21.9800	304.3100	33.0800
16.9100	305.3050	33.0800
13.9000	305.0950	33.0800
11.5900	305.3750	33.0800
34.9400	301.7700	33.0800
63.2000	297.5600	33.0800
44.0000	299.1850	33.0800
37.1300	300.4000	33.0800
31.1900	300.4250	33.0800
28.5800	300.5900	33.0800
25.2700	301.7150	33.0800
22.9300	302.1350	33.0800
22.1700	302.3750	33.0800
21.5000	302.1950	33.0800
21.9300	302.2200	33.0800
21.4400	302.8550	33.0800
18.7800	303.1150	33.0800
60.3500	300.6950	33.0800
92.7700	299.8250	33.0800
118.1300	299.8750	33.0800
102.3900	300.0300	33.0800
68.7800	300.3000	33.0800
50.3200	300.6750	33.0800
42.2000	300.6350	32.9900
36.1800	299.7100	32.9900
31.5500	299.5950	32.9900
28.2000	299.8250	32.9900
25.7600	300.1400	32.9900
24.6500	301.2600	32.9900
24.0500	302.9450	32.9900
23.3400	303.4350	32.9900
22.9100	303.1000	32.9900
39.7200	302.3600	32.9900
39.0400	302.6500	32.9900
37.1700	301.7400	32.9900
38.8500	302.2400	32.9900
37.0500	302.8300	32.9900
32.8300	303.0650	32.9900
30.6600	301.9450	32.9900
29.8100	298.9600	32.9900
26.9400	299.6050	32.9900
25.6000	299.0750	32.9900
24.5800	298.1800	32.9900
23.6600	297.6400	32.9900
22.7800	298.5500	32.9900
22.0200	297.5300	32.9900
21.4000	296.5750	32.9900
20.9100	295.3150	32.9900
22.5400	295.1000	32.9900
44.0600	293.6600	32.9900
39.3100	295.2700	32.9900
37.2900	295.8150	32.9900
36.1000	296.1650	32.9900
38.1200	296.3000	32.8800
27.9600	292.9300	32.8800
22.8000	293.2450	32.8800
18.8400	295.4900	32.8800
15.6200	296.3300	32.8800
13.0400	296.0100	32.8800
11.0000	295.5600	32.8800
9.4100	292.0600	32.8800
47.9200	293.8500	32.8800
84.7500	294.9550	32.8800
91.0200	294.0950	32.8800
65.0400	294.0850	32.8800
46.4100	294.7900	32.8800
35.9600	294.3950	32.8800
30.0600	294.8900	32.8800
26.5500	295.2900	32.8800
24.3600	295.6400	32.8800
34.1300	292.5600	32.8800
37.7400	290.2650	32.8800
37.7000	288.4300	32.8800
35.2300	289.1300	32.8800
31.1800	289.9850	32.8800
27.7300	287.1400	32.8800
25.5100	288.7200	32.8800
49.5100	290.7850	32.8800
40.0800	290.5200	32.8800
34.8100	288.4650	32.8800
30.8800	284.0600	32.8800
26.3800	283.0650	32.8800
20.0900	283.6350	32.8800
15.4400	284.0800	32.8800
12.8500	284.9500	32.8100
11.2600	286.4800	32.8100
9.9700	285.4600	32.8100
8.8200	287.9000	32.8100
7.9100	287.9050	32.8100
7.2600	289.1800	32.8100
6.6900	289.2900	32.8100
6.1100	289.7400	32.8100
5.5700	283.4800	32.8100
5.0500	281.7400	32.8100
4.5700	282.8500	32.8100
4.1500	282.9000	32.8100
3.7800	288.3950	32.8100
24.8200	289.1100	32.8100
86.8100	289.8700	32.8100
72.0500	287.9200	32.8100
61.2100	282.9450	32.8100
49.0000	282.0400	32.8100
39.2400	279.8250	32.8100
32.7600	280.2150	32.8100
28.5900	281.0200	32.8100
23.7200	278.7750	32.8100
18.2700	279.2250	32.8100
14.1700	280.2250	32.8100
11.3900	282.4350	32.8100
9.5900	277.3450	32.8100
8.2400	278.8200	32.8100
7.2500	283.6050	32.8100
9.6300	286.9350	32.8100
55.9400	285.4200	32.8100
91.3800	286.2700	32.7600
97.6100	282.2350	32.7600
77.8800	279.8550	32.7600
58.6400	280.2950	32.7600
47.4200	282.0100	32.7600
41.2500	280.9500	32.7600
34.4400	279.8600	32.7600
25.3700	278.5900	32.7600
18.8500	280.9950	32.7600
14.7100	285.9150	32.7600
69.8800	289.8650	32.7600
162.1400	287.8750	32.7600
169.7500	283.6750	32.7600
112.6600	279.5850	32.7600
73.6000	283.2050	32.7600
55.1000	285.8000	32.7600
45.8100	286.3650	32.7600
40.7100	287.0400	32.7600
37.7600	287.2300	32.7600
36.0000	287.6800	32.7600
36.8100	287.6350	32.7600
39.6800	280.3400	32.7600
39.9400	279.3200	32.7600
39.9000	281.2200	32.7600
38.9600	286.7050	32.7600
39.9100	285.7400	32.7600
42.7400	284.9050	32.7600
44.5500	287.3100	32.7600
43.2500	287.8850	32.7600
35.1300	284.0800	32.7600
26.7900	283.8350	32.7600
21.7500	280.3750	32.7500
18.7300	280.2550	32.7500
17.1100	283.0050	32.7500
16.2900	285.4600	32.7500
17.9700	286.3900	32.7500
19.6900	288.4500	32.7500
29.2100	289.1800	32.7500
55.6900	285.4750	32.7500
74.4100	282.2800	32.7500
70.4000	282.6450	32.7500
62.4700	286.1850	32.7500
61.0600	282.1400	32.7500
57.5400	280.1250	32.7500
54.6800	279.3750	32.7500
51.7600	278.7650	32.7500
48.7200	277.3500	32.7500
38.2600	276.6750	32.7500
26.1900	276.9650	32.7500
21.2000	277.8250	32.7500
18.6100	278.0650	32.7500
17.2000	275.9400	32.7500
15.7300	276.3150	32.7500
14.6200	277.3900	32.7500
13.7100	281.0750	32.7500
13.4200	280.0300	32.7500
13.0100	279.1450	32.7500
12.4600	280.4350	32.7500
12.0800	283.6500	32.7500
13.0700	282.7200	32.7500
14.1000	280.4900	32.7500
13.7000	278.7550	32.7500
13.5800	279.6250	32.8000
13.7600	281.0150	32.8000
14.9200	281.1700	32.8000
16.9100	278.4000	32.8000
17.1000	277.2550	32.8000
17.0400	277.8400	32.8000
16.6100	279.4100	32.8000
15.9100	281.6550	32.8000
15.0600	284.0850	32.8000
14.1900	284.8100	32.8000
13.3000	286.2250	32.8000
12.6900	287.1100	32.8000
12.7400	284.5700	32.8000
12.4500	284.3600	32.8000
14.6700	283.9900	32.8000
16.4300	282.8550	32.8000
19.5600	280.7050	32.8000
21.3100	282.6350	32.8000
34.1800	286.6950	32.8000
39.9800	283.3950	32.8000
45.0600	280.0800	32.8000
47.7400	281.0450	32.8000
45.4500	279.1700	32.8000
39.1300	278.4600	32.8000
32.2400	278.3600	32.8000
26.5000	280.4700	32.8000
22.1800	283.4100	32.8000
39.2500	285.3900	32.8000
123.9700	286.3650	32.7900
180.7300	280.8750	32.7900
179.8100	277.9950	32.7900
132.6600	276.6500	32.7900
101.0500	277.5850	32.7900
85.7500	280.1900	32.7900
78.5900	283.1500	32.7900
74.8100	283.8900	32.7900
62.0700	285.6200	32.7900
39.1200	286.2850	32.7900
26.8900	287.8300	32.7900
21.4200	287.9900	32.7900
18.7000	284.4650	32.7900
17.2300	282.8700	32.7900
17.8700	285.6950	32.7900
31.9100	287.7950	32.7900
56.8200	287.7850	32.7900
91.9100	286.8300	32.7900
94.4900	287.1200	32.7900
76.2700	286.8850	32.7900
56.4800	284.1800	32.7900
43.2000	284.1350	32.7900
34.7400	286.0400	32.7900
29.3100	287.3300	32.7900
25.7900	287.6400	32.7900
24.7800	288.8400	32.7900
30.0300	290.6050	32.7900
73.5500	291.4750	32.7900
154.6200	291.8000	32.7900
189.7900	289.2500	32.7900
140.7900	288.0000	32.7900
103.6200	288.9200	32.8700
82.6300	289.9050	32.8700
88.2700	291.4200	32.8700
89.2600	290.6250	32.8700
82.7000	289.7500	32.8700
75.1700	291.0900	32.8700
70.6800	285.6000	32.8700
67.3800	285.0700	32.8700
62.5700	287.3850	32.8700
48.1900	290.0250	32.8700
61.4200	291.1100	32.8700
80.8500	290.4200	32.8700
97.3900	288.5950	32.8700
91.3200	289.5400	32.8700
93.8700	289.1500	32.8700
86.3900	288.5850	32.8700
78.5700	287.3100	32.8700
72.2600	288.1700	32.8700
68.0800	289.1150	32.8700
65.0100	290.9250	32.8700
58.2000	289.9300	32.8700
52.5200	288.5500	32.8700
59.1000	289.5500	32.8700
63.4100	293.0600	32.8700
57.4200	294.0550	32.8700
49.1900	293.5400	32.8700
42.9200	293.4250	32.8700
38.8500	293.1650	32.8700
36.3000	294.0300	32.8700
34.6500	294.6700	32.8700
33.4900	296.0400	32.9600
32.6100	296.9000	32.9600
34.1600	297.6450	32.9600
35.1800	297.4650	32.9600
59.2500	296.7750	32.9600
102.6300	296.5650	32.9600
109.7400	297.1650	32.9600
95.2100	298.4550	32.9600
79.4800	298.2050	32.9600
68.5400	298.1250	32.9600
63.1700	297.6950	32.9600
63.4800	296.0000	32.9600
57.8200	294.4350	32.9600
54.0400	296.1100	32.9600
51.0900	297.6950	32.9600
49.7300	297.2800	32.9600
52.2500	297.7000	32.9600
77.7900	292.1250	32.9600
94.2300	290.6950	32.9600
86.8800	291.1000	32.9600
70.7900	293.1350	32.9600
60.2800	293.9850	32.9600
54.1200	294.6300	32.9600
50.9800	294.8000	32.9600
61.8500	294.7100	32.9600
81.3700	296.5600	32.9600
87.2900	296.9900	32.9600
89.0500	298.2800	32.9600
82.8400	299.6650	32.9600
73.2900	298.3350	32.9600
66.7200	298.8950	33.1500
59.4400	300.3350	41.9600
49.4500	300.6800	41.9600
42.1900	300.5100	41.9600
38.7500	300.8600	41.9600
52.9600	298.6750	41.9600
81.3200	299.5750	41.9600
107.8200	299.3750	41.9600
88.6200	299.1450	41.9600
65.3500	300.6200	41.9600
51.5500	301.3050	41.9600
51.2300	302.2150	41.9600
49.7200	303.4700	41.9600
47.1000	303.6000	41.9600
47.4700	302.8250	41.9600
46.3100	303.2100	41.9600
42.7900	303.7150	41.9600
48.8100	303.1350	41.9600
57.7200	305.7650	41.9600
63.5400	303.5100	41.9600
63.5000	305.1500	41.9600
56.1100	305.2800	41.9600
48.5100	304.3700	41.9600
43.2300	303.9200	41.9600
40.3000	304.2000	41.9600
38.1400	304.7700	41.9600
36.4800	305.7100	41.9600
35.2000	306.3150	41.9600
34.2300	306.6100	41.9600
33.5400	306.2950	41.9600
33.1200	304.6900	41.9600
32.7000	304.7400	41.9900
30.9500	305.5700	41.9900
29.0700	304.5700	41.9900
28.1100	304.0300	41.9900
27.6700	305.2350	41.9900
27.6200	306.6350	41.9900
28.5700	305.2900	41.9900
29.6900	304.4900	41.9900
48.5100	302.7800	41.9900
50.4600	303.3650	41.9900
48.3400	302.0400	41.9900
42.9100	303.1850	41.9900
37.6600	303.5450	41.9900
36.2800	303.7750	41.9900
34.7000	303.5450	41.9900
33.4600	305.3900	41.9900
38.3200	305.6000	41.9900
42.5300	304.6400	41.9900
40.2700	302.3600	41.9900
36.8200	303.4650	41.9900
34.3900	303.3950	41.9900
33.3300	303.5750	41.9900
49.1000	303.3750	41.9900
52.2100	304.3150	41.9900
43.6400	305.6550	41.9900
38.2200	305.8950	41.9900
35.8200	306.2650	41.9900
40.4300	305.7750	41.9900
41.4800	305.9500	41.9900
43.7700	305.9450	41.9900
47.3800	306.1950	41.9900
54.9000	305.6250	42.0100
54.3700	305.3850	42.0100
48.3000	305.7400	42.0100
41.7200	305.6650	42.0100
36.7300	306.1600	42.0100
33.2700	306.4750	42.0100
32.6000	305.9100	42.0100
32.9000	306.4950	42.0100
31.9800	306.5800	42.0100
30.1200	307.2650	42.0100
28.2800	308.3700	42.0100
30.2000	307.8250	42.0100
59.7700	306.0600	42.0100
102.1700	305.2200	42.0100
86.2300	304.5200	42.0100
62.5100	304.0100	42.0100
51.1400	304.1100	42.0100
50.2300	304.1750	42.0100
46.9400	304.7550	42.0100
40.4700	305.3200	42.0100
35.7000	305.8950	42.0100
32.5700	306.1900	42.0100
30.2800	305.4350	42.0100
29.0600	304.7100	42.0100
27.4800	304.9350	42.0100
26.2100	305.3650	42.0100
25.2900	305.9950	42.0100
24.6300	305.3050	42.0100
24.7200	305.3900	42.0100
25.3300	305.3050	42.0100
46.0800	303.5500	42.0100
47.3800	302.7400	41.9100
49.1400	300.2650	41.9100
43.0800	300.3550	41.9100
36.4800	300.5450	41.9100
31.3300	301.0100	41.9100
27.8400	301.5000	41.9100
25.5600	301.6500	41.9100
24.0600	301.3750	41.9100
23.9100	302.5850	41.9100
27.6700	301.9150	41.9100
29.4000	300.3300	41.9100
30.8200	301.6050	41.9100
30.9800	302.1800	41.9100
29.1200	301.6850	41.9100
26.8700	302.5600	41.9100
25.0700	302.1700	41.9100
24.0500	301.5650	41.9100
43.7600	300.3050	41.9100
54.5200	301.7450	41.9100
54.3400	301.7350	41.9100
53.9200	301.2750	41.9100
50.8900	300.7750	41.9100
44.4700	302.1000	41.9100
37.9100	301.9450	41.9100
32.7100	302.6150	41.9100
50.0100	300.1650	41.9100
59.8400	299.7550	41.9100
65.3300	300.2750	41.9100
59.8600	297.7700	41.9100
47.9700	294.4300	41.9000
38.1500	294.7900	41.7600
31.8400	296.1250	41.7600
28.0000	297.9200	41.7600
25.6000	295.5650	41.7600
37.2500	292.9900	41.7600
62.1600	289.8550	41.7600
63.4100	294.3500	41.7600
66.2800	294.1650	41.7600
57.2000	295.4800	41.7600
47.5500	298.1600	41.7600
39.0300	295.4850	41.7600
46.9200	294.3300	41.7600
146.5000	292.6150	41.7600
134.8900	293.0500	41.7600
102.8600	290.5800	41.7600
76.7900	290.5900	41.7600
59.7000	288.8000	41.7600
46.7700	286.0550	41.7600
38.1600	285.9000	41.7600
32.6800	286.6200	41.7600
29.0800	287.8950	41.7600
26.6200	289.0150	41.7600
24.9000	291.6000	41.7600
23.9400	292.8200	41.7600
24.2900	289.0150	41.7600
24.9300	288.8450	41.7600
26.6200	289.7000	41.7600
67.3500	291.1800	41.7600
69.7900	292.5750	41.7600
64.2300	290.9950	41.7600
49.9000	292.4350	41.7600
49.2800	288.7600	41.6700
49.2600	289.4050	41.6700
45.0600	287.9400	41.6700
40.6600	288.3850	41.6700
35.6400	288.4650	41.6700
31.5500	286.3500	41.6700
28.6700	286.4250	41.6700
26.7500	287.7450	41.6700
25.4800	289.0600	41.6700
26.2800	290.2950	41.6700
133.1300	290.1750	41.6700
243.2100	287.6100	41.6700
171.8700	286.0250	41.6700
95.1500	287.6950	41.6700
59.8200	288.0200	41.6700
43.7300	288.4750	41.6700
35.5200	288.5100	41.6700
30.9800	288.3150	41.6700
28.3600	289.1750	41.6700
26.8300	289.3300	41.6700
25.9600	287.1950	41.6700
25.5000	286.1900	41.6700
53.4100	282.0000	41.6700
54.9700	284.2650	41.6700
53.1400	285.9000	41.6700
46.8300	285.0750	41.6700
39.7100	282.6250	41.6700
34.4700	282.1550	41.6700
31.0500	283.1150	41.6700
28.8800	284.2450	41.6700
27.9100	283.6500	41.6000
37.9600	283.5000	41.6000
131.1000	288.5550	41.6000
146.7200	286.8400	41.6000
105.8100	284.6850	41.6000
72.3100	281.6100	41.6000
55.5600	280.8850	41.6000
47.1300	281.8400	41.6000
76.1100	284.5250	41.6000
108.0500	286.6000	41.6000
104.7800	281.2500	41.6000
78.8800	278.6200	41.6000
62.6500	279.6650	41.6000
57.9400	281.4750	41.6000
53.7700	285.0200	41.6000
51.0500	282.6050	41.6000
48.3500	278.6050	41.6000
46.5100	278.4450	41.6000
127.7900	278.8100	41.6000
136.5300	278.9500	41.6000
106.8300	278.3050	41.6000
77.1800	277.9150	41.6000
62.0000	277.8350	41.6000
54.7000	276.8450	41.6000
87.1600	280.4000	41.6000
213.4900	284.3750	41.6000
172.6200	281.2900	41.6000
116.2500	279.9450	41.6000
87.1800	278.1350	41.6000
77.0700	276.9450	41.6000
78.8900	276.5200	41.6000
91.4500	277.2300	41.5900
103.5200	277.0450	41.5900
107.5600	275.1600	41.5900
107.6800	274.2700	41.5900
114.9300	273.9550	41.5900
134.6500	273.7650	41.5900
140.4500	273.8450	41.5900
141.0500	274.4350	41.5900
140.4000	273.8900	41.5900
140.1800	273.6900	41.5900
138.9400	273.5750	41.5900
136.6500	273.8550	41.5900
134.2600	274.3250	41.5900
132.3400	274.6450	41.5900
130.3100	275.9300	41.5900
128.1300	277.7600	41.5900
196.3400	280.6550	41.5900
334.6500	283.6500	41.5900
340.5500	283.2750	41.5900
273.4100	282.9000	41.5900
205.5300	283.8900	41.5900
201.3700	281.7650	41.5900
214.4800	280.9800	41.5900
225.2700	281.3150	41.5900
254.9300	285.1850	41.5900
381.7900	283.3900	41.5900
436.1500	280.5050	41.5900
330.6100	279.6100	41.5900
252.1700	280.2450	41.5900
226.1700	278.2200	41.5900
230.6400	275.6950	41.5900
243.9800	274.9050	41.6600
279.3200	275.8250	41.6600
309.4900	276.1900	41.6600
316.9000	277.3150	41.6600
304.2400	277.4400	41.6600
455.7900	278.5950	41.6600
553.1300	277.6500	41.6600
448.2800	277.4200	41.6600
370.1100	278.3450	41.6600
335.1900	278.9400	41.6600
320.2400	276.4850	41.6600
315.0900	275.8450	41.6600
330.0700	275.2450	41.6600
368.4700	274.7800	41.6600
379.0400	275.9000	41.6600
366.3300	275.8600	41.6600
350.5500	275.3800	41.6600
331.0500	275.5500	41.6600
313.2600	276.2500	41.6600
300.5700	277.9800	41.6600
291.2900	279.6950	41.6600
286.2800	281.3100	41.6600
312.8800	283.0000	41.6600
324.3100	283.5350	41.6600
311.3500	280.8700	41.6600
286.5400	278.2600	41.6600
265.5700	277.3100	41.6600
252.2100	277.2250	41.6600
242.8600	277.7900	41.6500
235.1700	278.3750	106.5900
251.3100	277.8650	253.1800
277.0600	278.1250	280.5200
269.2300	278.0050	275.8300
241.6500	277.7800	248.6400
219.3800	278.4350	224.9000
205.5800	279.4050	210.0000
196.5900	281.8000	200.4800
189.4500	284.2250	193.0200
190.6700	284.4050	192.7100
217.3700	286.4150	217.7000
276.2000	287.7600	274.7800
318.0500	286.0400	322.6800
292.1700	284.9050	301.0900
241.1200	284.9850	250.4600
200.9900	284.7600	207.6500
180.8100	284.4500	185.2600
171.8900	284.8750	175.2500
166.4500	286.7900	169.3300
161.9200	286.2950	164.5300
162.4700	286.8650	164.5600
173.7600	284.6200	174.2900
187.8200	285.2400	187.9900
188.9300	286.0850	191.6000
170.0400	287.1400	174.3900
151.6700	285.1800	155.1600
141.2400	286.2400	143.5400
157.0500	288.0500	154.9900
205.7200	288.4800	205.8900
220.8400	288.2600	224.7900
186.5400	288.5700	193.5200
150.6300	290.5000	156.2800
128.2000	290.2650	132.0000
115.1200	291.7450	117.7600
106.5600	293.2050	108.6300
99.9200	294.2350	101.7400
94.3600	294.6650	95.9800
90.3000	294.4250	91.5700
96.5300	292.4450	95.4100
108.9700	290.7700	109.7800
108.6600	290.0950	110.3100
106.6000	290.5700	108.2100
96.2500	290.4300	99.1200
86.2100	290.5300	88.2800
81.7300	290.9150	82.9200
79.5300	291.4350	80.3900
78.0300	292.7900	78.7700
76.8200	291.3750	77.4900
75.7200	289.7450	76.3500
74.7700	290.8250	75.3500
74.2600	290.8700	74.7500
74.4200	290.9700	74.9100
74.0100	292.3900	74.5800
73.2900	292.5100	73.8400
80.7200	292.7900	79.3400
94.8700	294.8250	95.0500
97.7800	291.0750	99.4800
88.8300	289.4000	91.4500
80.4400	290.2350	82.3800
75.2800	291.4850	76.5800
70.7300	293.6000	72.2800
60.2700	296.2250	62.8600
53.3200	296.3750	54.7200
73.3400	295.3700	67.9100
103.8000	296.7250	102.3700
94.0100	298.0050	98.5800
74.0100	298.4200	78.0500
61.9000	299.1350	64.4400
55.3600	294.7000	56.9200
51.6500	293.7200	52.6600
49.4800	294.6450	50.1700
48.2200	296.6800	48.7000
47.4900	298.3150	47.8600
46.9100	298.3100	47.2500
46.4400	298.8700	46.7400
45.9900	299.1350	46.2700
47.0200	298.8800	46.7300
62.4100	297.7250	63.0100
60.4300	298.2300	63.4600
59.5500	298.0750	61.2400
55.4100	298.6250	57.0800
51.3000	299.0400	52.5900
48.5600	299.5050	49.4300
46.9500	298.9350	47.5300
47.4200	298.1200	47.4800
48.8700	298.4850	49.2000
49.2700	299.6400	49.7100
48.5600	300.6350	49.1300
47.6700	300.4750	48.0600
87.6700	299.0800	78.2100
126.9900	299.4400	126.6800
132.3500	298.5700	139.0000
114.8400	299.2100	121.3800
95.9400	300.2250	103.2900
74.8000	300.0350	87.7400
61.3900	301.0350	86.8400
54.8300	301.4300	86.8400
50.9700	301.1450	86.8400
47.9800	300.1150	86.8400
45.5100	300.9050	86.8400
43.6200	302.3950	86.8400
42.7700	302.8800	86.8400
43.1700	303.1950	86.8400
43.6500	304.7500	86.8400
43.7600	304.9000	86.8400
43.8200	305.6500	86.8400
74.4200	304.4700	86.8400
91.6100	305.1300	86.8400
81.6500	304.4000	86.8400
73.0800	303.8550	86.8400
63.0200	304.3250	86.8400
56.9400	304.4400	86.8400
51.2800	304.8300	86.8400
49.7500	305.1900	86.8400
48.8100	305.5600	86.8400
45.8300	305.8900	86.8400
46.5700	305.7950	86.8400
54.8900	304.8450	86.8400
58.7400	306.1900	86.8400
55.4300	305.7300	86.8400
59.3700	304.4250	86.8400
64.5700	304.2000	86.9100
69.0300	301.9300	86.9100
61.4600	301.0400	86.9100
51.3100	301.1650	86.9100
44.2200	302.2950	86.9100
39.9200	303.4700	86.9100
37.3400	304.6550	86.9100
35.7300	306.0800	86.9100
34.6700	306.7150	86.9100
34.2600	306.4550	86.9100
36.1100	306.3200	86.9100
44.9400	305.9600	86.9100
58.8700	305.1350	86.9100
56.3100	306.0000	86.9100
58.4800	305.8600	86.9100
57.9600	305.3450	86.9100
50.9400	305.8050	86.9100
45.0500	305.6350	86.9100
43.0500	305.4100	86.9100
42.7700	306.1700	86.9100
42.4400	305.8100	86.9100
41.0000	305.8250	86.9100
39.1700	306.6150	86.9100
39.7900	306.0550	86.9100
39.4000	306.6450	86.9100
43.6800	307.1150	86.9100
59.6000	305.5700	86.9100
56.1700	306.0100	86.9100
55.2200	306.8150	86.9100
54.3500	306.2500	86.9100
50.7100	306.1750	86.9100
54.0500	304.6200	86.9500
54.7000	304.2750	86.9500
56.1000	303.6650	86.9500
82.3700	303.9850	86.9500
107.4300	303.9650	86.9500
95.9900	304.0200	86.9500
109.3600	302.8500	86.9500
86.1400	303.9250	86.9500
68.3800	304.0000	86.9500
54.3500	304.4700	86.9500
45.3000	305.0950	86.9500
39.8800	305.9250	86.9500
36.6200	306.8900	86.9500
37.8300	306.2300	86.9500
47.7200	306.4950	86.9500
92.3700	303.2850	86.9500
100.3400	302.6100	86.9500
106.8400	302.7300	86.9500
102.3800	303.2300	86.9500
77.9800	303.6400	86.9500
61.9900	303.1650	86.9500
51.4200	303.2700	86.9500
47.1500	303.6350	86.9500
44.9300	303.5500	86.9500
41.8500	302.3050	86.9500
38.7300	302.7100	86.9500
36.6300	302.9700	86.9500
38.9600	303.1850	86.9500
40.3000	302.4650	86.9500
39.0400	302.5100	86.9500
37.3300	302.4400	86.9500
35.5500	303.3650	86.7300
33.4200	303.0900	86.7300
31.5700	303.2250	86.7300
30.4600	303.2600	86.7300
29.8100	300.8550	86.7300
29.3600	302.5550	86.7300
29.0400	304.7850	86.7300
28.8100	304.6750	86.7300
28.6300	304.1150	86.7300
28.5000	302.2050	86.7300
28.3900	301.7150	86.7300
28.2900	302.0750	86.7300
28.3000	299.2950	86.7300
28.5900	299.7650	86.7300
29.1100	300.4350	86.7300
29.4800	299.9700	86.7300
29.5200	300.3950	86.7300
29.3500	302.4300	86.7300
29.1500	302.2300	86.7300
28.9400	302.6150	86.7300
28.7300	302.8600	86.7300
28.5500	302.8900	86.7300
28.4200	303.3900	86.7300
28.3200	301.9350	86.7300
28.2400	302.4350	86.7300
28.2000	302.1750	86.7300
62.6500	299.0150	86.7300
103.8400	297.0900	86.7300
114.5200	295.3500	86.7300
88.3900	294.2150	86.7300
63.2700	294.6450	86.4300
49.4000	293.1200	86.4300
41.5500	293.5750	86.4300
36.9600	292.4150	86.4300
34.1600	292.4750	86.4300
32.3700	290.9200	86.4300
31.1900	292.1700	86.4300
30.3800	293.3800	86.4300
29.8100	294.3050	86.4300
29.4000	294.8850	86.4300
29.0800	295.1050	86.4300
28.8400	295.6100	86.4300
28.6500	295.4800	86.4300
28.5100	295.4850	86.4300
28.4300	291.8550	86.4300
28.4100	290.8900	86.4300
28.3700	290.8550	86.4300
28.3600	290.7100	86.4300
28.3500	290.8250	86.4300
28.3400	291.3400	86.4300
28.4200	291.1050	86.4300
28.6000	290.1150	86.4300
28.8600	289.7150	86.4300
29.0700	290.4150	86.4300
29.4300	292.8000	86.4300
41.2400	294.1150	86.4300
41.1900	296.5700	86.4300
69.0200	295.6700	86.4300
88.8500	294.7300	86.4300
77.9600	290.4000	86.4300
59.7900	290.4150	86.4300
47.3900	290.3900	86.2500
40.7700	288.7850	86.2500
37.1700	288.0500	86.2500
38.5700	288.5750	86.2500
51.4100	287.1550	86.2500
46.6700	284.6000	86.2500
44.5500	282.6700	86.2500
41.3400	283.1450	86.2500
38.2100	285.1650	86.2500
35.7700	286.0100	86.2500
34.0400	285.4950	86.2500
32.8400	284.6750	86.2500
32.0100	283.8200	86.2500
31.4100	284.8550	86.2500
30.9900	286.5500	86.2500
30.6800	287.7900	86.2500
34.2000	287.3900	86.2500
37.4100	284.9800	86.2500
37.3800	285.1550	86.2500
37.1800	285.3400	86.2500
35.9300	287.3700	86.2500
34.5000	288.0300	86.2500
33.2900	288.6900	86.2500
32.5700	288.8150	86.2500
32.6100	287.5650	86.2500
32.4600	289.7750	86.2500
33.8700	286.1850	86.2500
34.2800	283.7150	86.2500
34.0500	283.3050	86.2500
33.7100	288.2250	86.2400
40.0400	287.1000	86.1100
55.4500	280.1200	86.1100
65.9100	280.0600	86.1100
63.2300	280.3600	86.1100
55.4700	281.2050	86.1100
50.1100	278.0350	86.1100
48.4900	276.9950	86.1100
46.2400	276.5800	86.1100
44.3900	276.6500	86.1100
43.1200	276.7150	86.1100
42.1900	277.2700	86.1100
42.2900	278.4550	86.1100
47.4400	276.0050	86.1100
47.9900	275.1700	86.1100
48.6100	275.0000	86.1100
47.6000	275.7100	86.1100
46.2300	279.9400	86.1100
45.5500	278.2250	86.1100
53.4600	276.4900	86.1100
52.9200	276.1050	86.1100
51.6600	276.6500	86.1100
49.3100	279.3550	86.1100
46.9600	279.1950	86.1100
45.0100	276.5650	86.1100
43.5500	276.9850	86.1100
44.9900	276.8300	86.1100
50.5900	275.5300	86.1100
49.8300	275.9550	86.1100
49.0400	276.3550	86.1100
47.3700	276.5100	86.1100
