1.6400	273.3400	22.1900
1.4500	273.1700	22.1900
1.3200	273.4400	22.1900
1.2000	273.2000	22.1900
1.1200	273.5400	22.1900
1.0600	274.1533	22.1900
1.0100	275.1300	22.1900
0.9700	275.9533	22.1900
0.9300	277.1267	22.1900
1.2600	275.3200	22.1900
2.2600	274.8333	22.1900
3.2000	275.5800	22.1900
3.5000	276.7000	22.1900
3.3300	276.9300	22.1900
3.0300	278.4333	22.1900
2.8100	283.2500	22.1900
2.8600	281.4100	22.1900
2.9400	278.3267	22.1900
2.8500	279.6433	22.1900
3.2600	282.3600	22.1900
8.4300	286.6900	22.1900
32.9800	282.2333	22.1900
31.7500	278.1700	22.1900
19.4400	276.1767	22.1900
12.0400	276.1267	22.1900
7.9900	276.3200	22.1900
5.6500	275.5533	22.1900
4.2200	276.3800	22.1900
3.2900	276.3067	22.1900
2.6600	279.2933	22.1900
2.2700	285.2767	22.1900
3.5900	283.1800	22.1900
5.9200	282.4800	22.1900
6.5100	281.5733	22.1900
5.7500	278.9933	22.1900
4.6900	277.0033	22.1900
4.1300	276.0733	22.1900
5.5800	278.2067	22.1900
6.2000	279.2933	22.1900
5.6500	281.7467	22.1900
4.7800	283.9400	22.1900
3.9500	286.9533	22.1900
3.4600	280.1900	22.1900
3.2800	276.7633	22.1900
4.4700	277.1133	22.1900
8.4900	281.2867	22.1900
12.4300	285.8067	22.1900
13.0800	287.1867	22.1900
17.3200	286.0733	22.1900
51.5100	280.9267	22.1900
39.3500	277.9367	22.1900
21.8100	278.2700	22.1900
13.0300	283.0900	22.1900
8.5500	280.0667	22.1900
6.7700	277.3767	22.1900
6.5900	279.0233	22.1900
6.8800	282.1033	22.1900
7.5000	285.5933	22.1900
8.5500	283.5967	22.1900
8.0900	283.5933	22.1900
6.6700	281.6967	22.1900
5.2900	282.1433	22.1900
4.2300	284.3967	22.1900
5.0200	283.4833	22.1900
17.2600	285.1800	22.1900
24.7800	281.7233	22.1900
19.8500	277.0267	22.1900
13.4300	277.6400	22.1900
9.1900	279.7500	22.1900
6.5900	279.1967	22.1900
4.9700	279.8633	22.1900
3.9400	281.9533	22.1900
3.3200	287.5233	22.1900
3.3000	286.2400	22.1900
3.5100	284.8533	22.1900
7.2500	282.1667	22.1900
13.5300	285.0100	22.1900
13.1000	283.2000	22.1900
9.9500	280.9233	22.1900
7.3400	279.8633	22.1900
22.2200	282.2133	22.1900
76.2800	283.1733	22.1900
55.8900	282.8833	22.1900
29.4700	283.6333	22.1900
16.7200	284.3433	22.1900
10.6500	281.9000	22.1900
7.4100	279.4067	22.1900
5.5600	279.0167	22.1900
4.8500	280.9133	22.1900
64.8600	287.2967	22.1900
95.7800	288.7967	22.1900
59.1600	287.1867	22.1900
64.7100	283.2233	22.1900
50.6600	282.3900	22.1900
29.5100	283.4367	22.1900
18.9800	284.0733	22.1900
12.9700	286.3233	22.1900
9.3900	289.8600	22.1900
7.2600	293.2367	22.1900
5.9600	294.7433	22.1900
5.1500	295.9833	22.1900
4.6700	295.5000	22.1900
4.3800	296.7200	22.1900
4.2400	295.0200	22.1900
4.2600	292.0233	22.1900
4.5000	292.5833	22.1900
4.7800	291.1767	22.1900
4.9900	288.5533	22.1900
5.8200	282.8967	22.1900
7.7300	281.3933	22.1900
8.3500	283.3900	22.1900
7.7600	287.0900	22.1900
6.9300	290.7400	22.1900
6.2300	292.7533	22.1900
5.7200	293.9867	22.1900
6.6900	290.7667	22.1900
20.9700	283.7567	22.1900
26.8800	284.0400	22.1900
19.7300	287.8333	22.1900
13.7700	287.5133	22.1900
10.2300	287.2967	22.1900
8.1600	289.1700	22.1900
6.9300	291.6400	22.1900
6.1600	293.1500	22.1900
5.6500	293.5767	22.1900
5.3300	294.5400	22.1900
5.1000	295.5567	22.1900
4.9400	292.2633	22.1900
4.8200	292.1133	22.1900
4.7300	292.8667	22.1900
4.6700	293.5233	22.1900
4.6300	295.3733	22.1900
4.7100	296.1767	22.1900
5.5200	295.1033	22.1900
7.9300	291.5100	22.1900
8.9100	290.4900	22.1900
11.5600	288.8967	22.1900
37.6300	288.1567	22.1900
40.5300	288.9400	22.1900
28.6700	293.9000	22.1900
20.5500	295.7700	22.1900
17.1900	296.3900	22.1900
14.8900	297.3967	22.1900
13.3000	296.2200	22.1900
13.5900	294.5567	22.1900
12.4600	294.2900	22.1900
11.1100	295.1900	22.1900
37.8100	295.0233	22.1900
40.7200	295.4567	22.1900
27.2500	294.5133	22.1900
20.5400	294.7733	22.1900
15.2900	294.3567	22.1900
11.3500	294.9300	22.1900
52.2300	295.0267	22.1900
72.9300	295.4800	22.1900
39.3900	295.8667	22.1900
21.0900	297.6300	22.1900
13.3300	299.7100	22.1900
10.5800	299.5900	22.1900
11.2700	298.3467	22.1900
10.7400	297.9767	22.1900
9.0800	297.6467	22.1900
7.5300	298.3133	22.1900
6.4700	298.7767	22.1900
5.9900	300.0433	22.1900
6.8800	298.8167	22.1900
20.8600	297.4167	22.1900
30.9700	296.7333	22.1900
24.9900	298.0100	22.1900
18.6900	299.3433	22.1900
13.1500	298.7733	22.1900
9.4600	299.6167	22.1900
7.1500	300.1667	22.1900
5.8000	300.4200	22.1900
9.0400	299.2267	22.1900
25.5400	298.3500	22.1900
24.1600	297.0233	22.1900
19.5000	297.3267	22.1900
15.8900	298.3533	22.1900
12.4900	299.8500	22.1900
9.6300	301.3467	22.1900
7.7200	301.7600	22.1900
6.4900	301.8567	22.1900
5.6700	300.4567	22.1900
5.3300	298.6700	22.1900
5.0300	300.0500	22.1900
11.6400	300.3200	22.1900
29.9600	300.8033	22.1900
23.8200	299.0200	22.1900
15.4600	298.7867	22.1900
14.5800	299.5300	22.1900
18.3200	301.0400	22.1900
17.8700	301.9033	22.1900
13.4500	301.0767	22.1900
9.7100	299.7333	22.1900
7.2800	298.3233	22.1900
5.8000	298.8533	22.1900
4.7700	299.8167	22.1900
3.9800	300.0167	22.1900
3.3900	300.3333	22.1900
3.5600	299.7267	22.1900
5.5200	298.4367	22.1900
6.4200	297.9533	22.1900
5.8400	297.9800	22.1900
4.8900	299.3600	22.1900
4.0500	299.4967	22.1900
3.5600	299.8133	22.1900
4.3200	299.2200	22.1900
33.2300	298.5600	22.1900
110.5700	293.7733	22.1900
63.0300	293.7233	22.1900
36.4700	294.9367	22.1900
33.5300	295.7567	22.1900
23.0900	296.8800	22.1900
14.6900	297.5200	22.1900
9.9800	298.1167	22.1900
7.1700	299.0967	22.1900
5.3900	300.2367	22.1900
4.2700	300.8633	22.1900
3.5900	301.9100	22.1900
3.1100	303.5233	22.1900
2.7100	302.4433	22.1900
2.3800	303.0200	22.1900
2.3900	301.3467	22.1900
18.7500	300.1100	22.1900
48.5300	300.4867	22.1900
33.6500	300.1833	22.1900
25.1500	299.8667	22.1900
16.1600	299.9667	22.1900
10.5200	299.9933	22.1900
7.3200	301.0600	22.1900
5.8500	300.9333	22.1900
6.1900	300.8800	22.1900
7.1200	299.9467	22.1900
7.0200	299.3367	22.1900
5.9600	299.3967	22.1900
4.9900	300.1100	22.1900
6.6400	298.4267	22.1900
8.2500	298.1900	22.1900
7.5500	299.1033	22.1900
6.1800	300.6833	22.1900
5.4200	301.4900	22.1900
4.9800	301.6033	22.1900
6.3700	300.8367	22.1900
10.8900	299.8400	22.1900
13.9200	297.5833	22.1900
14.8200	296.3867	22.1900
12.0400	296.2067	22.1900
9.0600	297.1633	22.1900
6.9300	298.5567	22.1900
5.3600	298.0367	22.1900
4.2100	297.7567	22.1900
3.3700	297.9233	22.1900
3.1600	298.8300	22.1900
4.4900	299.1200	22.1900
6.5600	297.5167	22.1900
6.9300	296.9333	22.1900
5.9600	296.4400	22.1900
4.7700	291.4100	22.1900
3.7900	290.4267	22.1900
3.0500	291.9133	22.1900
2.5000	293.1667	22.1900
2.1000	294.7233	22.1900
1.8100	294.8300	22.1900
2.2800	296.4767	22.1900
8.4100	296.7200	22.1900
13.3400	297.5267	22.1900
11.5800	297.8233	22.1900
16.7200	294.8400	22.1900
27.0400	291.2833	22.1900
20.4500	288.9700	22.1900
13.1600	289.3467	22.1900
8.6900	288.8000	22.1900
6.0600	288.5933	22.1900
4.4300	287.4733	22.1900
3.4000	289.2500	22.1900
2.7000	292.4600	22.1900
2.2200	292.6300	22.1900
1.8700	292.7900	22.1900
1.6100	294.1867	22.1900
1.9500	285.5067	22.1900
2.7400	282.4033	22.1900
3.1000	281.3600	22.1900
3.0500	286.5600	22.1900
2.7800	290.4700	22.1900
2.4600	292.2833	22.1900
2.1400	294.8867	22.1900
1.8600	292.2733	22.1900
8.8000	289.5567	22.1900
22.0000	289.9767	22.1900
19.2400	287.2533	22.1900
13.0100	284.4100	22.1900
8.7300	284.9000	22.1900
6.1200	288.0867	22.1900
4.4800	291.7000	22.1900
3.4200	293.2000	22.1900
2.7100	293.9833	22.1900
2.2100	294.8633	22.1900
1.8600	296.0667	22.1900
1.6200	284.9933	22.1900
1.4600	278.4733	22.1900
1.3700	279.1200	22.1900
1.2900	278.8333	22.1900
1.2200	282.7167	22.1900
1.1500	285.5900	22.1900
1.0800	288.7467	22.1900
1.0200	292.3933	22.1900
0.9500	293.6333	22.1900
0.9100	289.7100	22.1900
0.8600	285.5767	22.1900
0.8100	279.8567	22.1900
0.7800	282.5100	22.1900
0.7400	285.9267	22.1900
0.7100	286.1100	22.1900
0.6800	284.2167	22.1900
0.6600	285.3300	22.1900
0.6400	280.2833	22.1900
0.6300	278.9867	22.1900
0.6100	282.8700	22.1900
0.5900	286.5133	22.1900
0.5800	286.8433	22.1900
0.5700	288.2567	22.1900
0.5600	283.9600	22.1900
0.5600	286.0033	22.1900
0.5500	288.1633	22.1900
0.5400	280.3500	22.1900
0.5400	279.6167	22.1900
0.5300	282.4833	22.1900
0.5600	287.2800	22.1900
1.5400	290.9100	22.1900
3.6100	292.8400	22.1900
4.8900	292.9700	22.1900
4.8900	292.6533	22.1900
4.2500	292.3733	22.1900
3.5100	293.0100	22.1900
2.8800	291.9833	22.1900
2.4300	289.6867	22.1900
2.0700	283.0267	22.1900
1.7700	284.7367	22.1900
1.5400	286.6400	22.1900
1.3500	288.2367	22.1900
1.2000	291.0167	22.1900
1.0800	290.4033	22.1900
0.9700	289.2300	22.1900
0.8900	278.8167	22.1900
4.1000	280.9933	22.1900
29.4300	282.8800	22.1900
29.5200	285.1667	22.1900
18.8700	288.3267	22.1900
12.1100	288.9167	22.1900
8.1700	284.2767	22.1900
5.7800	283.2033	22.1900
4.8700	286.9433	22.1900
8.6400	283.9367	22.1900
11.1800	282.7367	22.1900
9.5100	279.2333	22.1900
7.0800	277.8400	22.1900
5.2100	278.2700	22.1900
4.0000	283.8233	22.1900
4.2300	277.8200	22.1900
4.9700	277.2200	22.1900
4.9400	276.1100	22.1900
4.2900	276.3300	22.1900
3.5400	277.7133	22.1900
2.8700	275.9667	22.1900
2.3500	274.3567	22.1900
1.9400	275.0267	22.1900
1.6300	273.4267	22.1900
1.3900	273.1600	22.1900
1.2200	273.1533	22.1900
1.1500	273.3600	22.1900
1.4000	273.7833	22.1900
9.7700	274.6900	22.1900
23.7900	274.8733	22.1900
22.6300	274.9300	22.1900
15.4600	276.9567	22.1900
10.2400	280.8500	22.1900
7.0200	279.3667	22.1900
5.3000	279.6767	22.1900
5.4800	278.6533	22.1900
5.3600	280.0300	22.1900
4.7000	278.6600	22.1900
3.9100	278.9933	22.1900
3.1900	281.8633	22.1900
2.6500	277.5533	22.1900
20.9900	276.6033	22.1900
53.9300	276.4267	22.1900
37.1100	277.4233	22.1900
24.0700	278.9200	22.1900
35.6100	283.4533	22.1900
39.0400	286.3500	22.1900
29.8100	283.7800	22.1900
20.4200	281.8033	22.1900
13.1900	284.8800	22.1900
8.7500	286.0867	22.1900
6.0900	288.6867	22.1900
4.4300	290.1900	22.1900
3.3800	292.0667	22.1900
2.6500	282.9367	22.1900
2.1600	276.2900	22.1900
1.7900	278.6500	22.1900
1.5400	273.9167	22.1900
1.3300	273.4567	22.1900
1.1900	273.5267	22.1900
2.6900	275.8700	22.1900
14.9500	280.3167	22.1900
24.7000	281.1233	22.1900
19.3400	283.3300	22.1900
13.0700	279.9367	22.1900
8.9000	279.7833	22.1900
6.2900	278.9167	22.1900
4.6100	279.5200	22.1900
3.5100	282.1500	22.1900
2.7700	280.0033	22.1900
2.2500	276.0000	22.1900
1.8800	277.8833	22.1900
1.6000	282.7600	22.1900
1.4000	288.1867	22.1900
1.2600	284.6833	22.1900
1.1600	280.8367	22.1900
1.0900	277.9467	22.1900
1.0300	280.1600	22.1900
1.0000	282.7100	22.1900
0.9500	279.7467	22.1900
0.9100	273.9033	22.1900
0.8900	275.4500	22.1900
0.8500	277.2400	22.1900
3.9000	287.2700	22.1900
21.2800	287.3033	22.1900
23.7700	279.4700	22.1900
16.0200	278.4533	22.1900
10.3900	280.6967	22.1900
7.0800	284.0900	22.1900
5.0800	287.7933	22.1900
3.9000	287.0500	22.1900
3.4900	280.4533	22.1900
3.4600	283.3800	22.1900
3.7600	286.5900	22.1900
5.4000	287.7033	22.1900
6.7900	290.5733	22.1900
6.4300	292.5100	22.1900
5.3500	291.7533	22.1900
8.3400	285.7833	22.1900
17.8500	284.1033	22.1900
18.1900	283.9167	22.1900
13.8800	285.3900	22.1900
12.9600	282.7600	22.1900
12.4500	279.0800	22.1900
9.9000	280.0867	22.1900
7.3300	283.9933	22.1900
5.4300	289.7100	22.1900
7.3700	289.8400	22.1900
17.6300	287.1433	22.1900
16.5800	285.6467	22.1900
12.2000	289.2667	22.1900
8.6200	291.3667	22.1900
14.3400	290.1267	22.1900
24.0100	288.3467	22.1900
18.6200	291.2700	22.1900
12.7700	289.5067	22.1900
8.7900	285.2100	22.1900
6.2800	283.7133	22.1900
4.6700	282.3300	22.1900
3.6100	284.0233	22.1900
2.8800	290.2067	22.1900
2.6400	292.3400	22.1900
5.1500	288.6800	22.1900
6.4500	289.8900	22.1900
6.0000	291.8433	22.1900
5.0400	293.4033	22.1900
4.1200	294.9700	22.1900
3.4500	296.0667	22.1900
2.9300	297.2233	22.1900
2.5500	298.2433	22.1900
2.2900	297.7567	22.1900
2.4500	297.9400	22.1900
3.8800	297.7233	22.1900
4.8900	297.7867	22.1900
4.7100	292.8033	22.1900
4.0500	289.2000	22.1900
3.3700	291.6733	22.1900
2.9300	286.8033	22.1900
2.7500	287.9333	22.1900
2.6100	293.2067	22.1900
2.5100	294.5167	22.1900
2.4600	286.7133	22.1900
2.3800	289.4400	22.1900
2.2400	294.5200	22.1900
2.1700	295.5200	22.1900
3.3200	288.5600	22.1900
9.0300	286.5000	22.1900
15.5100	288.8767	22.1900
13.5400	292.2533	22.1900
9.7600	295.7133	22.1900
7.1700	297.8400	22.1900
6.8900	299.5600	22.1900
7.9300	297.5467	22.1900
7.7400	295.9767	22.1900
7.3400	298.3100	22.1900
7.6300	293.7500	22.1900
13.0900	289.4533	22.1900
13.5300	290.2467	22.1900
10.2300	293.3167	22.1900
7.3200	295.1567	22.1900
6.2700	290.5900	22.1900
6.7000	287.4500	22.1900
6.4400	287.6933	22.1900
5.5600	286.8833	22.1900
4.6600	288.7333	22.1900
3.8700	290.9567	22.1900
3.2000	294.7167	22.1900
2.6500	296.0233	22.1900
2.2200	296.3333	22.1900
1.8900	296.0333	22.1900
1.6300	296.7200	22.1900
1.4500	296.1600	22.1900
1.3600	298.2167	22.1900
1.3600	300.6567	22.1900
1.7800	300.8667	22.1900
3.1000	298.0467	22.1900
3.9200	299.5333	22.1900
4.0200	302.0167	22.1900
3.6200	302.1333	22.1900
3.2600	300.4733	22.1900
3.8700	296.2733	22.1900
4.3300	296.1967	22.1900
4.1500	297.8767	22.1900
3.6100	299.0700	22.1900
3.0100	300.1433	22.1900
2.5100	301.6033	22.1900
2.1200	302.0567	22.1900
2.0000	299.4500	22.1900
2.1300	296.7300	22.1900
2.2500	299.0433	22.1900
2.2100	298.9133	22.1900
2.0600	297.9067	22.1900
1.9000	298.4367	22.1900
1.8500	296.7700	22.1900
1.8300	297.2333	22.1900
1.8400	298.5867	22.1900
1.7900	301.8700	22.1900
1.7000	302.3500	22.1900
1.5600	301.8200	22.1900
5.9500	298.8067	22.1900
25.9400	300.5267	22.1900
35.4300	300.1467	22.1900
34.3200	301.4167	22.1900
22.5600	301.4667	22.1900
13.9900	302.6933	22.1900
9.2700	304.0100	22.1900
6.9800	304.5267	22.1900
5.8400	305.2433	22.1900
6.2400	304.4567	22.1900
7.5800	302.5600	22.1900
6.5200	302.0000	22.1900
5.1000	302.8433	22.1900
3.9500	304.6267	22.1900
9.6600	301.5633	22.1900
24.6900	295.7333	22.1900
19.2900	296.4933	22.1900
13.0700	296.9200	22.1900
10.3000	295.6067	22.1900
9.0000	298.4767	22.1900
7.3600	301.5767	22.1900
5.8300	303.0033	22.1900
5.8400	303.5133	22.1900
10.6500	303.3567	22.1900
13.1800	302.2133	22.1900
13.3200	301.8433	22.1900
10.7000	301.0733	22.1900
9.5000	300.4833	22.1900
13.9100	300.2233	22.1900
25.0300	299.7067	22.1900
39.9400	300.9400	22.1900
29.6700	302.3100	22.1900
19.3600	303.8833	22.1900
12.9600	304.7933	22.1900
8.8700	304.7167	22.1900
6.2600	304.9733	22.1900
4.5600	304.8400	22.1900
3.5600	303.7267	22.1900
3.2900	302.5600	22.1900
3.1900	302.7267	22.1900
2.9300	302.5667	22.1900
2.5600	295.6967	22.1900
2.1800	294.9933	22.1900
1.8300	297.1867	22.1900
1.5500	297.3067	22.1900
1.3200	298.7400	22.1900
1.1400	302.4767	22.1900
0.9900	303.1933	22.1900
0.8600	300.9733	22.1900
0.8000	299.7567	22.1900
2.3200	301.0200	22.1900
9.1400	302.8200	22.1900
13.9300	301.9433	22.1900
15.6200	302.8433	22.1900
14.8200	303.0767	22.1900
11.5800	303.3900	22.1900
8.2800	303.2533	22.1900
5.9000	304.6800	22.1900
4.3100	306.2667	22.1900
3.3500	303.2833	22.1900
8.6900	300.8533	22.1900
39.1200	298.2733	22.1900
31.6400	297.5700	22.1900
30.9200	297.1700	22.1900
25.4000	295.6600	22.1900
36.8500	294.4533	22.1900
76.3900	294.4867	22.1900
97.7000	295.3933	22.1900
53.1600	296.5933	22.1900
26.0800	298.4833	22.1900
14.6500	299.4667	22.1900
9.2400	298.0200	22.1900
6.2800	297.7167	22.1900
4.5000	298.0500	22.1900
3.3700	298.1233	22.1900
2.6000	297.3933	22.1900
2.0600	298.1267	22.1900
1.6800	293.3133	22.1900
1.4100	293.4167	22.1900
1.2000	297.1067	22.1900
2.2400	296.9367	22.1900
16.7200	297.6900	22.1900
34.5100	296.8133	22.1900
24.8400	298.5833	22.1900
15.6100	298.5767	22.1900
11.0200	298.8133	22.1900
8.1700	299.2533	22.1900
6.0800	299.7067	22.1900
4.5800	299.2133	22.1900
3.5100	296.7633	22.1900
2.7900	293.8733	22.1900
2.2500	294.1333	22.1900
2.4300	297.2100	22.1900
4.0500	298.5300	22.1900
6.2000	296.5233	22.1900
6.5300	296.0500	22.1900
5.5500	296.9467	22.1900
4.3600	297.3533	22.1900
3.4000	299.1267	22.1900
2.6700	299.5733	22.1900
2.1400	300.0600	22.1900
1.7600	295.9667	22.1900
1.4600	297.4533	22.1900
1.2300	293.2100	22.1900
1.0500	289.7367	22.1900
0.9100	291.5600	22.1900
16.7700	293.7800	22.1900
234.5300	293.4367	22.1900
113.7900	292.7200	22.1900
48.6200	292.9133	22.1900
29.5200	288.8900	22.1900
23.5000	288.0300	22.1900
39.2100	287.0500	22.1900
31.3500	286.7233	22.1900
18.8200	285.4967	22.1900
11.5800	287.7900	22.1900
8.1700	288.6800	22.1900
10.3900	286.6133	22.1900
15.3700	286.5500	22.1900
15.1300	287.0400	22.1900
11.4800	287.4267	22.1900
8.3300	288.4600	22.1900
6.4100	289.9067	22.1900
5.1900	290.0733	22.1900
13.7600	287.1200	22.1900
37.4100	284.6333	22.1900
37.8800	283.5100	22.1900
24.1300	283.1400	22.1900
14.6600	282.3200	22.1900
9.4000	280.8300	22.1900
6.4100	281.6167	22.1900
4.8700	282.4233	22.1900
7.5400	285.4867	22.1900
24.5000	285.0933	22.1900
23.9700	282.9167	22.1900
15.8400	283.6233	22.1900
10.2500	288.1067	22.1900
6.9600	291.4033	22.1900
6.1700	291.8433	22.1900
29.6500	287.8433	22.1900
41.4300	284.0167	22.1900
25.9200	282.6133	22.1900
15.3400	285.2200	22.1900
14.7800	287.3900	22.1900
40.8300	284.3300	22.1900
39.7800	281.5867	22.1900
23.4100	281.7533	22.1900
13.9400	283.7300	22.1900
8.9700	285.2967	22.1900
6.2100	281.8367	22.1900
4.5400	281.1400	22.1900
3.4900	282.8867	22.1900
2.8000	282.2033	22.1900
2.3200	280.8233	22.1900
1.9900	275.7233	22.1900
1.7300	275.3833	22.1900
1.5600	278.6733	22.1900
1.4300	276.7233	22.1900
1.3200	275.1200	22.1900
1.2500	277.0067	22.1900
1.2000	273.4800	22.1900
1.1700	273.1500	22.1900
1.2200	273.4500	22.1900
1.5300	273.6300	22.1900
2.5800	274.7833	22.1900
7.6800	276.1467	22.1900
18.1400	274.4767	22.1900
29.2700	275.4400	22.1900
49.8500	276.9367	22.1900
39.8300	278.9900	22.1900
51.7400	281.0300	22.1900
47.0500	280.3967	22.1900
26.7700	278.9400	22.1900
15.6900	278.1100	22.1900
10.1000	277.4700	22.1900
7.0600	279.3567	22.1900
5.7900	284.5267	22.1900
12.6000	281.3567	22.1900
16.0800	279.3900	22.1900
13.0500	279.9000	22.1900
9.8300	279.9967	22.1900
19.5900	278.3333	22.1900
41.5600	276.6900	22.1900
32.1900	276.0533	22.1900
19.5400	275.7333	22.1900
12.4900	276.5567	22.1900
8.6800	278.1567	22.1900
6.5600	280.2167	22.1900
5.9100	285.0233	22.1900
14.4200	285.9333	22.1900
20.1200	285.7233	22.1900
21.5400	282.9867	22.1900
18.6800	278.1133	22.1900
13.7800	278.3767	22.1900
10.0700	276.9500	22.1900
7.6700	276.6867	22.1900
6.2100	279.1333	22.1900
5.3200	281.0567	22.1900
4.7700	278.2400	22.1900
4.3900	276.0900	22.1900
4.1500	275.4833	22.1900
4.0200	275.2333	22.1900
3.9600	274.7967	22.1900
3.9600	274.2067	22.1900
3.9600	273.8733	22.1900
4.6100	273.6733	22.1900
6.0900	273.5233	22.1900
6.7600	274.0900	22.1900
6.6400	275.0567	22.1900
6.2100	274.2067	22.1900
5.7500	273.9667	22.1900
5.4300	273.5633	22.1900
5.4300	273.5600	22.1900
5.8700	273.5867	22.1900
6.1300	273.6500	22.1900
6.0100	273.8067	22.1900
5.7800	274.9300	22.1900
6.7500	276.1767	22.1900
29.1600	275.7900	22.1900
42.7900	277.0200	22.1900
28.2400	277.1300	22.1900
18.1100	278.8567	22.1900
12.7500	282.9467	22.1900
12.4100	279.6067	22.1900
13.7700	277.1333	22.1900
15.5500	276.9200	22.1900
35.5900	275.9567	22.1900
34.2400	275.1733	22.1900
22.6900	275.7900	22.1900
19.1700	275.9300	22.1900
17.2600	276.9233	22.1900
13.9500	276.3100	22.1900
11.1900	276.5933	22.1900
9.7900	278.9000	22.1900
10.8400	276.8867	22.1900
16.4000	274.7567	22.1900
21.4000	274.1400	22.1900
27.2900	275.3567	22.1900
33.6800	278.0600	22.1900
24.9400	279.9900	22.1900
18.3700	284.2367	22.1900
40.8700	288.8267	22.1900
50.7400	283.8600	22.1900
32.3200	282.6533	22.1900
20.8400	278.7967	22.1900
16.6000	276.4600	22.1900
41.6400	274.9733	22.1900
58.0500	275.5400	22.1900
52.5500	280.1700	22.1900
50.4800	283.7500	22.1900
36.0600	281.5567	22.1900
25.0100	283.2267	22.1900
25.8000	286.8233	22.1900
52.1400	286.3133	22.1900
45.5300	280.7200	22.1900
32.9400	282.3033	22.1900
27.2900	284.0400	22.1900
25.6400	281.1833	22.1900
25.6500	279.5633	22.1900
26.0400	283.5033	22.1900
29.9000	286.4433	22.1900
39.5000	282.3267	22.1900
40.6300	283.0667	22.1900
74.6000	287.7033	22.1900
67.8700	289.6433	22.1900
47.9600	288.9200	22.1900
53.4300	287.4233	22.1900
209.1500	290.1867	22.1900
122.5200	290.9667	22.1900
66.8200	289.3000	22.1900
50.5000	288.1833	22.1900
45.8600	287.8000	22.1900
45.1800	288.2967	22.1900
45.6800	289.6267	22.1900
47.0400	288.5633	22.1900
48.5200	290.2100	22.1900
58.6600	290.5067	22.1900
126.5700	280.6833	22.1900
101.5100	277.7300	22.1900
69.7600	281.0000	22.1900
57.6300	286.4967	22.1900
53.3900	289.5067	22.1900
51.7700	291.2100	22.1900
54.1200	290.8367	22.1900
64.1700	286.8300	22.1900
161.4800	282.1767	22.1900
151.5100	281.2000	22.1900
202.3900	280.1467	22.1900
238.1600	279.9000	22.1900
158.8200	282.3167	22.1900
105.8000	285.9500	22.1900
97.5500	286.6267	22.1900
100.1600	288.3333	22.1900
102.1800	290.9867	22.1900
102.3100	292.1333	22.1900
101.2000	290.7267	22.1900
103.3400	288.7967	22.1900
108.0400	287.0967	22.1900
101.3200	287.8333	22.1900
95.2100	290.6467	22.1900
91.0600	289.4500	22.1900
86.5300	286.3333	22.1900
82.6200	286.2567	22.1900
86.0700	288.2600	22.1900
109.7200	290.4500	22.1900
107.9400	291.1600	22.1900
85.6200	292.7600	22.1900
73.9000	294.9667	22.1900
70.1000	295.8233	22.1900
74.2100	295.8267	22.1900
69.4000	295.9467	22.1900
66.1000	292.9100	22.1900
64.8200	288.5267	22.1900
65.3400	289.5933	22.1900
74.7700	294.0833	22.1900
66.1900	296.0700	22.1900
55.6100	297.5600	22.1900
50.4900	299.2367	22.1900
53.6400	300.0600	22.1900
54.5000	298.5067	22.1900
46.9900	293.7733	22.1900
40.9000	290.9900	22.1900
37.2100	291.0800	22.1900
56.5200	291.8433	22.1900
80.5300	293.1533	22.1900
57.4700	290.6633	22.1900
70.8300	287.0033	22.1900
95.7100	286.4400	22.1900
60.7100	289.9200	22.1900
52.7800	291.8433	22.1900
135.3400	291.7900	22.1900
114.7700	290.6467	22.1900
66.2700	291.3367	22.1900
66.4000	293.4000	22.1900
89.5800	294.4700	22.1900
61.3800	291.7633	22.1900
41.3300	292.1633	22.1900
33.3100	292.7733	22.1900
31.3300	293.5200	22.1900
36.1900	292.8700	22.1900
42.4800	291.4233	22.1900
36.2400	292.0200	22.1900
34.3200	294.4033	22.1900
49.3000	295.8433	22.1900
54.9400	295.3600	22.1900
43.2400	295.6933	22.1900
96.4500	296.6867	22.1900
105.7800	297.1933	22.1900
72.5300	297.7067	22.1900
47.6200	298.6400	22.1900
34.5300	300.4500	22.1900
37.7200	300.3767	22.1900
47.0700	300.2133	22.1900
39.0700	300.7233	22.1900
42.6400	299.8467	22.1900
72.7400	296.6200	22.1900
68.4600	294.9367	22.1900
51.7300	296.7133	22.1900
50.4000	297.6767	22.1900
48.8000	296.0400	22.1900
40.4200	294.4067	22.1900
32.4100	294.9000	22.1900
27.9600	296.9300	22.1900
25.6500	298.4367	22.1900
24.3400	299.4567	22.1900
23.4700	300.4867	22.1900
25.0000	300.7500	22.1900
29.6600	300.1367	22.1900
28.6700	300.5233	22.1900
38.7100	300.1067	22.1900
61.8100	298.5433	22.1900
141.3800	293.7167	22.1900
106.8600	294.7267	22.1900
56.2400	298.6033	22.1900
34.1500	301.0500	22.1900
26.0100	301.1000	22.1900
24.5900	301.4933	22.1900
23.0900	302.2567	22.1900
22.8900	301.3000	22.1900
25.6700	301.4967	22.1900
26.6800	301.3667	22.1900
29.6800	300.8067	22.1900
48.3000	299.1133	22.1900
76.6400	298.3300	22.1900
50.9500	299.1433	22.1900
34.2500	300.7067	22.1900
31.6700	300.9967	22.1900
27.0700	301.3867	22.1900
25.7100	301.4000	22.1900
22.1500	301.8567	22.1900
18.7500	301.6533	22.1900
27.6200	299.8333	22.1900
62.5500	298.2733	22.1900
49.8400	298.7933	22.1900
31.0700	299.0067	22.1900
21.5300	299.2067	22.1900
16.9200	300.0233	22.1900
14.5300	300.9000	22.1900
19.9300	299.2800	22.1900
34.9300	298.7267	22.1900
31.3400	299.0967	22.1900
35.8800	299.5767	22.1900
45.5200	299.4200	22.1900
35.7600	299.5167	22.1900
38.1500	299.3067	22.1900
49.7200	299.4700	22.1900
45.8300	299.6333	22.1900
45.0300	299.6700	22.1900
58.1500	298.9167	22.1900
72.6400	298.5333	22.1900
79.5200	297.9433	22.1900
56.7400	298.4000	22.1900
35.0600	299.3500	22.1900
25.9400	299.5800	22.1900
23.1800	300.0700	22.1900
20.3500	300.8900	22.1900
21.2600	300.9100	22.1900
21.3100	300.9700	22.1900
21.7000	300.2667	22.1900
18.6200	299.9700	22.1900
14.9100	300.5100	22.1900
12.4100	301.0967	22.1900
14.3700	300.2333	22.1900
15.3500	300.4300	22.1900
17.0600	298.2200	22.1900
18.1600	299.0967	22.1900
15.2500	300.5733	22.1900
12.4700	302.2000	22.1900
11.1300	302.0667	22.1900
10.7100	302.2900	22.1900
10.5000	301.8433	22.1900
35.8700	300.1600	22.1900
52.6400	300.1567	22.1900
33.1900	300.5300	22.1900
23.6400	299.3400	22.1900
50.7400	298.1700	22.1900
63.9700	295.7433	22.1900
37.7500	294.8333	22.1900
21.9700	293.9867	22.1900
17.9000	293.9833	22.1900
16.1600	295.0133	22.1900
13.3300	292.9967	22.1900
10.9500	293.1867	22.1900
9.3200	293.1767	22.1900
8.6600	294.5633	22.1900
8.6400	296.4167	22.1900
8.7900	296.6100	22.1900
9.5400	293.8767	22.1900
10.2700	293.2600	22.1900
74.8900	293.4933	22.1900
81.4100	295.0467	22.1900
43.0600	296.4433	22.1900
23.3100	296.6533	22.1900
34.9600	296.3700	22.1900
108.2600	295.2967	22.1900
63.9100	294.5900	22.1900
31.9000	294.9300	22.1900
18.6300	295.1433	22.1900
12.9600	296.0433	22.1900
10.3900	292.7167	22.1900
9.0300	288.9733	22.1900
8.1500	288.2533	22.1900
7.5600	287.8733	22.1900
7.1600	284.6900	22.1900
6.8800	285.6133	22.1900
6.7000	288.9100	22.1900
6.5800	289.7700	22.1900
6.5100	290.3233	22.1900
6.4600	291.5633	22.1900
8.0200	292.5033	22.1900
13.8500	292.8833	22.1900
19.4000	292.4300	22.1900
23.1800	292.5067	22.1900
20.4600	293.3133	22.1900
15.5400	292.5033	22.1900
14.3300	290.0567	22.1900
21.0400	288.3300	22.1900
20.1700	286.7567	22.1900
15.6000	287.7900	22.1900
12.4600	287.1000	22.1900
10.3200	288.0600	22.1900
8.8600	288.8500	22.1900
7.9100	289.9633	22.1900
7.2800	285.6867	22.1900
6.8600	284.9000	22.1900
6.5700	284.8167	22.1900
6.3700	288.6600	22.1900
6.9700	291.4800	22.1900
10.8000	290.9067	22.1900
25.4600	288.9233	22.1900
60.3900	287.9933	22.1900
41.8500	288.2533	22.1900
24.3700	289.5533	22.1900
15.8900	291.9867	22.1900
11.6400	292.5300	22.1900
9.3400	293.5267	22.1900
8.0300	295.1800	22.1900
7.3100	295.9767	22.1900
8.0300	294.8400	22.1900
15.0200	291.2033	22.1900
17.9700	285.7467	22.1900
15.0400	282.0200	22.1900
12.0600	283.2233	22.1900
9.8800	286.7700	22.1900
8.4400	288.5100	22.1900
7.4800	281.9333	22.1900
6.8500	280.0733	22.1900
6.5100	281.9133	22.1900
6.4000	286.1467	22.1900
6.4900	289.0567	22.1900
6.7300	291.5933	22.1900
28.9300	289.0233	22.1900
44.0000	285.2267	22.1900
28.7800	285.8833	22.1900
18.4300	286.8733	22.1900
13.0200	287.0867	22.1900
10.1400	285.0567	22.1900
8.7500	281.1600	22.1900
8.1000	283.5900	22.1900
7.6100	287.6000	22.1900
9.3000	283.2767	22.1900
16.2700	278.2300	22.1900
16.8000	278.6733	22.1900
13.4900	277.9700	22.1900
10.6900	276.4367	22.1900
8.8800	275.6133	22.1900
11.8600	277.5967	22.1900
26.2600	278.4733	22.1900
24.4600	276.8900	22.1900
17.6200	275.5300	22.1900
12.9600	276.0533	22.1900
10.2600	278.2800	22.1900
30.0700	283.9767	22.1900
61.0300	281.1000	22.1900
38.6500	278.9233	22.1900
27.3400	277.6867	22.1900
51.7200	276.9333	22.1900
45.1800	276.7100	22.1900
28.4100	279.2867	22.1900
25.6500	278.5633	22.1900
24.3000	277.0167	22.1900
18.8000	275.3933	22.1900
14.3800	274.8300	22.1900
11.7000	275.3267	22.1900
10.2200	276.7400	22.1900
9.6700	282.0300	22.1900
12.3000	281.5367	22.1900
14.1800	277.6633	22.1900
13.4500	276.5400	22.1900
12.1600	277.0700	22.1900
11.1900	278.1700	22.1900
10.6200	281.5800	22.1900
10.5400	279.4567	22.1900
10.7600	278.6100	22.1900
10.8300	279.9167	22.1900
10.7600	281.5167	22.1900
10.6500	286.2467	22.1900
10.5700	288.5333	22.1900
12.1500	286.6500	22.1900
17.0700	280.0600	22.1900
17.5900	276.3833	22.1900
15.6100	275.1200	22.1900
15.4200	274.0800	22.1900
16.7500	273.6967	22.1900
16.7300	274.1433	22.1900
15.9500	275.5733	22.1900
14.5700	276.0700	22.1900
13.3800	276.5633	22.1900
12.5800	275.7300	22.1900
12.0300	275.1900	22.1900
12.3200	276.7300	22.1900
19.8600	279.7933	22.1900
23.2300	277.0767	22.1900
19.7900	275.2000	22.1900
16.4300	275.0300	22.1900
14.3100	274.8867	22.1900
13.0700	274.8133	22.1900
12.3600	275.3033	22.1900
12.0500	274.1467	22.1900
12.2900	274.0600	22.1900
18.0000	274.0433	22.1900
26.0400	273.7467	22.1900
27.7200	274.8633	22.1900
25.5800	275.3200	22.1900
21.0300	274.4933	22.1900
17.3000	274.1600	22.1900
16.2200	275.5300	22.1900
33.4400	277.2267	22.1900
35.7100	276.5000	22.1900
25.7600	278.1433	22.1900
33.6200	284.3233	22.1900
52.0200	281.3233	22.1900
36.4100	278.0333	22.1900
24.5100	278.0867	22.1900
18.7600	280.1033	22.1900
16.2200	279.0100	22.1900
23.7800	278.4000	22.1900
27.0700	278.7633	22.1900
22.9800	279.7000	22.1900
22.7500	277.4533	22.1900
30.2000	274.9400	22.1900
30.5200	274.1933	22.1900
26.3700	275.1233	22.1900
21.3700	278.1000	22.1900
18.1400	282.0167	22.1900
16.3400	282.2700	22.1900
15.4300	280.6300	22.1900
14.9500	280.7867	22.1900
14.7700	280.6267	22.1900
14.6100	278.6700	22.1900
15.2500	277.5367	22.1900
22.4900	276.1133	22.1900
26.1700	278.1567	22.1900
23.2000	283.1433	22.1900
20.8100	286.3100	22.1900
21.2200	288.9433	22.1900
20.3100	291.1000	22.1900
18.4400	293.0467	22.1900
18.5300	291.1033	22.1900
20.7700	288.0933	22.1900
21.1000	283.6100	22.1900
19.5900	281.3067	22.1900
18.7700	279.5233	22.1900
17.7700	280.5867	22.1900
16.6200	280.8833	22.1900
15.6900	279.6233	22.1900
15.5400	281.8833	22.1900
27.2900	284.9567	22.1900
49.1000	286.2367	22.1900
46.0400	283.8200	22.1900
34.5900	283.1333	22.1900
27.8400	282.8767	22.1900
22.2400	284.6500	22.1900
18.5300	283.0133	22.1900
16.3200	279.4200	22.1900
15.0500	278.8233	22.1900
14.3100	282.1500	22.1900
13.8700	286.5500	22.1900
13.5600	288.9967	22.1900
13.3600	290.4700	22.1900
13.2200	287.4167	22.1900
13.0600	285.3500	22.1900
13.2600	285.5200	22.1900
22.5500	285.2567	22.1900
53.9700	283.3333	22.1900
42.7600	282.2667	22.1900
27.6000	283.1000	22.1900
19.9700	282.5033	22.1900
16.1700	280.1867	22.1900
14.2000	282.8067	22.1900
13.1200	286.4900	22.1900
12.5200	288.4467	22.1900
12.1000	288.0233	22.1900
11.9100	289.6167	22.1900
13.3700	288.4867	22.1900
37.9300	288.1233	22.1900
56.1100	288.9367	22.1900
45.8400	285.4667	22.1900
32.3800	285.3733	22.1900
22.5600	286.9600	22.1900
17.1000	289.9867	22.1900
14.1800	292.4233	22.1900
12.5400	293.5467	22.1900
11.6000	294.8833	22.1900
11.0100	294.7900	22.1900
10.6200	295.2000	22.1900
10.3400	296.2867	22.1900
10.2300	295.5867	22.1900
10.1800	295.5967	22.1900
12.3900	292.1633	22.1900
19.7600	289.0833	22.1900
19.6400	287.5200	22.1900
16.2700	289.9300	22.1900
14.0200	292.1567	22.1900
18.8500	292.1767	22.1900
63.8200	292.9967	22.1900
89.0900	288.1733	22.1900
51.2600	286.5433	22.1900
28.2600	289.3267	22.1900
18.3500	293.0067	22.1900
13.7000	295.2767	22.1900
11.2400	294.9733	22.1900
9.8300	296.2367	22.1900
8.9800	296.4967	22.1900
8.4200	297.0767	22.1900
9.2900	296.8200	22.1900
10.5400	298.1967	22.1900
9.9100	297.9000	22.1900
9.0400	297.7500	22.1900
10.8700	296.8233	22.1900
15.5100	297.2400	22.1900
15.6800	297.7533	22.1900
16.0600	296.9767	22.1900
16.9100	298.3300	22.1900
14.3500	299.8600	22.1900
11.9700	300.4167	22.1900
11.5100	300.1167	22.1900
12.0500	300.4100	22.1900
11.1300	300.6800	22.1900
11.2100	300.1367	22.1900
15.4600	300.3500	22.1900
15.1800	298.0500	22.1900
12.5800	296.7167	22.1900
16.5200	298.0933	22.1900
19.7400	299.3300	22.1900
15.7900	297.6000	22.1900
11.8500	297.3167	22.1900
9.4000	297.1633	22.1900
28.5100	295.0767	22.1900
39.1800	294.5567	22.1900
25.8900	295.6367	22.1900
16.6000	297.3567	22.1900
12.0800	298.5300	22.1900
12.4700	299.1767	22.1900
12.9500	300.2433	22.1900
12.9800	299.0300	22.1900
14.5300	295.3633	22.1900
13.6500	296.1000	22.1900
11.2600	297.8467	22.1900
13.1100	298.0133	22.1900
25.2300	299.5033	22.1900
25.9700	301.3033	22.1900
18.3200	301.4867	22.1900
13.3100	300.1433	22.1900
10.6400	297.9167	22.1900
8.7900	297.8333	22.1900
7.2000	299.9200	22.1900
8.5200	299.1567	22.1900
17.2900	299.5233	22.1900
18.7600	299.1467	22.1900
28.6900	298.6033	22.1900
29.6200	297.3767	22.1900
24.2000	296.9967	22.1900
23.9600	298.6700	22.1900
19.2000	297.6867	22.1900
14.4500	299.0133	22.1900
11.7600	299.7133	22.1900
13.6300	300.6367	22.1900
15.3700	301.7267	22.1900
14.1200	301.6733	22.1900
11.4500	302.1833	22.1900
9.0900	301.7033	22.1900
7.9900	301.9233	22.1900
9.4700	302.5900	22.1900
11.4500	302.7067	22.1900
13.3800	302.6500	22.1900
18.0700	301.6633	22.1900
23.7700	302.2867	22.1900
19.0400	301.8067	22.1900
13.4200	299.2600	22.1900
9.4000	299.4000	22.1900
9.9100	299.4033	22.1900
26.0000	299.5033	22.1900
25.9300	299.8767	22.1900
22.3100	300.4600	22.1900
16.7800	300.7333	22.1900
18.9100	300.1933	22.1900
30.4400	301.0833	22.1900
25.5300	299.2667	22.1900
18.8900	296.3733	22.1900
13.7400	298.7200	22.1900
16.4100	299.5400	22.1900
33.6200	299.7033	22.1900
59.1400	299.0800	22.1900
66.9800	299.3900	22.1900
41.2600	299.9033	22.1900
27.6000	300.3367	22.1900
29.0400	299.6967	22.1900
35.6000	300.3067	22.1900
24.7600	301.1567	22.1900
17.7300	297.7300	22.1900
19.3500	293.7867	22.1900
15.8700	294.5200	22.1900
11.1900	295.8367	22.1900
7.8300	297.3567	22.1900
5.6600	298.0233	22.1900
4.3200	298.7967	22.1900
9.8500	297.7233	22.1900
38.6100	296.6333	22.1900
93.1500	293.4367	22.1900
83.6100	293.4333	22.1900
46.5100	295.1833	22.1900
24.8500	296.6800	22.1900
17.1600	298.0967	22.1900
12.8100	300.4467	22.1900
9.2700	300.8067	22.1900
11.2000	298.5333	22.1900
23.4700	297.1167	22.1900
20.8600	297.5367	22.1900
14.1500	297.5533	22.1900
9.5200	297.5433	22.1900
6.7000	298.7067	22.1900
4.9600	299.5567	22.1900
3.8400	299.5900	22.1900
6.4400	298.1767	22.1900
84.9200	297.3967	22.1900
70.7300	298.7067	22.1900
36.4600	298.6933	22.1900
19.6100	297.0000	22.1900
11.9600	297.7033	22.1900
8.0100	298.0433	22.1900
5.7400	297.6833	22.1900
5.7100	297.0200	22.1900
14.1800	297.3100	22.1900
41.9900	297.4067	22.1900
40.5700	297.0867	22.1900
23.9900	296.5133	22.1900
14.4200	296.2300	22.1900
9.4300	296.1733	22.1900
6.6600	295.9100	22.1900
6.2200	294.0900	22.1900
9.6000	294.3367	22.1900
10.0200	297.1767	22.1900
26.4000	295.0300	22.1900
50.4100	292.3700	22.1900
34.7900	290.7633	22.1900
20.2500	289.2600	22.1900
12.5700	291.5900	22.1900
8.4700	293.8800	22.1900
6.1300	294.4133	22.1900
4.7200	294.2567	22.1900
3.8000	294.1100	22.1900
3.2000	295.0000	22.1900
3.0900	295.6533	22.1900
11.2300	294.5233	22.1900
21.9500	294.9367	22.1900
17.6500	295.0300	22.1900
12.0500	295.7433	22.1900
10.0200	295.9167	22.1900
12.8300	294.8633	22.1900
15.9300	293.8933	22.1900
13.5700	291.1967	22.1900
10.0300	290.1867	22.1900
7.4100	289.9133	22.1900
5.6700	291.0833	22.1900
4.5300	293.0000	22.1900
3.7600	289.7233	22.1900
3.2400	288.5733	22.1900
3.2800	291.2167	22.1900
21.6600	292.5167	22.1900
31.5900	291.6133	22.1900
23.7400	289.9967	22.1900
16.5500	286.6233	22.1900
11.4100	286.9533	22.1900
8.1600	291.0267	22.1900
10.2900	292.6033	22.1900
17.7100	291.7467	22.1900
15.7100	289.7800	22.1900
11.5200	288.0233	22.1900
8.3800	287.3733	22.1900
6.7600	288.2567	22.1900
6.0000	290.4133	22.1900
5.2900	289.4400	22.1900
4.6100	288.9033	22.1900
4.0200	288.7500	22.1900
3.5500	291.1800	22.1900
3.1900	294.5067	22.1900
2.9200	293.3267	22.1900
2.7200	293.8033	22.1900
2.5600	294.8633	22.1900
2.8200	289.2533	22.1900
12.2300	291.2767	22.1900
20.9600	286.8633	22.1900
16.9900	284.7000	22.1900
11.8300	285.5200	22.1900
8.3800	283.0967	22.1900
6.2500	280.4933	22.1900
4.9100	281.3567	22.1900
4.0800	285.6033	22.1900
27.3100	285.8533	22.1900
59.4400	281.8567	22.1900
35.7200	279.9833	22.1900
19.6700	280.4733	22.1900
12.2000	281.2800	22.1900
8.3600	282.9533	22.1900
6.2400	284.7733	22.1900
5.0200	286.0533	22.1900
4.2700	287.3633	22.1900
3.7600	287.7100	22.1900
3.5900	287.9233	22.1900
16.9800	288.9000	22.1900
32.9000	290.7400	22.1900
28.8000	285.1667	22.1900
19.9500	280.8933	22.1900
18.2100	283.7767	22.1900
35.5300	283.2600	22.1900
28.8400	282.2500	22.1900
18.2500	284.6167	22.1900
12.6800	281.2367	22.1900
10.0700	279.7433	22.1900
8.2000	279.2667	22.1900
6.7600	279.5567	22.1900
5.6800	281.1767	22.1900
5.1300	284.6533	22.1900
6.0200	288.5867	22.1900
6.9800	286.3100	22.1900
10.1000	288.9733	22.1900
49.8500	290.3267	22.1900
45.9100	285.8733	22.1900
26.0100	282.8067	22.1900
15.7700	279.2467	22.1900
10.7000	276.6933	22.1900
7.9800	275.8000	22.1900
6.4700	275.8167	22.1900
5.5800	277.0600	22.1900
5.0600	277.6967	22.1900
4.7800	276.1600	22.1900
4.6700	274.9300	22.1900
4.6400	275.8900	22.1900
4.6700	281.0600	22.1900
7.3100	279.4400	22.1900
12.8000	276.0633	22.1900
13.1500	275.0200	22.1900
11.1600	274.5200	22.1900
9.2800	274.0200	22.1900
7.7900	274.3833	22.1900
6.8200	276.4300	22.1900
6.2400	280.1867	22.1900
5.8800	283.1633	22.1900
5.6300	285.2800	22.1900
5.5000	285.8400	22.1900
5.4000	287.6200	22.1900
5.3600	288.8100	22.1900
5.3300	288.8000	22.1900
5.3400	288.2400	22.1900
5.3900	286.9767	22.1900
5.6100	284.9000	22.1900
5.9200	282.9867	22.1900
6.1200	283.4633	22.1900
6.1600	284.9500	22.1900
6.0900	287.7700	22.1900
14.9700	289.5067	22.1900
109.3600	281.5433	22.1900
72.6000	277.6733	22.1900
35.9600	275.8500	22.1900
20.2000	274.3533	22.1900
13.7300	273.8967	22.1900
10.6400	274.0667	22.1900
10.1500	274.5433	22.1900
12.7600	273.7767	22.1900
14.6300	274.2333	22.1900
13.9000	273.6733	22.1900
12.0900	274.3333	22.1900
10.5500	275.0533	22.1900
9.7400	275.6567	22.1900
9.2700	274.4100	22.1900
8.8800	274.1667	22.1900
9.3000	274.4767	22.1900
18.4300	274.3833	22.1900
26.8900	274.4500	22.1900
25.4600	274.8467	22.1900
19.3500	274.8133	22.1900
23.3500	274.5000	22.1900
28.7900	275.4567	22.1900
23.7300	277.0700	22.1900
18.1100	278.2500	22.1900
14.3700	280.6767	22.1900
12.2000	283.2467	22.1900
11.0800	284.4967	22.1900
11.0500	279.5600	22.1900
11.3500	277.9633	22.1900
11.2500	278.8300	22.1900
11.0300	281.8467	22.1900
12.9300	284.5800	22.1900
16.7100	286.3667	22.1900
16.6800	285.1233	22.1900
14.7100	280.0633	22.1900
12.9600	278.0067	22.1900
11.8600	278.6067	22.1900
11.4900	280.8567	22.1900
12.6600	283.6033	22.1900
13.4400	283.7133	22.1900
13.6800	281.1933	22.1900
27.3800	277.9133	22.1900
30.5400	277.0700	22.1900
23.4500	278.1967	22.1900
21.7700	277.5567	22.1900
52.9900	276.2467	22.1900
47.2200	275.4567	22.1900
30.1600	275.3233	22.1900
20.8400	275.4133	22.1900
16.2800	277.7067	22.1900
14.2600	278.6967	22.1900
13.7300	280.9367	22.1900
14.7400	283.4633	22.1900
41.6700	278.1233	22.1900
42.3100	276.8833	22.1900
28.6500	277.6733	22.1900
22.2100	279.7233	22.1900
21.8900	281.1333	22.1900
20.0200	282.1700	22.1900
19.6600	280.3867	22.1900
18.2100	280.6833	22.1900
29.5200	278.5300	22.1900
54.8000	276.8467	22.1900
43.2200	278.8200	22.1900
28.5300	282.0133	22.1900
20.8400	283.0467	22.1900
17.0600	282.4833	22.1900
16.2900	285.2167	22.1900
29.9600	289.0500	22.1900
35.5400	288.0433	22.1900
28.3100	287.7100	22.1900
21.7500	288.1233	22.1900
20.6500	288.3433	22.1900
66.8500	287.8067	22.1900
66.4300	287.8767	22.1900
40.5200	289.0133	22.1900
26.5100	290.1833	22.1900
21.4800	290.2900	22.1900
28.6100	287.0900	22.1900
31.4600	284.6733	22.1900
25.8800	286.6200	22.1900
21.5700	289.2200	22.1900
19.2100	291.1167	22.1900
19.8000	292.4233	22.1900
40.6000	290.6767	22.1900
52.3100	287.0800	22.1900
37.4200	287.2100	22.1900
27.0900	288.8067	22.1900
25.0000	287.8700	22.1900
34.8300	284.2300	22.1900
33.2500	283.6533	22.1900
26.9600	282.3633	22.1900
22.4300	281.7500	22.1900
19.9100	283.8467	22.1900
18.5600	287.8633	22.1900
17.7900	291.4633	22.1900
17.3300	293.4600	22.1900
16.9900	293.7800	22.1900
16.9000	293.8600	22.1900
18.8400	290.6567	22.1900
20.4500	285.7033	22.1900
19.5000	285.3367	22.1900
18.0000	287.2000	22.1900
16.8400	287.8833	22.1900
16.0200	287.9300	22.1900
18.0300	289.2167	22.1900
26.1900	292.1800	22.1900
39.8000	289.7800	22.1900
34.4600	288.3433	22.1900
25.0100	287.8100	22.1900
19.4700	287.6900	22.1900
19.5800	285.9033	22.1900
37.0100	284.2400	22.1900
32.9700	287.2500	22.1900
24.2900	289.4933	22.1900
18.7800	291.0833	22.1900
15.6600	292.5633	22.1900
13.8400	295.2667	22.1900
17.7400	294.3633	22.1900
23.9900	291.6967	22.1900
20.6700	294.4633	22.1900
17.7300	295.4533	22.1900
17.6500	294.6633	22.1900
16.0800	293.0400	22.1900
14.1000	292.9000	22.1900
16.3900	294.0900	22.1900
27.0500	293.1933	22.1900
35.3300	291.4767	22.1900
27.8000	293.3367	22.1900
19.6100	293.3300	22.1900
16.2300	290.0333	22.1900
16.3800	290.5167	22.1900
14.5000	292.4500	22.1900
12.2200	294.7167	22.1900
10.5200	294.3267	22.1900
9.3500	294.7833	22.1900
8.5400	294.4100	22.1900
7.9700	293.7867	22.1900
8.8600	291.8867	22.1900
19.3400	291.6167	22.1900
31.1600	293.4933	22.1900
29.1900	296.9600	22.1900
20.3500	298.7033	22.1900
14.4500	299.9933	22.1900
18.9800	300.0267	22.1900
28.9200	300.2700	22.1900
27.6000	299.7133	22.1900
28.3700	299.5433	22.1900
23.0400	298.9733	22.1900
16.5000	299.0267	22.1900
12.1500	300.2400	22.1900
9.6700	301.9867	22.1900
8.2800	301.5167	22.1900
7.2700	298.7167	22.1900
6.4700	297.5167	22.1900
5.8400	298.0533	22.1900
5.4100	296.3833	22.1900
5.1700	295.4333	22.1900
4.9900	297.2633	22.1900
4.9600	299.1433	22.1900
5.5800	299.0033	22.1900
5.9400	299.2567	22.1900
5.7700	299.6067	22.1900
5.4300	299.9733	22.1900
5.2800	301.0033	22.1900
7.1500	299.8633	22.1900
10.3700	300.3867	22.1900
10.2800	301.5533	22.1900
8.7300	302.5467	22.1900
7.3400	302.1233	22.1900
6.5200	301.0300	22.1900
7.3800	301.2467	22.1900
11.7700	301.6333	22.1900
13.5500	302.0967	22.1900
22.8600	299.3200	22.1900
57.2300	298.5633	22.1900
38.7600	300.3900	22.1900
21.5600	300.4333	22.1900
13.2700	301.4100	22.1900
9.1100	302.2233	22.1900
7.0000	302.3467	22.1900
7.1600	301.9767	22.1900
8.9700	302.3200	22.1900
9.1100	302.9633	22.1900
7.7000	303.4267	22.1900
6.2300	304.0467	22.1900
9.6500	302.9100	22.1900
23.0100	303.6733	22.1900
20.7800	304.1533	22.1900
17.6800	303.4700	22.1900
22.0500	303.1167	22.1900
18.0300	302.6200	22.1900
12.6100	304.0267	22.1900
8.8100	305.6667	22.1900
6.4100	306.0200	22.1900
9.6600	303.7267	22.1900
36.9500	301.4500	22.1900
40.2000	300.7900	22.1900
34.0100	299.7300	22.1900
26.3800	300.1300	22.1900
17.0600	301.2600	22.1900
11.0900	302.7867	22.1900
7.6600	302.9800	22.1900
6.1000	302.7667	22.1900
5.9000	301.4900	22.1900
6.0100	300.7467	22.1900
7.1100	299.9733	22.1900
50.4400	298.3867	22.1900
50.8300	300.0533	22.1900
29.2100	301.7433	22.1900
16.9600	302.4267	22.1900
11.0600	302.8300	22.1900
9.4300	303.2900	22.1900
9.0500	304.2100	22.1900
9.9100	303.1833	22.1900
19.9800	301.5067	22.1900
19.3800	299.9200	22.1900
13.6900	301.6333	22.1900
10.1200	303.3467	22.1900
9.2200	302.6667	22.1900
8.4500	301.9767	22.1900
10.5700	300.4067	22.1900
11.5200	299.7700	22.1900
9.5500	298.7400	22.1900
7.2000	298.9133	22.1900
5.3800	299.8767	22.1900
4.1200	300.3900	22.1900
3.2500	301.3600	22.1900
2.6500	301.3633	22.1900
2.3100	297.7133	22.1900
2.0800	299.6700	22.1900
1.9000	298.7667	22.1900
1.7300	297.1400	22.1900
1.5800	295.1067	22.1900
1.4300	295.1667	22.1900
1.3100	294.9433	22.1900
1.2000	296.4533	22.1900
1.1200	297.6667	22.1900
1.0500	296.5133	22.1900
0.9800	295.2400	22.1900
0.9200	294.9533	22.1900
0.8900	295.7500	22.1900
0.9700	299.0700	22.1900
1.6800	299.3300	22.1900
2.8900	299.8467	22.1900
3.5900	302.0333	22.1900
3.7900	301.8100	22.1900
3.8800	301.9967	22.1900
3.5600	301.5100	22.1900
5.1800	300.1233	22.1900
11.4200	301.0667	22.1900
12.4400	299.6667	22.1900
10.0400	300.2967	22.1900
7.4200	298.8833	22.1900
5.4700	298.9767	22.1900
4.2000	298.7033	22.1900
3.4900	295.7733	22.1900
3.0400	294.9133	22.1900
2.6800	292.2900	22.1900
2.3500	292.4967	22.1900
2.0600	295.2167	22.1900
1.8000	294.6933	22.1900
1.5900	296.6467	22.1900
1.4100	296.4433	22.1900
1.3000	297.4733	22.1900
2.4400	296.2200	22.1900
30.0800	296.3900	22.1900
71.1200	295.1967	22.1900
47.0200	293.0533	22.1900
26.2500	292.0967	22.1900
17.1200	291.4400	22.1900
12.1400	290.9567	22.1900
8.7800	291.6267	22.1900
6.4100	292.6367	22.1900
4.8000	290.9100	22.1900
3.6900	287.5833	22.1900
2.9100	288.6467	22.1900
2.3600	292.7767	22.1900
1.9600	294.1533	22.1900
1.6600	293.1600	22.1900
1.4600	292.5933	22.1900
1.4900	287.1467	22.1900
1.6600	284.7467	22.1900
1.8700	283.0000	22.1900
2.0400	282.5867	22.1900
2.1000	284.2467	22.1900
2.0100	282.5933	22.1900
1.8800	281.3567	22.1900
1.7100	281.5267	22.1900
1.5400	284.7233	22.1900
1.3900	286.3833	22.1900
1.2400	288.1133	22.1900
1.1200	285.2800	22.1900
1.0200	286.1267	22.1900
0.9300	288.8667	22.1900
0.8600	290.9133	22.1900
0.8100	291.0333	22.1900
0.7600	289.3167	22.1900
0.7100	292.1800	22.1900
0.6900	291.0667	22.1900
0.9800	279.9367	22.1900
1.4300	281.7500	22.1900
1.6600	284.2067	22.1900
1.7100	290.5633	22.1900
1.6700	292.2700	22.1900
1.5700	294.5600	22.1900
1.7700	285.3733	22.1900
3.1400	276.2967	22.1900
3.9200	275.9100	22.1900
3.8900	280.1167	22.1900
4.7800	283.5500	22.1900
48.9300	284.3300	22.1900
71.8800	281.6600	22.1900
44.4100	280.8233	22.1900
22.8700	279.5533	22.1900
13.1600	277.2500	22.1900
8.3900	278.5533	22.1900
7.7100	282.8100	22.1900
12.4900	288.4467	22.1900
31.2500	287.9400	22.1900
42.4200	284.9033	22.1900
26.7000	281.6000	22.1900
15.7700	278.1800	22.1900
9.9800	279.8133	22.1900
8.9100	282.0933	22.1900
52.9800	277.7167	22.1900
62.8400	276.1067	22.1900
34.2200	275.4533	22.1900
18.9700	275.5300	22.1900
19.2800	275.0167	22.1900
18.0000	275.7133	22.1900
13.1300	276.2667	22.1900
9.0700	277.0400	22.1900
6.4000	275.3600	22.1900
4.7300	275.4733	22.1900
25.5500	279.2500	22.1900
49.9800	278.8133	22.1900
31.8800	278.0033	22.1900
20.7800	276.8000	22.1900
14.3800	276.0033	22.1900
9.9100	275.1967	22.1900
6.9800	274.9400	22.1900
5.1000	275.2800	22.1900
3.8800	275.8167	22.1900
3.0900	279.3133	22.1900
4.4800	282.0267	22.1900
6.2400	278.8667	22.1900
6.1300	279.0100	22.1900
7.0300	281.9167	22.1900
11.3900	281.7033	22.1900
10.4700	280.0833	22.1900
8.3400	280.6500	22.1900
6.4900	280.6267	22.1900
7.1400	283.3233	22.1900
12.2600	283.4200	22.1900
12.6600	283.4200	22.1900
10.0400	282.2767	22.1900
9.3700	278.9167	22.1900
9.3800	277.1967	22.1900
8.0100	279.4900	22.1900
6.2900	282.4333	22.1900
4.9100	284.9767	22.1900
4.5700	285.5800	22.1900
6.5000	286.3300	22.1900
7.8100	286.4933	22.1900
9.2500	279.9500	22.1900
8.8500	278.3067	22.1900
7.3000	280.1733	22.1900
6.1400	284.2367	22.1900
10.1700	279.1100	22.1900
12.8900	279.3833	22.1900
10.9200	281.5233	22.1900
9.9100	282.4200	22.1900
10.9300	281.3867	22.1900
12.2100	284.8967	22.1900
11.8100	283.4200	22.1900
9.7500	279.0433	22.1900
7.4800	277.0667	22.1900
5.7400	277.0433	22.1900
4.5100	280.3800	22.1900
3.6900	284.6500	22.1900
3.1900	283.9600	22.1900
4.1600	278.7600	22.1900
5.1500	279.1433	22.1900
5.1700	283.8933	22.1900
5.2100	285.3600	22.1900
11.6600	283.0567	22.1900
17.6100	279.0033	22.1900
14.3500	278.2233	22.1900
10.3000	277.1067	22.1900
7.4600	276.4600	22.1900
5.6100	276.1367	22.1900
4.4200	277.5367	22.1900
5.8800	277.1967	22.1900
10.9100	275.4300	22.1900
11.4100	275.5367	22.1900
9.2200	277.2233	22.1900
7.0600	280.0667	22.1900
5.4900	283.3133	22.1900
4.4200	281.1967	22.1900
3.8100	276.4733	22.1900
3.7600	275.7567	22.1900
3.8600	277.9533	22.1900
3.8900	280.5267	22.1900
4.9200	282.8100	22.1900
10.4900	281.2300	22.1900
12.5600	280.1233	22.1900
10.5900	280.6233	22.1900
8.1100	277.5800	22.1900
6.2100	278.5200	22.1900
4.9100	282.5500	22.1900
4.0300	286.4300	22.1900
3.4400	284.5533	22.1900
3.0100	277.7500	22.1900
2.7000	276.9033	22.1900
2.4800	279.6933	22.1900
2.5700	280.0800	22.1900
3.0800	279.2267	22.1900
3.5100	284.0933	22.1900
3.5900	289.4867	22.1900
3.4500	290.1400	22.1900
3.2300	292.5467	22.1900
3.1000	294.8700	22.1900
3.1100	293.7667	22.1900
3.3400	284.6533	22.1900
3.7200	282.5633	22.1900
3.8000	284.2667	22.1900
3.6100	282.3700	22.1900
3.3200	280.2700	22.1900
3.0000	279.1967	22.1900
4.3000	279.4667	22.1900
17.6100	278.1300	22.1900
22.3000	278.4967	22.1900
16.5800	278.7033	22.1900
11.3600	279.6100	22.1900
8.2700	279.5367	22.1900
6.7800	280.5667	22.1900
5.8500	281.3433	22.1900
5.0000	283.0500	22.1900
4.2600	285.0733	22.1900
3.6600	287.4533	22.1900
3.2000	291.3133	22.1900
3.0600	290.9033	22.1900
3.2800	290.6467	22.1900
9.1400	291.6700	22.1900
12.9300	286.7567	22.1900
11.4700	284.9433	22.1900
8.9200	288.4433	22.1900
6.8000	290.9333	22.1900
6.7300	287.2600	22.1900
9.8100	284.4467	22.1900
9.9900	285.1867	22.1900
8.1700	287.2500	22.1900
6.3500	289.9933	22.1900
4.9900	292.5167	22.1900
4.0200	294.4067	22.1900
3.3800	295.4167	22.1900
2.9200	292.5600	22.1900
3.1400	284.6900	22.1900
4.7000	289.3667	22.1900
5.7300	291.0600	22.1900
5.5400	293.2233	22.1900
4.8700	294.0300	22.1900
27.8500	293.2433	22.1900
56.3700	293.5367	22.1900
33.8500	294.9133	22.1900
21.7400	293.3067	22.1900
29.4000	289.0033	22.1900
46.8900	286.0967	22.1900
38.4000	287.1033	22.1900
22.7800	285.1800	22.1900
13.9000	285.3300	22.1900
9.1400	286.7133	22.1900
6.4400	290.4000	22.1900
4.8100	292.0667	22.1900
3.7700	293.8567	22.1900
3.1700	295.2267	22.1900
3.0600	288.6100	22.1900
12.8000	285.3933	22.1900
26.7900	285.5167	22.1900
21.4700	287.8867	22.1900
14.1700	290.9567	22.1900
10.0200	291.0267	22.1900
8.1600	290.3633	22.1900
6.4400	291.1600	22.1900
10.6500	290.9233	22.1900
18.5500	291.0467	22.1900
16.9900	290.6833	22.1900
13.0000	291.5733	22.1900
10.0100	291.4700	22.1900
8.9800	291.1300	22.1900
7.8700	293.3200	22.1900
6.7600	293.6867	22.1900
5.5900	292.0800	22.1900
4.5400	292.1867	22.1900
3.7000	294.6067	22.1900
3.0800	298.6833	22.1900
2.9400	298.6367	22.1900
3.9400	298.9900	22.1900
4.6300	299.4067	22.1900
4.4800	300.0733	22.1900
3.9200	300.4600	22.1900
3.4900	299.6600	22.1900
3.1800	298.7267	22.1900
12.4200	296.9767	22.1900
39.3200	296.4100	22.1900
30.3700	296.4167	22.1900
19.5100	293.4133	22.1900
13.4600	294.3700	22.1900
11.0000	296.2833	22.1900
9.3800	297.0100	22.1900
8.4100	297.2000	22.1900
7.6600	296.9800	22.1900
18.5900	298.0067	22.1900
44.2900	296.5300	22.1900
45.2800	296.3567	22.1900
160.3500	295.1367	22.1900
84.1200	295.8933	22.1900
38.1000	297.3433	22.1900
19.3500	297.7400	22.1900
11.5400	298.6600	22.1900
9.2300	299.6333	22.1900
15.9000	300.5833	22.1900
16.2800	301.5667	22.1900
11.9000	302.2267	22.1900
18.8500	300.0867	22.1900
38.9100	299.3167	22.1900
74.9800	296.5267	22.1900
67.8600	296.4000	22.1900
47.3100	297.0400	22.1900
31.8300	299.6267	22.1900
20.4000	299.4733	22.1900
13.0900	299.8467	22.1900
8.8000	301.3333	22.1900
6.2600	302.5833	22.1900
4.6900	303.7567	22.1900
3.8400	302.4767	22.1900
18.2100	300.8500	22.1900
98.9300	296.3000	22.1900
60.9700	296.2367	22.1900
29.2500	296.2667	22.1900
15.9200	297.5467	22.1900
9.9700	299.5600	22.1900
6.8500	300.9767	22.1900
5.0500	302.3967	22.1900
4.8600	302.0933	22.1900
12.2800	302.7433	22.1900
17.4800	303.2433	22.1900
14.1800	302.4867	22.1900
10.0800	303.0500	22.1900
7.2100	303.4900	22.1900
5.9400	303.2767	22.1900
6.7100	303.6567	22.1900
7.2700	303.2867	22.1900
7.8000	302.1267	22.1900
19.8300	300.2033	22.1900
24.6200	299.6600	22.1900
42.2600	299.4900	22.1900
44.4300	300.4600	22.1900
27.6500	301.5567	22.1900
18.1100	302.1667	22.1900
14.0300	301.3933	22.1900
13.0700	302.5333	22.1900
10.7600	303.2967	22.1900
8.2200	304.1200	22.1900
6.3500	305.1433	22.1900
5.1200	305.8933	22.1900
4.5300	305.5267	22.1900
4.1600	303.3633	22.1900
3.7400	302.8733	22.1900
4.3200	303.0367	22.1900
6.4800	303.3367	22.1900
6.6700	301.9700	22.1900
5.7300	301.0100	22.1900
4.7600	298.6567	22.1900
4.1100	298.3633	22.1900
3.6600	299.7967	22.1900
3.2700	299.4800	22.1900
2.8900	300.2467	22.1900
2.6000	298.6800	22.1900
2.4600	298.4067	22.1900
2.6100	299.3300	22.1900
3.3100	300.3300	22.1900
3.4900	301.1567	22.1900
3.6400	301.1767	22.1900
3.8300	301.5800	22.1900
4.4900	300.6033	22.1900
4.7800	300.7467	22.1900
4.4200	301.0767	22.1900
3.8300	301.2900	22.1900
3.2500	302.0467	22.1900
2.7400	301.7833	22.1900
2.5400	302.3033	22.1900
43.9700	299.8033	22.1900
94.6300	296.3033	22.1900
89.0600	293.2933	22.1900
48.6400	294.7067	22.1900
24.7100	297.1300	22.1900
25.5200	297.6833	22.1900
54.2300	298.2833	22.1900
39.7600	298.1867	22.1900
23.4400	297.4400	22.1900
14.2400	296.6467	22.1900
9.5300	297.9267	22.1900
6.9700	297.1867	22.1900
5.3200	296.0633	22.1900
4.1600	293.3533	22.1900
7.8000	293.8633	22.1900
36.4200	293.3833	22.1900
34.8500	294.5133	22.1900
20.7500	294.2067	22.1900
12.6300	295.4900	22.1900
8.2900	297.0100	22.1900
8.7100	295.0400	22.1900
14.8000	292.0267	22.1900
14.1600	290.4600	22.1900
10.5200	293.3700	22.1900
7.5100	297.2333	22.1900
6.3900	296.9333	22.1900
11.7400	293.5967	22.1900
13.9400	293.3733	22.1900
11.0800	293.2867	22.1900
13.8500	291.6933	22.1900
24.7400	289.5567	22.1900
19.3600	290.2767	22.1900
12.9800	291.7867	22.1900
8.9300	292.2233	22.1900
6.4000	292.9333	22.1900
4.8000	294.5867	22.1900
4.5500	294.3800	22.1900
36.5700	287.4100	22.1900
45.7000	288.1300	22.1900
35.7500	290.1867	22.1900
24.0200	290.9333	22.1900
15.5900	291.9700	22.1900
10.5800	293.0100	22.1900
7.9000	290.3800	22.1900
6.1300	287.2333	22.1900
4.8000	285.2700	22.1900
3.8100	286.2133	22.1900
3.1500	288.4233	22.1900
11.7800	291.9267	22.1900
33.9700	294.1167	22.1900
26.5600	294.6767	22.1900
18.3500	289.6667	22.1900
12.9200	286.8933	22.1900
9.9400	286.2233	22.1900
8.5100	282.8300	22.1900
6.9900	280.5067	22.1900
5.5700	280.4067	22.1900
4.4200	282.3833	22.1900
8.5100	288.1000	22.1900
29.3400	287.3400	22.1900
26.0000	286.6200	22.1900
16.6500	287.5800	22.1900
10.7600	289.2767	22.1900
7.3800	289.7833	22.1900
5.3800	284.8833	22.1900
4.0900	280.9033	22.1900
3.2500	279.1300	22.1900
2.6800	279.6800	22.1900
2.3200	283.8867	22.1900
42.0000	289.9267	22.1900
67.9100	290.4167	22.1900
39.7800	290.8033	22.1900
21.5500	290.6800	22.1900
17.4600	289.1600	22.1900
56.1100	284.2767	22.1900
42.9200	285.7667	22.1900
23.7600	286.3800	22.1900
18.1500	288.4067	22.1900
75.0000	286.9400	22.1900
56.0900	284.3100	22.1900
28.8800	282.5933	22.1900
16.4500	282.2800	22.1900
10.6200	280.0567	22.1900
29.5800	279.7433	22.1900
119.7700	280.0700	22.1900
75.6200	280.7033	22.1900
37.1100	281.3133	22.1900
19.9400	281.5333	22.1900
12.8800	283.4967	22.1900
9.6300	285.4633	22.1900
8.2100	287.7900	22.1900
7.7700	289.8300	22.1900
7.9600	291.3600	22.1900
11.2800	287.0267	22.1900
14.8800	282.9400	22.1900
16.0900	280.6967	22.1900
18.5200	277.7300	22.1900
17.3500	276.9567	22.1900
15.6200	278.5000	22.1900
14.4000	278.4500	22.1900
13.7300	275.6567	22.1900
13.4500	275.1400	22.1900
13.3400	276.4467	22.1900
13.3200	278.6933	22.1900
13.3400	280.8000	22.1900
13.4100	282.9500	22.1900
13.4600	284.5167	22.1900
13.4200	284.6133	22.1900
13.3600	283.4733	22.1900
13.2700	284.1967	22.1900
13.1800	285.8267	22.1900
13.1400	284.3967	22.1900
13.0100	281.7733	22.1900
12.9700	283.1200	22.1900
30.7000	288.3000	22.1900
48.7900	288.8200	22.1900
35.7800	284.9100	22.1900
83.7300	287.3700	22.1900
73.3600	284.6467	22.1900
42.1400	280.7233	22.1900
27.0700	279.9367	22.1900
20.7900	280.2767	22.1900
17.9600	282.1633	22.1900
17.2400	285.1500	22.1900
29.7700	286.3333	22.1900
37.2400	282.1700	22.1900
29.8900	282.3333	22.1900
24.1600	286.1467	22.1900
31.8800	289.7067	22.1900
58.7800	288.9367	22.1900
54.0600	288.3533	22.1900
66.3900	284.0433	22.1900
50.0200	279.4333	22.1900
35.2600	276.5500	22.1900
29.0600	276.8100	22.1900
26.8500	281.6333	22.1900
26.1900	286.2767	22.1900
26.1900	289.0000	22.1900
26.4100	290.1800	22.1900
26.7200	284.8400	22.1900
26.8400	277.9233	22.1900
30.8200	275.9033	22.1900
35.4700	276.4967	22.1900
33.5700	275.3600	22.1900
35.5400	274.4567	22.1900
59.8000	275.3867	22.1900
58.6800	276.6867	22.1900
43.6700	277.0200	22.1900
35.1800	275.8167	22.1900
31.2400	275.3367	22.1900
29.4600	277.9267	22.1900
28.5700	277.6567	22.1900
27.9400	275.2133	22.1900
27.5200	275.1433	22.1900
27.2300	274.2300	22.1900
33.7600	274.8400	22.1900
40.7900	276.6133	22.1900
37.2700	275.8267	22.1900
32.4500	275.8133	22.1900
29.2600	274.3033	22.1900
27.4000	274.1067	22.1900
26.3000	274.7467	22.1900
25.5100	274.4667	22.1900
24.8500	274.1933	22.1900
24.2800	274.1033	22.1900
23.7700	274.5633	22.1900
23.3000	277.0133	22.1900
36.8700	279.6133	22.1900
77.1500	276.9100	22.1900
56.8700	274.8667	22.1900
37.2900	274.3267	22.1900
28.4400	275.0233	22.1900
24.4400	274.8633	22.1900
22.4600	275.4133	22.1900
21.4400	279.6700	22.1900
21.7400	283.7200	22.1900
24.0900	282.9633	22.1900
23.9600	279.1933	22.1900
22.5800	278.6567	22.1900
36.6500	280.8067	22.1900
49.4200	282.7100	22.1900
37.0300	283.1467	22.1900
27.8300	282.1200	22.1900
30.5200	286.3033	22.1900
70.2000	286.7267	22.1900
54.7300	283.4933	22.1900
35.2200	279.5167	22.1900
26.1500	279.1600	22.1900
22.0700	278.0000	22.1900
20.1600	279.7733	22.1900
19.1600	279.1667	22.1900
18.6200	280.3200	22.1900
18.2800	284.5500	22.1900
18.0000	285.4133	22.1900
17.7900	285.4333	22.1900
17.6200	288.0500	22.1900
17.4600	290.2500	22.1900
19.4000	289.9833	22.1900
110.4500	280.8500	22.1900
92.8400	277.0233	22.1900
51.2800	276.8433	22.1900
31.7300	280.2433	22.1900
24.0300	284.7600	22.1900
20.8500	285.0533	22.1900
19.3700	287.7667	22.1900
18.5600	291.0467	22.1900
18.1400	292.8800	22.1900
17.8400	291.3067	22.1900
17.6500	289.8267	22.1900
17.6500	293.2333	22.1900
21.4500	292.8333	22.1900
42.6900	285.1600	22.1900
39.4600	285.2867	22.1900
29.1300	288.3300	22.1900
23.5000	291.3400	22.1900
21.9100	293.4267	22.1900
20.6300	294.5500	22.1900
19.2900	291.7533	22.1900
18.0800	285.0100	22.1900
17.4000	280.7967	22.1900
18.6800	278.6500	22.1900
19.0900	278.5300	22.1900
18.1700	279.6467	22.1900
17.1100	280.8033	22.1900
35.4300	284.7200	22.1900
85.0200	286.7833	22.1900
56.4400	285.5767	22.1900
40.4600	288.1400	22.1900
144.7700	285.9600	22.1900
116.3800	282.7033	22.1900
60.2300	283.6167	22.1900
34.4100	284.5933	22.1900
24.0900	284.0300	22.1900
19.9200	286.3000	22.1900
18.0500	288.5667	22.1900
17.2100	290.2100	22.1900
16.8500	291.4833	22.1900
16.7300	293.3933	22.1900
16.7000	293.9967	22.1900
16.7500	295.1033	22.1900
20.3500	295.2600	22.1900
22.7700	293.4100	22.1900
21.2900	293.0233	22.1900
19.4100	294.3167	22.1900
18.0700	295.2100	22.1900
17.1800	295.6133	22.1900
16.7400	291.3367	22.1900
17.1900	289.9267	22.1900
18.2200	289.9833	22.1900
18.4100	286.3533	22.1900
17.6100	285.6167	22.1900
16.6900	288.4467	22.1900
22.8000	291.3067	22.1900
38.5600	294.4633	22.1900
32.3500	296.6533	22.1900
37.6900	297.1233	22.1900
44.4100	293.4033	22.1900
31.9100	291.7333	22.1900
23.2300	292.9400	22.1900
19.5100	293.9400	22.1900
22.6600	291.4367	22.1900
22.5100	289.0800	22.1900
18.9800	289.6167	22.1900
15.8500	291.8833	22.1900
13.7400	293.8767	22.1900
12.5100	294.7333	22.1900
11.7500	294.6033	22.1900
11.1200	294.8233	22.1900
10.5700	295.8433	22.1900
10.1200	297.1267	22.1900
9.7300	297.4633	22.1900
9.3800	298.1333	22.1900
9.1300	299.1633	22.1900
8.9700	298.6233	22.1900
8.7200	299.3300	22.1900
8.4200	299.0700	22.1900
12.3200	297.1867	22.1900
71.4600	294.1767	22.1900
61.8800	296.7033	22.1900
37.4600	297.9500	22.1900
30.5100	297.8933	22.1900
23.0100	299.8600	22.1900
16.5000	301.6067	22.1900
13.8400	300.1933	22.1900
15.6700	298.3400	22.1900
15.4100	297.9333	22.1900
15.0800	297.4867	22.1900
16.1100	295.1633	22.1900
17.0200	293.2367	22.1900
14.4000	293.9233	22.1900
11.6100	296.8100	22.1900
10.3400	299.2067	22.1900
9.0300	300.7633	22.1900
7.9000	301.4667	22.1900
8.8000	298.9533	22.1900
9.5500	298.6133	22.1900
9.3200	298.6300	22.1900
10.6200	298.6267	22.1900
10.9500	300.2867	22.1900
11.6100	300.9933	22.1900
11.5300	301.4733	22.1900
10.7100	302.2300	22.1900
9.9600	302.8267	22.1900
10.0700	302.5400	22.1900
10.7600	301.7700	22.1900
10.0500	299.0400	22.1900
8.6100	297.9167	22.1900
7.1400	298.6200	22.1900
5.9100	299.8133	22.1900
5.0700	300.8967	22.1900
5.6600	302.3067	22.1900
6.7700	302.5033	22.1900
6.6200	303.3667	22.1900
5.8000	303.8267	22.1900
9.4700	302.4133	22.1900
32.3500	301.1567	22.1900
35.9300	300.3200	22.1900
22.8000	298.3600	22.1900
14.2600	299.1000	22.1900
9.5800	301.0367	22.1900
6.9000	302.3833	22.1900
13.2900	301.8633	22.1900
30.7300	302.2167	22.1900
23.7900	303.0167	22.1900
15.5800	300.2067	22.1900
10.4900	298.3300	22.1900
7.4700	298.3633	22.1900
5.6000	299.1867	22.1900
4.4000	299.9767	22.1900
3.6900	300.7000	22.1900
3.4200	301.8367	22.1900
6.7000	301.0200	22.1900
16.0200	302.1033	22.1900
15.9900	301.0200	22.1900
13.0300	300.1700	22.1900
11.3100	300.6267	22.1900
9.0600	301.3167	22.1900
6.8900	302.4700	22.1900
5.3700	303.2967	22.1900
4.9800	303.9667	22.1900
4.9900	304.6033	22.1900
4.6600	306.2033	22.1900
4.1100	306.7833	22.1900
3.5700	307.3333	22.1900
3.1100	307.5100	22.1900
3.0400	302.6233	22.1900
3.2800	301.5500	22.1900
3.0700	301.7700	22.1900
2.6700	300.5300	22.1900
2.3100	300.3633	22.1900
1.9800	303.4533	22.1900
1.7200	303.2100	22.1900
1.6600	301.5333	22.1900
1.7700	299.2967	22.1900
1.8700	303.2233	22.1900
1.9100	304.6033	22.1900
2.2000	302.4367	22.1900
4.4300	303.0500	22.1900
8.8200	303.0933	22.1900
10.1100	303.8067	22.1900
8.2800	304.0133	22.1900
7.7600	302.6400	22.1900
8.4600	302.6900	22.1900
6.8900	302.6467	22.1900
5.3000	302.4033	22.1900
4.2400	302.8200	22.1900
3.6200	302.9600	22.1900
3.2700	299.4567	22.1900
2.9600	298.1333	22.1900
2.6500	299.3900	22.1900
2.3200	300.4067	22.1900
2.0400	300.2467	22.1900
1.7900	301.1867	22.1900
1.5700	298.9033	22.1900
1.4000	299.4067	22.1900
1.2500	301.4667	22.1900
1.1400	302.6000	22.1900
1.0500	300.9800	22.1900
0.9800	298.3633	22.1900
0.9100	299.8300	22.1900
11.3200	297.0600	22.1900
28.5600	295.1167	22.1900
22.1600	292.5967	22.1900
14.2800	291.8333	22.1900
9.3800	293.4633	22.1900
6.4900	295.2133	22.1900
5.1000	295.4100	22.1900
4.8800	297.3567	22.1900
4.3900	299.2900	22.1900
3.7400	299.6700	22.1900
3.1500	297.4200	22.1900
2.6300	297.5333	22.1900
2.2200	299.0167	22.1900
1.9000	297.9167	22.1900
1.6400	292.1333	22.1900
1.4300	290.8600	22.1900
1.2700	293.0067	22.1900
1.1500	296.0067	22.1900
1.0300	297.4567	22.1900
0.9600	298.6567	22.1900
0.9000	298.7533	22.1900
0.9800	297.0467	22.1900
1.6300	298.7567	22.1900
2.1200	298.5533	22.1900
2.1900	300.6367	22.1900
2.0600	299.9167	22.1900
1.9000	292.1200	22.1900
1.8000	286.4467	22.1900
1.6800	288.0633	22.1900
1.5300	290.0633	22.1900
1.3800	291.0700	22.1900
1.2500	292.0267	22.1900
1.1200	294.6033	22.1900
1.0200	296.9167	22.1900
1.1300	297.8700	22.1900
2.5200	294.3233	22.1900
3.6600	292.2800	22.1900
3.6500	293.4533	22.1900
3.3400	295.2900	22.1900
3.0500	297.3167	22.1900
27.0700	295.3633	22.1900
73.4600	292.3800	22.1900
119.2800	293.0367	22.1900
113.9800	290.9300	22.1900
53.5900	287.7300	22.1900
25.2300	284.3667	22.1900
14.0100	285.4633	22.1900
8.8200	288.5667	22.1900
6.0200	288.3933	22.1900
4.3600	285.7167	22.1900
3.2900	284.7500	22.1900
2.5800	283.6733	22.1900
2.0900	285.1567	22.1900
1.7300	278.3567	22.1900
1.4700	277.9633	22.1900
1.2700	279.6600	22.1900
1.1100	282.2233	22.1900
0.9900	281.3933	22.1900
0.9000	281.3700	22.1900
0.8300	285.5833	22.1900
0.7600	289.9200	22.1900
0.7200	287.9867	22.1900
0.7000	278.8500	22.1900
0.6900	278.1333	22.1900
0.6700	282.8967	22.1900
0.6800	285.1500	22.1900
1.9300	285.2133	22.1900
4.4600	288.2067	22.1900
5.4700	290.1300	22.1900
5.0700	287.5800	22.1900
4.2400	281.7100	22.1900
3.4800	279.7800	22.1900
2.9000	285.3433	22.1900
2.4600	290.1500	22.1900
2.1600	279.5600	22.1900
1.9300	280.2067	22.1900
1.8300	280.2367	22.1900
1.9600	278.8333	22.1900
2.1500	278.6733	22.1900
2.2200	285.8200	22.1900
2.1400	276.3967	22.1900
1.9600	276.8433	22.1900
1.7600	276.6733	22.1900
1.5600	275.3300	22.1900
1.3800	282.5667	22.1900
1.2200	286.9067	22.1900
1.0900	289.8967	22.1900
0.9800	290.2567	22.1900
0.9000	291.0967	22.1900
0.8300	291.2267	22.1900
0.7800	288.2267	22.1900
0.7200	280.7333	22.1900
0.6700	281.0733	22.1900
0.6400	275.3867	22.1900
0.6100	274.6033	22.1900
0.6600	275.5433	22.1900
12.4600	277.2367	22.1900
25.9300	277.9400	22.1900
21.0400	279.6867	22.1900
14.1000	282.4267	22.1900
9.4700	282.4000	22.1900
6.7800	280.8500	22.1900
5.2600	279.9700	22.1900
4.3000	278.4200	22.1900
4.2400	280.4167	22.1900
4.6500	284.6000	22.1900
4.6600	286.1067	22.1900
17.7200	285.1167	22.1900
29.2000	282.5100	22.1900
20.8300	278.0733	22.1900
13.1700	275.5767	22.1900
8.6500	274.8667	22.1900
5.9700	275.3000	22.1900
4.3400	277.2100	22.1900
3.2800	282.4533	22.1900
2.5800	286.5900	22.1900
2.0900	289.2333	22.1900
1.7400	285.5467	22.1900
1.5500	286.9700	22.1900
1.5900	284.0267	22.1900
1.6800	281.6233	22.1900
1.7400	279.5867	22.1900
1.7200	275.6133	22.1900
1.6300	274.3800	22.1900
1.5000	274.0367	22.1900
3.5100	274.6200	22.1900
8.1000	277.1800	22.1900
11.6300	275.5933	22.1900
12.7700	274.1967	22.1900
10.3800	274.0000	22.1900
8.0200	275.4033	22.1900
7.0600	276.2933	22.1900
6.1000	275.2967	22.1900
4.9800	274.8433	22.1900
3.9800	275.5867	22.1900
3.1800	277.1833	22.1900
2.5600	278.2667	22.1900
2.1300	282.5300	22.1900
2.0100	276.2167	22.1900
2.3400	281.3933	22.1900
13.2200	281.4900	22.1900
23.9300	280.2667	22.1900
18.0800	282.3333	22.1900
12.1800	285.1900	22.1900
9.1700	288.1467	22.1900
7.2800	288.5800	22.1900
5.7300	284.5067	22.1900
4.4800	283.2000	22.1900
3.5200	282.5000	22.1900
2.8100	276.2833	22.1900
2.2700	276.6100	22.1900
3.0200	285.4333	22.1900
17.5600	281.3633	22.1900
24.5300	279.2200	22.1900
17.8400	281.2600	22.1900
11.7300	281.7100	22.1900
8.1500	285.9267	22.1900
8.0600	284.0000	22.1900
7.7800	280.8533	22.1900
6.5100	280.3400	22.1900
5.3000	277.5300	22.1900
5.6200	278.2967	22.1900
6.0700	281.1400	22.1900
5.6900	280.2200	22.1900
5.3500	282.0133	22.1900
7.8200	281.9833	22.1900
11.5100	277.1700	22.1900
10.7100	278.8567	22.1900
8.2500	279.9267	22.1900
6.1000	281.1867	22.1900
4.5800	286.3300	22.1900
14.4400	287.1433	22.1900
54.1600	284.9567	22.1900
37.3100	284.4133	22.1900
39.0800	287.4667	22.1900
49.6300	284.2233	22.1900
31.0000	280.8000	22.1900
17.8900	282.2433	22.1900
11.0800	284.0467	22.1900
7.3800	285.0667	22.1900
5.2500	286.8533	22.1900
3.9100	286.6167	22.1900
8.2200	284.1567	22.1900
22.0200	283.8033	22.1900
19.6700	281.5600	22.1900
13.3000	285.4833	22.1900
9.2400	288.2033	22.1900
8.2000	284.1567	22.1900
7.6400	284.8400	22.1900
6.4800	284.7067	22.1900
5.1700	282.6333	22.1900
4.0900	280.0900	22.1900
3.3100	282.1900	22.1900
2.7500	286.1000	22.1900
2.3400	289.2567	22.1900
2.0300	286.4333	22.1900
1.9200	278.9467	22.1900
3.5300	281.2167	22.1900
25.2000	287.4933	22.1900
42.5500	290.5533	22.1900
28.6400	286.9467	22.1900
20.0200	286.3000	22.1900
30.3000	290.7267	22.1900
53.3800	290.6233	22.1900
43.5100	288.3567	22.1900
26.7200	286.0000	22.1900
16.1400	286.7767	22.1900
10.3600	289.1700	22.1900
7.0900	291.6233	22.1900
5.1600	293.9867	22.1900
4.1900	289.8833	22.1900
4.1700	286.5767	22.1900
4.1200	285.3067	22.1900
3.8400	285.0900	22.1900
3.4600	286.1167	22.1900
3.0600	290.1667	22.1900
2.6800	290.4900	22.1900
2.4600	292.1700	22.1900
7.1300	288.8200	22.1900
20.0800	288.5500	22.1900
19.9600	289.2433	22.1900
15.7800	290.9000	22.1900
11.3300	292.8700	22.1900
8.1400	294.2533	22.1900
6.2100	294.8833	22.1900
15.8800	293.5500	22.1900
56.6000	290.8800	22.1900
54.5100	287.1500	22.1900
30.3300	286.8600	22.1900
17.0800	289.9033	22.1900
10.6800	291.9533	22.1900
7.2800	294.3967	22.1900
5.3100	293.8500	22.1900
4.0900	293.3500	22.1900
3.3500	293.9767	22.1900
2.8300	294.6700	22.1900
2.9800	295.7933	22.1900
10.7500	295.8100	22.1900
19.1400	291.4667	22.1900
26.6200	289.4467	22.1900
33.6100	288.1000	22.1900
22.9800	288.4467	22.1900
14.4800	291.2533	22.1900
10.6700	293.6367	22.1900
16.4900	291.1333	22.1900
19.1700	291.0267	22.1900
18.0700	291.0033	22.1900
19.1500	292.6800	22.1900
17.0000	292.0900	22.1900
16.3500	291.4167	22.1900
12.8200	291.2733	22.1900
9.3500	291.5533	22.1900
7.2200	292.0900	22.1900
5.9100	293.6567	22.1900
4.9100	295.3400	22.1900
4.3600	295.6433	22.1900
8.3500	290.4133	22.1900
12.6800	291.2433	22.1900
11.2200	295.3100	22.1900
8.6500	298.0500	22.1900
8.3200	298.2667	22.1900
10.4700	297.3633	22.1900
9.9300	298.2700	22.1900
7.9100	301.2567	22.1900
6.1000	302.5600	22.1900
4.7300	303.9400	22.1900
3.7500	303.5333	22.1900
3.0600	304.3433	22.1900
2.5400	303.3833	22.1900
2.1700	301.3833	22.1900
1.9100	300.2533	22.1900
1.7500	300.6000	22.1900
1.6800	299.3100	22.1900
1.8900	300.0367	22.1900
3.9000	299.5133	22.1900
5.8000	300.5467	22.1900
7.6800	297.4700	22.1900
7.4900	296.8600	22.1900
6.2700	297.9300	22.1900
5.3400	298.5767	22.1900
7.1300	298.1367	22.1900
15.5000	298.2733	22.1900
26.0900	298.8667	22.1900
24.1500	299.6200	22.1900
16.7200	300.6500	22.1900
11.0500	301.9733	22.1900
7.6400	302.3200	22.1900
5.8300	302.9567	22.1900
12.0200	301.1133	22.1900
45.0700	299.4367	22.1900
38.8700	297.1967	22.1900
29.8500	297.2867	22.1900
21.8100	298.5500	22.1900
16.9600	299.9833	22.1900
36.1900	299.1067	22.1900
67.8300	299.6333	22.1900
52.1200	300.4233	22.1900
29.2100	300.6300	22.1900
26.1900	300.2467	22.1900
28.6000	300.4967	22.1900
20.3600	300.7267	22.1900
13.5900	301.0667	22.1900
9.2800	300.7000	22.1900
10.3700	298.7167	22.1900
11.2300	300.3967	22.1900
9.7900	299.9300	22.1900
15.8700	300.6200	22.1900
18.5400	301.3633	22.1900
21.3100	301.2567	22.1900
26.4500	301.5300	22.1900
19.6900	303.1267	22.1900
13.6600	302.8300	22.1900
13.7400	300.5267	22.1900
20.5400	299.1300	22.1900
18.5900	299.1400	22.1900
12.8100	299.9367	22.1900
8.8300	300.7433	22.1900
7.7300	301.8500	22.1900
7.3400	302.9900	22.1900
6.4500	303.6733	22.1900
6.6200	303.0433	22.1900
8.7000	303.5700	22.1900
9.0200	302.6833	22.1900
7.7100	302.4033	22.1900
6.1100	303.1367	22.1900
4.7600	304.6400	22.1900
3.7200	303.2133	22.1900
2.9700	300.2267	22.1900
2.4200	297.2900	22.1900
2.0400	297.9800	22.1900
2.4100	297.9567	22.1900
3.3500	294.3733	22.1900
3.7000	295.8833	22.1900
4.3800	295.8900	22.1900
6.4300	297.9967	22.1900
10.9300	298.0900	22.1900
16.5900	299.5633	22.1900
13.9500	299.2433	22.1900
10.1400	299.9133	22.1900
7.2800	300.7667	22.1900
5.7400	301.0167	22.1900
5.9500	300.0500	22.1900
5.9400	299.6167	22.1900
5.3500	300.2967	22.1900
4.4800	301.5800	22.1900
3.6300	300.9867	22.1900
5.8400	298.7500	22.1900
156.6100	297.6400	22.1900
151.5300	295.8667	22.1900
64.5000	296.9600	22.1900
31.6400	298.8900	22.1900
23.7200	299.6067	22.1900
16.9100	299.0100	22.1900
11.4500	297.9833	22.1900
7.9100	298.2533	22.1900
5.6800	298.5933	22.1900
45.7300	297.9400	22.1900
191.6900	298.6067	22.1900
89.8600	299.6767	22.1900
38.4000	300.3300	22.1900
18.9500	299.7133	22.1900
16.9500	296.6000	22.1900
19.3900	296.7033	22.1900
15.6400	298.1167	22.1900
11.3000	300.3700	22.1900
8.0800	300.5867	22.1900
6.0500	298.2533	22.1900
23.9700	292.8467	22.1900
35.4400	292.8767	22.1900
23.5300	292.6167	22.1900
14.4300	292.4400	22.1900
9.3500	292.9933	22.1900
6.4400	294.2433	22.1900
4.7100	293.9833	22.1900
3.6100	291.6867	22.1900
2.8800	289.7133	22.1900
3.8400	292.4167	22.1900
21.5100	294.3500	22.1900
34.2700	293.9833	22.1900
28.5000	294.4500	22.1900
18.4100	295.3467	22.1900
12.3300	294.9533	22.1900
12.8400	291.2833	22.1900
13.0600	290.2900	22.1900
10.4500	290.3867	22.1900
7.7200	291.5900	22.1900
5.7400	293.1167	22.1900
4.3800	291.7933	22.1900
3.4600	291.8167	22.1900
2.8200	293.9433	22.1900
2.4100	294.8100	22.1900
2.2900	293.4067	22.1900
2.2700	291.0367	22.1900
2.2000	290.1333	22.1900
2.0900	292.3033	22.1900
1.9500	292.7700	22.1900
1.8100	295.7767	22.1900
1.6900	293.5600	22.1900
2.4100	286.5467	22.1900
8.2500	286.8267	22.1900
10.6400	283.8333	22.1900
9.1900	284.1333	22.1900
7.0900	283.7567	22.1900
5.4000	282.2633	22.1900
4.1900	284.5067	22.1900
3.3700	289.1100	22.1900
2.9700	287.3467	22.1900
3.0200	285.2300	22.1900
3.1500	282.4933	22.1900
3.1200	280.6867	22.1900
2.9300	279.0433	22.1900
2.6500	281.1600	22.1900
2.3600	283.2300	22.1900
2.1000	286.0033	22.1900
1.8700	286.6000	22.1900
1.9300	287.8833	22.1900
10.0000	288.7733	22.1900
21.5000	288.6500	22.1900
18.3000	290.0867	22.1900
12.5600	289.5733	22.1900
8.7900	287.2700	22.1900
6.4700	285.0300	22.1900
4.9200	282.8133	22.1900
3.8500	282.2333	22.1900
3.1100	285.5767	22.1900
2.6900	289.1400	22.1900
9.0800	290.9067	22.1900
28.2400	289.6833	22.1900
24.9500	284.1567	22.1900
16.1900	280.2600	22.1900
10.5300	277.6100	22.1900
7.2300	276.9867	22.1900
5.2400	277.8067	22.1900
4.0800	275.6433	22.1900
3.3700	276.3433	22.1900
2.8800	276.3500	22.1900
2.5800	280.1467	22.1900
3.0200	276.0433	22.1900
3.6700	277.2733	22.1900
3.8600	278.9100	22.1900
3.5900	280.1400	22.1900
3.7000	280.5500	22.1900
26.2400	283.7933	22.1900
37.0000	281.5600	22.1900
24.1000	278.2767	22.1900
15.0000	277.7133	22.1900
9.8900	279.6167	22.1900
6.9200	278.3233	22.1900
5.1000	277.8367	22.1900
4.0600	275.5800	22.1900
3.4000	276.8633	22.1900
2.9300	286.5333	22.1900
3.1700	290.3200	22.1900
50.0500	288.2567	22.1900
74.7500	282.0467	22.1900
41.7600	278.8000	22.1900
21.6000	282.1000	22.1900
12.8300	285.1833	22.1900
9.1200	283.5333	22.1900
8.2300	286.0500	22.1900
7.6500	286.8133	22.1900
6.7200	288.1233	22.1900
7.6500	285.8267	22.1900
21.9300	281.0167	22.1900
24.2100	276.2233	22.1900
16.8100	276.7167	22.1900
11.5900	283.0400	22.1900
12.6500	280.7000	22.1900
13.3300	280.7300	22.1900
11.1500	284.5533	22.1900
8.9900	286.3567	22.1900
8.5300	282.1833	22.1900
7.6000	280.6533	22.1900
6.2900	277.2667	22.1900
5.1100	276.0033	22.1900
4.4100	276.4667	22.1900
4.3600	279.4767	22.1900
10.4000	282.1833	22.1900
17.6500	285.1433	22.1900
55.6300	287.2000	22.1900
57.7800	285.5467	22.1900
36.5200	280.8367	22.1900
21.0800	278.1033	22.1900
13.2600	282.0367	22.1900
9.4000	280.4533	22.1900
7.3400	278.1367	22.1900
6.0000	277.1200	22.1900
5.0700	275.8833	22.1900
4.4100	274.4133	22.1900
3.9500	273.9533	22.1900
3.6400	274.0933	22.1900
3.4800	274.8200	22.1900
3.4800	274.5633	22.1900
3.6200	273.6600	22.1900
4.7000	273.7900	22.1900
6.6700	275.1133	22.1900
7.1300	278.1100	22.1900
6.6900	277.1733	22.1900
6.0000	276.4700	22.1900
5.3600	276.4933	22.1900
5.9900	278.0600	22.1900
13.0700	279.6367	22.1900
22.5500	278.3133	22.1900
19.0300	276.4900	22.1900
13.5400	276.4600	22.1900
9.9000	277.8533	22.1900
8.1300	279.1167	22.1900
10.5500	276.1167	22.1900
12.2400	274.6100	22.1900
10.8900	274.5833	22.1900
8.9600	276.0633	22.1900
7.4200	279.6000	22.1900
6.3800	282.3367	22.1900
5.6800	283.1067	22.1900
5.2300	285.5800	22.1900
4.9400	287.5633	22.1900
4.9500	284.3700	22.1900
5.1000	283.2867	22.1900
5.1700	282.7600	22.1900
5.1100	280.5033	22.1900
5.0200	277.9800	22.1900
5.0400	277.3100	22.1900
12.0900	281.0100	22.1900
18.4000	280.0233	22.1900
16.0800	276.7200	22.1900
12.2700	276.8500	22.1900
9.5400	275.9567	22.1900
7.7700	275.3800	22.1900
6.6500	275.3267	22.1900
5.9300	276.4367	22.1900
5.4800	281.2600	22.1900
5.2600	283.6567	22.1900
15.5400	278.7467	22.1900
83.4000	275.2433	22.1900
83.6500	273.8367	22.1900
43.4700	274.0100	22.1900
23.4500	275.1900	22.1900
15.3300	278.0133	22.1900
11.3700	283.3567	22.1900
9.1200	287.0900	22.1900
7.7300	288.9767	22.1900
6.8500	287.5967	22.1900
6.3000	287.9867	22.1900
5.9500	287.9500	22.1900
5.7700	282.8833	22.1900
10.2500	278.6167	22.1900
35.3300	278.9267	22.1900
84.1200	281.3467	22.1900
71.0500	282.7633	22.1900
47.7800	282.8233	22.1900
28.2400	284.2567	22.1900
21.6100	284.2467	22.1900
25.3000	282.2767	22.1900
20.6900	280.9333	22.1900
15.5300	281.1800	22.1900
12.1700	281.0433	22.1900
10.1700	279.6967	22.1900
9.1900	281.3500	22.1900
13.9700	285.6800	22.1900
41.8900	287.7800	22.1900
64.2100	290.5400	22.1900
61.3400	289.4700	22.1900
37.2400	287.1567	22.1900
23.1700	287.0233	22.1900
16.8700	288.0267	22.1900
16.8900	289.6700	22.1900
26.1900	289.7367	22.1900
26.2900	288.2233	22.1900
21.1600	290.0300	22.1900
24.8000	287.5600	22.1900
26.9800	282.8500	22.1900
22.6100	282.6133	22.1900
19.3000	285.0767	22.1900
20.4300	287.0167	22.1900
30.2800	287.6533	22.1900
28.3600	285.9633	22.1900
23.1500	285.7767	22.1900
23.6400	288.0067	22.1900
26.9100	286.7433	22.1900
24.1800	285.5900	22.1900
20.4700	286.3067	22.1900
17.8000	288.3933	22.1900
16.5600	289.8533	22.1900
24.1000	291.4900	22.1900
28.8100	290.5767	22.1900
24.7000	287.8367	22.1900
20.4000	288.7500	22.1900
17.5900	292.5333	22.1900
15.8800	295.5833	22.1900
14.8500	296.4400	22.1900
14.1900	296.3367	22.1900
13.7400	295.4633	22.1900
13.4200	295.1533	22.1900
13.1400	295.3733	22.1900
13.4700	296.1167	22.1900
14.3500	296.9800	22.1900
14.3300	297.4800	22.1900
18.5500	295.6933	22.1900
56.6100	294.2467	22.1900
57.7800	294.9933	22.1900
45.7500	296.1900	22.1900
35.1900	297.3400	22.1900
25.9400	297.6200	22.1900
23.9100	295.1500	22.1900
22.9400	290.2333	22.1900
21.2900	291.1533	22.1900
17.8300	291.1867	22.1900
15.5600	293.9300	22.1900
16.2400	295.5767	22.1900
19.3200	296.3000	22.1900
24.4000	291.2567	22.1900
27.4500	287.3567	22.1900
22.5500	287.0933	22.1900
17.2600	289.8667	22.1900
13.7500	293.2000	22.1900
11.6200	295.8167	22.1900
10.3100	296.6367	22.1900
10.1700	297.0767	22.1900
14.0400	297.5633	22.1900
24.1200	296.7867	22.1900
28.7200	297.2333	22.1900
26.5400	297.8867	22.1900
29.7100	298.6600	22.1900
28.1400	297.9333	22.1900
21.7600	297.5133	22.1900
16.3300	298.7200	22.1900
12.6900	299.8633	22.1900
10.6300	300.2100	22.1900
36.3600	297.6900	22.1900
123.1800	296.1033	22.1900
82.7400	296.2667	22.1900
40.4500	297.5833	22.1900
21.8200	298.9300	22.1900
24.1700	298.8067	22.1900
53.5900	300.1967	22.1900
43.7800	300.7000	22.1900
39.8000	300.9133	22.1900
27.9300	300.0600	22.1900
19.0500	299.2167	22.1900
21.7600	297.1933	22.1900
43.7200	296.2867	22.1900
35.4600	296.8800	22.1900
27.0400	299.1167	22.1900
19.4100	301.0900	22.1900
14.0000	301.5933	22.1900
10.6700	300.2300	22.1900
8.6600	300.0833	22.1900
7.4500	300.3467	22.1900
6.6900	300.8200	22.1900
6.1800	301.5200	22.1900
5.8200	302.2833	22.1900
5.5400	301.5200	22.1900
5.3300	301.7167	22.1900
5.1700	300.4967	22.1900
5.0500	301.2100	22.1900
5.0500	301.4400	22.1900
5.6000	299.6433	22.1900
5.9300	298.4300	22.1900
5.8500	298.9933	22.1900
7.0000	298.8000	22.1900
14.5100	300.1233	22.1900
15.7900	300.7767	22.1900
12.6800	299.2033	22.1900
9.8200	297.9633	22.1900
7.8200	297.6900	22.1900
6.5000	299.7567	22.1900
5.8800	301.5667	22.1900
10.9700	299.9300	22.1900
17.1100	298.7733	22.1900
14.8400	300.1633	22.1900
11.1800	302.0200	22.1900
9.6100	301.5100	22.1900
12.4900	300.0667	22.1900
12.4400	298.6833	22.1900
14.7700	299.0233	22.1900
17.2200	299.9733	22.1900
15.8900	300.1433	22.1900
15.6200	300.7200	22.1900
14.5500	301.1733	22.1900
11.7600	302.7800	22.1900
9.4600	302.7167	22.1900
7.9700	302.1033	22.1900
7.3800	302.5167	22.1900
7.6100	302.7467	22.1900
8.8600	303.2433	22.1900
13.1600	302.2100	22.1900
18.6700	301.4300	22.1900
16.4300	301.3033	22.1900
13.5800	302.0067	22.1900
11.8400	302.3000	22.1900
11.6900	301.5467	22.1900
19.7700	300.3700	22.1900
18.6200	300.8000	22.1900
13.3200	301.4967	22.1900
9.3300	303.0433	22.1900
6.7800	304.0633	22.1900
5.4600	303.3967	22.1900
5.5500	301.4733	22.1900
5.7300	301.5900	22.1900
5.4800	301.4867	22.1900
5.1000	302.6233	22.1900
4.6600	303.4200	22.1900
4.8500	302.6133	22.1900
5.5400	303.9800	22.1900
5.2800	304.0233	22.1900
5.0100	304.0167	22.1900
6.0400	303.3400	22.1900
14.4600	300.1267	22.1900
25.3700	298.6933	22.1900
19.2400	298.4567	22.1900
12.5600	300.5133	22.1900
8.4900	301.3433	22.1900
6.0300	302.1867	22.1900
5.0900	301.1767	22.1900
6.5800	301.3300	22.1900
7.2500	299.3967	22.1900
7.5900	296.7167	22.1900
7.9300	296.1600	22.1900
7.0200	296.1800	22.1900
5.6700	296.5333	22.1900
4.4900	297.7533	22.1900
3.5700	298.0733	22.1900
2.8900	297.0933	22.1900
9.2300	295.0300	22.1900
18.5800	296.3000	22.1900
14.0700	295.7167	22.1900
9.8300	294.9333	22.1900
6.9100	296.4300	22.1900
5.0400	296.6033	22.1900
3.8200	297.5933	22.1900
3.0100	298.4433	22.1900
2.4500	298.8833	22.1900
2.3200	294.5600	22.1900
6.1000	295.2600	22.1900
10.7800	295.2700	22.1900
10.8400	295.5500	22.1900
8.6600	296.0533	22.1900
6.5600	296.8900	22.1900
19.9900	295.6900	22.1900
35.8400	297.2733	22.1900
27.9900	298.9267	22.1900
18.0700	295.5433	22.1900
13.4100	295.0967	22.1900
25.4700	293.6733	22.1900
26.9200	292.5567	22.1900
21.5800	290.4467	22.1900
15.1500	290.8333	22.1900
10.2800	290.9333	22.1900
7.1700	293.6300	22.1900
5.2100	293.2867	22.1900
3.9400	290.2700	22.1900
3.2900	290.4133	22.1900
3.0200	294.0767	22.1900
2.8800	288.8167	22.1900
2.7600	292.5000	22.1900
2.5600	298.2867	22.1900
2.3300	291.4733	22.1900
2.1800	290.4867	22.1900
2.4500	290.2833	22.1900
3.7300	290.8667	22.1900
5.4300	285.3733	13.5200
7.8900	285.1000	7.6300
8.7800	285.3733	9.1300
7.6000	283.7300	8.3900
5.9600	282.8200	6.7700
4.6800	284.1033	5.3400
3.7800	286.3167	4.3000
3.1000	288.2500	3.5200
2.5700	291.7233	2.9300
2.1700	295.9167	2.4700
2.3200	290.8633	2.3000
4.1800	287.4933	3.4600
5.7500	289.1567	5.3600
8.1000	290.6600	7.1400
26.1500	290.5933	19.3200
25.9800	290.1067	22.1900
16.4800	290.7300	22.1900
12.2100	291.7133	18.7900
48.0900	286.2933	21.5800
48.4400	285.0500	22.1900
26.8300	284.4633	22.1900
15.3100	285.7267	22.1900
9.6000	283.5633	22.1900
6.5100	282.4867	22.1900
4.6800	284.5667	22.1900
3.5400	287.6167	19.8700
2.7800	289.5500	3.2400
15.8800	288.9700	8.3800
151.4600	284.7733	22.1900
138.9200	282.6333	22.1900
89.3500	283.5933	22.1900
45.6100	286.7600	22.1900
23.1600	287.8000	22.1900
13.4500	287.8500	22.1900
8.6700	287.1267	22.1900
7.0100	287.7833	22.1900
10.0500	288.6933	22.1900
11.9200	286.4833	22.1900
10.4400	284.7833	22.1900
9.2200	284.4933	22.1900
32.5400	282.9567	22.1900
38.1800	283.6567	22.1900
23.2800	283.6500	22.1900
14.5300	282.8200	22.1900
12.7100	279.8900	22.1900
11.8100	280.0167	22.1900
9.3800	282.7200	22.1900
7.4700	281.7167	22.1900
7.3000	280.9400	22.1900
46.6700	286.9833	22.1900
82.5600	286.2433	22.1900
44.8700	284.3167	22.1900
32.1900	280.9167	22.1900
26.3700	277.5000	22.1900
17.8700	277.9800	22.1900
18.4200	281.7667	22.1900
62.2900	286.5500	22.1900
49.3800	281.4400	22.1900
26.6500	276.8667	22.1900
15.8900	276.9833	22.1900
19.7700	278.5200	22.1900
26.9100	282.1200	22.1900
20.2300	281.7567	22.1900
13.8300	277.9700	22.1900
9.9600	276.6967	22.1900
11.6900	276.1767	22.1900
34.0800	273.9033	22.1900
32.1600	274.2433	22.1900
23.3900	274.8200	22.1900
17.1700	275.2533	22.1900
13.3300	275.2967	22.1900
11.1800	275.9700	22.1900
35.8900	281.5000	22.1900
60.5300	281.5633	22.1900
38.9400	278.7633	22.1900
24.8100	276.4100	22.1900
19.4200	275.0200	22.1900
17.9800	274.5567	22.1900
20.9900	275.5367	22.1900
26.6000	274.7633	22.1900
26.7300	273.7967	22.1900
25.4900	273.4533	22.1900
24.8700	273.3667	22.1900
24.7400	273.3800	22.1900
24.8200	273.5967	22.1900
24.9700	273.6933	22.1900
25.8400	273.4267	22.1900
27.2800	273.3333	22.1900
27.2000	273.4167	22.1900
26.5700	273.5567	22.1900
25.9800	273.6700	22.1900
25.5500	274.4833	22.1900
25.2000	275.6533	22.1900
24.9100	277.1967	22.1900
28.6000	280.1867	22.1900
94.0400	283.8500	22.1900
81.3400	283.3133	22.1900
50.1500	283.0400	22.1900
35.3200	281.9033	22.1900
41.2600	279.1600	22.1900
60.2500	277.7767	22.1900
48.2200	278.4433	22.1900
47.3400	284.2100	22.1900
104.6600	284.8500	22.1900
73.7100	280.6933	22.1900
48.0200	278.0533	22.1900
37.6800	277.1900	22.1900
35.0700	274.9700	22.1900
35.6800	273.9233	22.1900
36.6100	273.6933	22.1900
41.3700	273.9067	22.1900
67.7300	274.5533	22.1900
90.1500	275.5567	22.1900
73.2500	275.5933	22.1900
133.7200	275.7467	22.1900
148.0900	274.1733	22.1900
88.0700	274.1100	22.1900
66.0100	274.5100	22.1900
67.2200	274.5867	22.1900
74.6600	273.9067	22.1900
69.3000	274.2733	22.1900
66.1600	274.5333	22.1900
71.9900	274.1100	22.1900
75.2800	274.4367	22.1900
73.6300	274.8700	22.1900
74.5200	274.1600	22.1900
71.2300	274.0700	22.1900
68.3600	274.9000	22.1900
66.6600	275.9467	22.1900
65.4300	277.5700	22.1900
64.4500	279.6800	22.1900
77.0200	281.0633	22.1900
81.0300	282.3500	22.1900
76.4200	279.5667	22.1900
74.0200	276.1467	22.1900
67.1700	275.6233	22.1900
62.7200	275.7600	22.1900
60.1700	276.4900	22.1900
58.8100	278.1333	22.1900
62.0000	277.8033	22.1900
70.6400	276.3900	22.1900
66.0100	276.5633	22.1900
59.3500	276.8167	22.1900
55.2300	277.7567	22.1900
52.7600	278.9500	22.1900
50.9600	280.9233	22.1900
49.4200	283.9300	22.1900
49.0900	285.6133	22.1900
56.8700	287.0500	22.1900
69.8700	286.9000	22.1900
88.8100	286.5400	22.1900
85.2000	284.5900	22.1900
66.7900	284.1700	22.1900
53.3700	283.1900	22.1900
47.0800	283.7800	22.1900
44.3000	284.2667	22.1900
42.7400	285.5967	22.1900
41.6000	286.9533	22.1900
40.6700	288.9167	22.1900
40.2000	287.5533	22.1900
41.3000	284.5333	22.1900
40.4600	286.3633	22.1900
38.6100	288.3133	22.1900
40.8500	285.5400	22.1900
42.7100	282.6633	22.1900
62.2200	285.2400	22.1900
128.4300	286.9233	22.1900
78.0000	285.7533	22.1900
47.9100	286.5767	22.1900
34.7100	288.9033	22.1900
29.4200	290.7367	22.1900
26.8600	291.8200	22.1900
25.3300	293.5300	22.1900
24.2200	295.1367	22.1900
23.2800	296.1400	22.1900
22.4500	295.9133	22.1900
26.6100	294.3033	22.1900
41.3000	287.5533	22.1900
35.2900	286.2733	22.1900
27.6800	287.6667	22.1900
23.2000	289.5900	22.1900
20.6900	290.4500	22.1900
19.3000	288.4300	22.1900
18.2600	289.5533	22.1900
17.3500	291.6633	22.1900
16.5800	288.3400	22.1900
15.8900	286.3567	22.1900
15.2900	286.9133	22.1900
14.8300	288.1400	22.1900
18.3900	287.5800	22.1900
24.6100	288.8833	22.1900
22.2600	290.6300	22.1900
19.6700	291.9467	22.1900
24.6300	294.1400	22.1900
24.3100	293.0567	22.1900
19.9400	289.1500	22.1900
16.3200	286.9967	22.1900
13.9700	288.8233	22.1900
12.4700	292.1433	22.1900
11.4600	296.1000	22.1900
10.7300	298.2800	22.1900
10.2500	297.9300	22.1900
10.0700	297.5100	22.1900
9.8800	297.9367	22.1900
9.6100	297.8200	22.1900
9.5500	298.2100	22.1900
9.3800	292.7900	22.1900
8.9900	288.5633	22.1900
8.5500	288.3467	22.1900
8.1300	290.3900	22.1900
7.8200	294.0333	22.1900
7.5500	295.5967	22.1900
7.3700	298.4967	22.1900
8.6800	299.0900	22.1900
23.5400	296.4867	22.1900
142.5600	293.3567	22.1900
128.8600	292.1233	22.1900
68.0100	292.5767	22.1900
37.3100	293.8733	22.1900
22.2200	294.8100	22.1900
18.3100	295.4200	22.1900
34.6500	295.4767	22.1900
37.4700	294.4200	22.1900
27.5300	295.2400	22.1900
20.4400	296.3400	22.1900
15.2500	298.0267	22.1900
26.7700	297.1067	22.1900
71.7100	297.6700	22.1900
46.9700	299.2167	22.1900
25.5400	298.6067	22.1900
21.6600	298.6733	22.1900
22.7900	299.2667	22.1900
20.6000	300.8100	22.1900
15.7200	301.3200	22.1900
11.7700	302.3100	22.1900
9.6100	300.7767	22.1900
9.5300	298.5300	22.1900
8.9700	297.8333	22.1900
7.9800	299.5467	22.1900
7.0000	300.2967	22.1900
6.2400	300.9733	22.1900
6.5000	302.0833	22.1900
21.0300	301.2100	22.1900
33.9300	301.9867	22.1900
24.3600	301.8733	22.1900
27.5000	302.0267	22.1900
34.8700	300.4067	22.1900
23.7300	300.1067	22.1900
15.3600	301.6167	22.1900
10.7100	302.1567	22.1900
8.0700	303.1600	22.1900
6.4800	303.7867	22.1900
5.8500	304.1000	22.1900
6.1600	304.8333	22.1900
6.0500	304.8500	22.1900
6.3200	304.3167	22.1900
7.5200	304.2733	22.1900
7.1600	304.0733	22.1900
6.4800	303.0433	22.1900
6.5600	300.8133	22.1900
6.5300	297.9667	22.1900
5.9200	297.5233	22.1900
5.1800	297.9433	22.1900
4.5200	299.5333	22.1900
3.9900	300.7967	22.1900
3.6000	303.0800	22.1900
3.2900	303.2033	22.1900
3.0700	302.3633	22.1900
3.6900	304.0733	22.1900
6.9500	303.1800	22.1900
8.5300	302.6333	22.1900
7.8000	302.7267	22.1900
10.2500	302.4367	22.1900
29.6800	303.4033	22.1900
27.1300	303.0200	22.1900
17.5300	303.3867	22.1900
14.8800	302.2733	22.1900
19.6200	301.7833	22.1900
23.1100	302.9033	22.1900
20.7400	302.6600	22.1900
20.4800	303.7333	22.1900
16.1100	305.0733	22.1900
11.5700	305.3500	22.1900
8.5200	306.0267	22.1900
6.4200	306.5800	22.1900
5.1100	305.3267	22.1900
12.5700	301.6200	22.1900
28.0800	302.2433	22.1900
25.1600	301.8467	22.1900
24.1100	301.1000	22.1900
18.0700	298.5567	22.1900
16.0600	297.8700	22.1900
13.3900	299.3033	22.1900
10.0300	300.4233	22.1900
7.4700	302.2967	22.1900
14.2100	301.8833	22.1900
29.9100	302.1067	22.1900
23.3300	302.1333	22.1900
14.9300	302.3600	22.1900
9.7700	303.4967	22.1900
6.7800	304.9267	22.1900
5.3600	305.4100	22.1900
5.8500	305.0100	22.1900
6.0600	303.2000	22.1900
5.4800	302.2733	22.1900
4.6100	302.9033	22.1900
3.7600	303.7300	22.1900
3.3900	303.6767	22.1900
11.6600	303.1667	22.1900
29.3400	302.3500	22.1900
30.2300	302.6167	22.1900
19.8000	301.6633	22.1900
12.6700	301.7433	22.1900
9.7200	301.2267	22.1900
16.1800	298.4433	22.1900
19.7100	297.9500	22.1900
14.9900	299.8200	22.1900
10.4400	300.5267	22.1900
7.3700	301.0400	22.1900
5.3900	301.5200	22.1900
4.0800	302.9433	22.1900
3.1900	302.9467	22.1900
2.5900	300.1667	22.1900
2.1400	299.8633	22.1900
1.8200	298.7867	22.1900
1.5900	293.0567	22.1900
1.4000	296.3200	22.1900
1.2600	299.3833	22.1900
1.1500	300.8233	22.1900
1.0500	297.1000	22.1900
0.9900	293.8500	22.1900
0.9400	292.9733	22.1900
0.9100	295.8800	22.1900
1.0900	295.6933	22.1900
1.3700	296.2733	22.1900
1.5500	297.3400	22.1900
1.5900	298.4733	22.1900
1.5500	299.3200	22.1900
1.4600	298.3833	22.1900
1.3500	295.9500	22.1900
1.2500	298.1733	22.1900
1.1500	297.1167	22.1900
1.0600	299.9167	22.1900
0.9900	301.2933	22.1900
0.9200	301.4133	22.1900
0.8700	299.5100	22.1900
0.8300	300.0467	22.1900
12.5300	294.7667	22.1900
66.0900	294.1667	22.1900
66.5900	294.2100	22.1900
102.3400	292.3167	22.1900
172.6900	293.6467	22.1900
80.0300	291.8367	22.1900
35.6200	291.0000	22.1900
18.1200	289.5067	22.1900
10.9500	288.1000	22.1900
7.4100	287.3333	22.1900
5.3800	287.7633	22.1900
4.1000	289.2967	22.1900
3.2200	290.7233	22.1900
2.6000	292.5667	22.1900
2.1600	293.1333	22.1900
1.8200	293.9467	22.1900
1.5700	293.4633	22.1900
1.6800	291.3967	22.1900
15.1300	287.3167	22.1900
24.4500	286.5167	22.1900
17.8500	286.0267	22.1900
11.6500	287.7933	22.1900
7.8500	289.3200	22.1900
5.5600	290.5767	22.1900
4.2200	288.5467	22.1900
3.5700	287.1700	22.1900
3.1800	286.7333	22.1900
2.8400	287.3633	22.1900
2.5100	292.0533	22.1900
2.8400	294.1700	22.1900
12.3800	296.8200	22.1900
22.9300	297.5033	22.1900
29.3800	292.5833	22.1900
21.8100	287.2100	22.1900
13.8900	286.6567	22.1900
9.0900	287.0667	22.1900
6.3000	285.0767	22.1900
4.5900	283.4900	22.1900
3.5600	285.3767	22.1900
8.6800	283.5700	22.1900
16.0900	282.7467	22.1900
14.5000	279.5500	22.1900
10.9700	279.3167	22.1900
7.9600	281.6233	22.1900
5.8400	283.4400	22.1900
4.4100	284.2333	22.1900
3.4300	282.0633	22.1900
2.7400	280.4167	22.1900
2.2600	282.8067	22.1900
1.9000	283.0500	22.1900
1.6400	287.9233	22.1900
1.8300	289.3733	22.1900
4.4800	282.5600	22.1900
6.4800	282.3533	22.1900
6.2500	282.3567	22.1900
5.2100	284.1333	22.1900
4.1700	286.9533	22.1900
3.3400	288.5700	22.1900
2.7300	286.7267	22.1900
2.2800	281.0967	22.1900
1.9700	288.3367	22.1900
1.8500	281.2500	22.1900
1.9100	276.3167	22.1900
2.0200	276.2733	22.1900
2.0400	285.1800	22.1900
2.1200	288.5400	22.1900
7.2400	277.3500	22.1900
14.6300	277.2567	22.1900
12.8700	276.8200	22.1900
9.6900	276.0600	22.1900
8.9600	274.8133	22.1900
8.3200	274.1433	22.1900
6.9100	273.8433	22.1900
5.4300	273.7800	22.1900
4.2300	273.9500	22.1900
3.3500	274.4233	22.1900
2.9200	276.7633	22.1900
4.4900	276.8133	22.1900
6.9600	273.9200	22.1900
7.4100	273.4600	22.1900
6.4300	273.3467	22.1900
5.4700	273.9400	22.1900
17.3300	274.3100	22.1900
41.8800	274.3100	22.1900
34.7100	273.9167	22.1900
20.8900	274.0367	22.1900
12.7000	274.9367	22.1900
8.3700	275.0433	22.1900
5.9400	274.7900	22.1900
4.4200	274.7533	22.1900
3.4500	274.2067	22.1900
2.9800	273.1667	22.1900
2.7300	273.6100	22.1900
3.2600	273.9433	22.1900
5.5300	274.7233	22.1900
