661.9900	279.1033	870.6000
661.6700	279.6667	873.0200
660.9600	279.4900	873.0100
660.1200	278.6167	873.0000
659.3100	279.0867	872.9900
658.7100	279.7233	872.9900
658.5400	280.9700	872.9900
658.7800	280.7233	873.0300
659.1900	280.9733	873.0100
660.2700	280.1433	873.3300
668.7000	279.6867	873.5400
676.7100	279.5800	873.5400
709.4400	278.8867	873.5400
818.0900	278.8567	873.5400
891.3600	278.7100	873.5400
839.7600	278.0933	873.5400
791.6400	277.4200	873.5400
772.9800	276.7267	873.5400
766.7600	275.8633	873.5400
762.9400	276.4667	873.5400
760.9900	277.4467	873.5400
757.3100	278.1833	873.5400
752.4800	279.5700	873.5400
748.9000	281.5400	873.5400
745.8200	280.8233	873.5400
743.9000	280.0167	873.5400
745.2200	278.8133	873.5400
749.3700	278.5567	873.5400
764.7900	278.5267	873.5400
782.6300	278.0100	873.5400
787.0800	277.8467	873.5400
777.2400	276.7167	873.4800
762.4000	276.4333	870.2800
751.7900	277.6433	870.2800
745.6100	278.9133	870.2800
741.5800	280.7833	870.2800
738.5600	282.3333	870.2800
738.1000	282.6900	870.2800
740.7600	283.0833	870.2800
746.4800	280.9167	870.2800
748.1800	278.2533	870.2800
742.6300	278.4833	870.2800
732.6800	279.9733	870.2800
722.2000	280.2567	870.2800
714.8200	281.8933	870.2800
717.4800	280.9067	870.2800
728.3700	279.4100	870.2800
744.6500	279.1867	870.2800
774.0900	279.8667	870.2800
774.5500	282.4400	870.2800
759.4300	282.9367	870.2800
750.2600	283.9667	870.2800
746.7500	283.1867	870.2800
744.5000	284.2033	870.2800
742.0700	283.1400	870.2800
738.5200	281.1067	870.2800
733.5900	282.0800	870.2800
729.2600	281.3400	870.2800
733.9300	281.3733	870.2800
752.6500	281.2533	870.3700
878.5200	280.2900	874.5000
945.2600	280.7933	874.5000
911.3900	281.2433	874.5000
855.1700	281.8500	874.5000
825.4000	283.4567	874.5000
811.0400	284.4033	874.5000
800.5600	284.3867	874.5000
797.7700	284.9033	874.5000
798.7500	284.9567	874.5000
801.1200	284.7333	874.5000
834.0400	283.9733	874.5000
923.6200	284.0367	874.5000
957.8200	283.9833	874.5000
928.4300	284.9300	874.5000
888.9500	284.9267	874.5000
864.6500	285.8433	874.5000
843.4100	285.3800	874.5000
820.6800	285.4067	874.5000
798.5900	287.3000	874.5000
778.6300	289.4067	874.5000
760.5300	290.1667	874.5000
745.7100	290.4333	874.5000
733.4500	290.1033	874.5000
723.2200	289.5100	874.5000
715.3800	289.7533	874.5000
709.7200	290.0100	874.5000
705.3400	290.2467	874.2700
701.8400	289.4433	874.1900
699.1600	289.9667	874.1400
697.0800	289.3167	874.1200
694.9000	289.6500	874.3000
692.1700	289.3833	884.2700
689.0000	289.4733	884.1500
685.5000	288.4733	884.0700
682.1700	287.0167	884.0000
680.2000	286.6400	883.9600
680.3400	286.0967	884.4600
681.8600	285.8800	884.9300
689.4100	284.3233	884.9300
711.9800	284.2767	884.9300
742.1900	284.6033	884.9200
766.7700	283.5300	884.9300
763.6300	284.0033	884.9300
757.1800	284.4767	884.9000
758.0900	286.8367	884.8500
761.2800	288.7833	884.8000
763.2700	290.4067	884.7500
762.1400	292.0333	884.6500
756.9000	292.9700	884.5600
749.3900	292.5900	884.5000
741.5300	290.0633	884.4400
733.5500	287.6967	884.4000
726.3000	286.6267	884.8500
725.5000	288.8867	884.9300
742.4300	290.7267	884.9300
757.8700	292.8400	884.8900
751.1900	294.6133	884.8200
735.5100	295.8667	884.7800
721.0400	294.8767	884.7300
710.7000	293.7467	884.6700
703.1600	293.7100	884.9500
697.5400	295.1533	902.9700
694.3000	295.4500	902.8900
692.1700	289.3633	902.7600
690.7000	288.5233	902.6500
690.3600	291.0033	902.5400
692.8500	293.3200	902.4600
697.9700	295.5467	902.3500
702.1300	296.3667	902.2500
703.7800	297.7033	902.1900
704.4700	298.0933	902.1400
705.2200	297.7733	902.1100
706.4100	298.5333	902.0800
708.5800	298.2233	902.0700
709.4400	296.3567	902.0500
708.2200	295.7900	901.9600
707.2500	295.9167	901.8900
710.1000	296.8733	901.8600
714.8200	297.5633	901.8600
716.5400	297.4100	901.9500
716.6500	296.9600	902.2000
715.9200	297.3300	902.2500
715.4200	296.7500	902.2600
716.0300	298.1967	902.2300
716.4200	299.6967	902.2100
715.7000	299.5533	902.1800
714.8700	298.9800	902.1500
715.5900	298.2000	902.1200
718.6000	297.5267	902.1000
720.4700	297.2500	902.0700
721.0300	298.7067	902.0400
720.0500	300.2467	902.5400
717.5100	301.4733	927.8700
714.3400	301.7400	927.8000
711.0300	299.4433	927.7600
707.8700	298.0567	927.7400
706.0900	297.4967	927.6900
707.7800	298.3333	927.6200
711.6200	299.6933	927.5700
714.0900	300.5600	927.5100
714.2200	300.5533	927.4500
713.0800	300.1467	927.4000
711.6400	299.8500	927.3900
710.2800	299.2600	927.3800
709.0800	298.1600	927.3700
708.0400	295.2867	927.3600
707.1300	297.0667	927.3600
706.3200	298.9167	927.3600
705.6000	300.3067	927.3600
705.0100	301.2900	927.3500
704.5400	301.4433	927.3500
704.1500	301.6533	927.3400
703.7500	301.7767	927.4200
703.3500	302.5100	927.5300
702.9400	302.7167	927.6200
702.5500	302.2600	927.8700
702.2200	301.3000	927.9800
702.1100	300.7867	928.5700
702.9200	300.8133	928.6100
705.0000	300.1433	928.5800
707.8800	301.0500	928.5400
714.5500	302.7400	929.1800
722.2800	304.0033	960.5300
725.7400	304.4567	960.4100
726.4100	305.5533	960.2000
725.0000	305.5133	960.4800
718.9000	304.3633	960.8600
704.1900	302.7100	961.9200
686.4000	301.9933	963.9700
687.8300	299.8367	963.9800
737.8300	299.8233	963.9000
769.6100	301.4800	963.7100
762.4100	302.5433	963.5400
755.4900	303.0567	963.2900
751.9500	303.6800	963.0200
752.6200	304.2900	962.6400
760.3300	302.8333	962.1200
766.7000	301.9800	961.7400
763.3900	301.4633	961.4000
766.2700	301.5200	961.1800
773.2900	302.5800	960.9800
772.9700	303.4367	960.7100
762.3600	303.5967	960.5200
747.2700	303.7133	960.4300
732.7600	304.2733	960.3700
721.0700	304.7500	960.2700
711.3200	304.5167	960.1500
703.1700	304.5400	960.2300
696.8300	305.9133	960.1600
693.4100	306.8433	960.1000
691.0800	306.8333	960.1000
689.9600	305.7933	960.9700
690.6200	304.0433	959.5600
691.5200	304.0267	819.8200
690.8800	305.0500	819.8100
688.6400	306.3767	819.6800
685.4700	305.6600	819.4200
681.8800	305.3100	819.1800
678.8600	306.5733	818.7400
682.6700	307.2267	818.5100
700.1100	307.7767	819.1700
715.9000	307.7633	819.7100
725.3600	307.0167	820.7400
742.6100	304.7267	821.1000
767.4800	304.7167	821.1200
796.0400	305.1667	821.3400
799.5400	305.5533	821.4000
798.9200	306.3933	821.3600
815.6800	307.2167	821.2500
841.8800	307.3733	821.2000
849.3000	307.2933	821.3900
835.1300	306.7633	821.3000
814.0700	306.1133	821.0900
809.1000	305.0233	820.8400
824.4300	303.3967	820.5300
825.9800	303.4800	820.2100
816.6100	304.0100	819.6800
798.2400	304.9067	819.2200
776.5100	305.9233	818.7800
755.7300	306.5500	818.2500
736.9200	306.6433	817.9300
721.7700	305.9400	817.6500
709.3100	304.3533	817.5700
699.2000	303.0967	817.2900
691.4400	303.4900	805.3000
685.5600	304.1467	805.1800
681.2700	304.3767	805.1800
678.4700	304.5800	805.1000
676.7200	303.8900	804.9700
675.7700	303.7833	804.8900
674.3100	301.9767	804.8100
674.5100	301.7733	804.7000
673.5100	300.6900	804.6400
670.0100	301.7067	804.6000
666.3700	302.8233	804.5600
663.3700	303.6233	804.5700
660.9800	303.6900	805.0600
659.0500	302.8667	806.5300
657.4800	302.8000	806.7300
656.1900	302.9267	806.7000
655.7100	301.8667	806.5700
657.9600	301.4633	806.3200
661.3600	301.9367	806.1600
664.2000	302.4533	805.8600
667.5100	302.7433	805.6400
671.8600	302.4100	805.5200
676.5900	302.7600	805.4100
680.0100	303.0067	805.2700
680.9800	303.2000	805.1500
679.5800	302.4067	805.0200
676.7300	302.4033	804.9200
673.3200	302.3200	804.8600
669.7800	301.4500	804.8200
666.3100	302.8033	803.9500
663.0800	301.3633	764.4000
660.2600	300.0933	764.3600
657.9000	299.4800	764.3200
655.8600	299.3767	764.3200
652.5700	299.3933	764.3000
645.0200	297.7900	764.2800
634.2600	297.4067	764.4600
625.6800	296.8233	765.0400
622.8500	296.3633	765.3900
623.2800	295.3633	765.4000
626.0700	294.7133	765.3000
631.3200	294.9267	765.2100
636.6200	293.6233	765.1300
638.0200	295.0333	765.0800
635.6300	296.4000	765.0400
632.0300	297.9600	765.0000
628.5200	297.2267	764.9400
625.2200	296.6533	764.9000
622.2100	296.8667	764.8700
619.8600	297.0533	764.8300
618.4900	297.0800	764.7700
617.7900	296.1167	764.7000
617.0400	295.6467	764.5900
615.7500	294.9567	764.5000
613.9800	293.6333	764.4500
611.9900	294.7433	764.4100
610.0500	296.0033	764.3800
608.3000	295.5833	764.3500
606.7800	294.4267	764.3400
605.4700	295.0267	764.3300
604.3500	291.6200	763.9300
603.7500	290.4033	745.8200
605.8600	289.4733	745.7600
616.6100	290.2767	745.7400
631.3500	291.2733	745.7200
634.0500	291.1333	745.8700
628.1900	290.1667	746.3300
618.9000	290.6000	746.3700
611.3900	290.1133	746.3700
605.6000	288.7467	746.3700
601.4700	289.6700	746.3700
598.6100	290.3533	746.3700
596.6400	289.9300	746.3700
595.1100	289.8733	746.3700
593.8800	288.1333	746.3700
593.2500	288.1500	746.3000
594.8800	288.8000	746.2300
599.9100	289.2933	746.2000
602.3700	289.1833	746.1800
600.5200	288.6600	746.1500
597.9000	288.0900	746.1400
595.5900	287.7567	746.1300
593.4900	288.2400	746.1000
591.6700	286.7967	746.0500
590.2700	284.8100	746.0200
589.4300	284.0000	746.0400
590.0700	283.7467	746.1100
592.6000	282.0800	746.0800
598.5200	280.5100	746.0600
607.3900	281.9300	746.0400
611.5600	283.3300	745.9500
613.9600	282.9000	743.1300
615.2600	283.7967	743.1100
617.3200	285.0233	743.0900
621.2700	284.8900	743.1600
624.5100	283.2667	743.3600
630.2000	282.3533	743.3500
645.8900	282.3500	743.3500
650.1100	281.3400	743.3500
643.7800	281.3633	743.3500
637.3000	281.0100	743.3500
632.3700	281.1600	743.3500
628.3700	280.2333	743.3600
624.8900	278.7700	743.3600
622.9500	279.3167	743.3600
622.8500	280.2400	743.3600
624.9200	276.4900	743.3600
629.9300	277.0267	743.3600
633.5100	277.5900	743.3600
634.0300	277.7933	743.3600
635.4900	278.7167	743.3600
641.7600	279.8700	743.3600
644.2300	279.4033	743.3600
641.8600	279.0967	743.3600
636.2000	278.2200	743.3600
630.6800	277.3167	743.3600
627.3900	277.0833	743.2600
627.3600	278.1600	743.2200
628.9400	279.8967	743.2000
629.5200	281.8900	743.1800
627.3700	280.3967	743.1700
624.3100	281.3033	743.2000
633.4000	280.7967	745.2700
673.3000	281.7400	745.2700
706.1000	282.1133	745.3200
700.9400	280.6133	745.3200
690.1700	279.3533	745.3000
678.9600	279.3600	745.2800
666.6800	280.1600	745.2400
656.6400	282.7167	745.1900
651.3500	283.4700	745.1500
648.8000	282.8633	745.1200
645.9100	280.1067	745.0900
642.5200	280.8267	745.0600
639.0700	280.3133	745.0500
635.7600	280.0667	745.0300
631.9200	280.3900	745.1900
628.0500	280.4667	745.2100
624.5400	277.4333	745.2000
620.6200	277.0700	745.1800
616.0600	276.5967	745.1600
611.8000	276.7500	745.1400
608.5200	278.0100	745.1200
606.1700	278.7533	745.1200
604.4300	278.3900	745.1100
603.1000	275.7800	745.0800
602.1000	277.0533	745.0600
601.3400	279.0333	745.0400
600.6700	280.5167	745.0300
599.8500	282.2500	744.9900
598.7700	280.1433	744.9300
597.4700	277.6333	745.0000
596.3300	275.3300	745.2100
596.3400	275.3900	742.5500
597.3300	276.2233	742.5300
597.7000	277.1367	742.5200
597.3800	277.6800	742.5000
597.5500	278.1433	742.4800
598.3200	278.4733	742.4300
598.5600	280.2533	742.4200
598.1800	282.1500	742.4000
597.4400	280.5167	742.3800
596.0200	278.6700	742.3700
595.0200	279.2767	742.3500
594.5400	280.3567	742.3300
593.3600	281.0067	742.3100
591.6600	284.1300	742.2900
590.5000	282.4700	742.2800
590.4300	283.4267	742.2700
591.4900	284.2867	742.2600
593.1900	282.0800	742.2500
594.7100	281.5633	742.2400
595.1800	283.4100	742.2200
594.1800	283.8400	742.2100
594.2300	283.7867	742.2000
598.7100	285.4133	742.1900
603.7700	285.6867	742.1600
606.6900	285.2300	742.1400
606.8600	283.6800	742.1300
604.2300	283.2167	742.1300
600.4200	283.3567	742.1900
597.1200	282.8500	745.5200
594.3000	278.4967	745.5200
592.1300	277.6667	745.5100
590.6700	280.1667	745.5000
589.4000	282.9100	745.5000
588.2800	284.3933	745.5000
587.7500	286.4133	745.4900
588.1500	284.8133	745.7100
589.9900	281.5533	745.9600
592.6000	285.5067	745.9000
597.2800	285.8933	745.8300
602.4500	286.3000	745.7900
605.3000	287.3467	745.7500
605.3700	284.7033	745.7300
603.7700	281.0633	745.7000
603.1200	282.0500	745.6800
602.5800	281.1400	745.6600
601.4100	282.3333	745.6700
599.7700	281.8833	745.7800
597.9500	285.0300	745.7500
599.9700	289.4000	745.7400
604.5100	289.4567	745.7200
605.2800	288.6133	745.7000
603.6100	286.7733	745.6900
601.3500	285.7367	745.6900
602.1000	286.8333	745.6800
607.9400	288.3000	745.6700
611.3300	289.2733	745.6600
612.0300	289.3867	745.6600
612.9400	289.4467	745.6800
614.5800	289.8400	745.8800
615.9100	291.5033	754.2600
616.0900	292.3400	754.3100
613.6600	291.7500	754.2800
607.4100	291.9433	754.2500
601.6500	291.9067	754.2200
598.7100	291.4367	754.2000
598.2700	290.3900	754.2800
599.3900	291.4500	754.3900
601.8100	291.7367	754.4100
605.7000	292.7933	754.4000
610.7500	293.2533	754.3800
615.8200	294.4933	754.3600
619.4500	294.7967	754.3500
622.3700	295.2900	754.3400
626.0100	295.7333	754.3300
629.3800	289.7367	754.3200
630.6500	289.8533	754.2900
629.8100	288.6467	754.2600
628.3200	287.4300	754.2300
626.7900	287.5667	754.1500
625.0100	288.6167	754.0900
623.0200	291.6067	754.0800
620.9600	292.9567	754.0700
619.3700	293.6267	754.0500
618.9300	293.5233	754.0500
618.7400	292.1533	754.0400
617.6100	289.1200	754.0400
615.3400	289.0267	754.0400
612.2300	291.8800	754.0300
609.5500	291.5800	754.3500
611.6500	290.5100	769.4900
618.2400	289.9733	769.4900
618.6300	290.9033	769.4300
614.2200	292.3700	769.3800
609.3900	293.1033	769.3600
607.9700	293.9067	769.3400
609.1900	293.9133	769.3400
610.6300	293.1433	769.3300
610.9100	292.3833	769.3200
610.2300	294.0267	769.3200
609.1900	292.4433	769.3100
608.1300	291.5700	769.2900
607.1500	295.0467	769.2500
606.2900	296.0100	769.2000
605.5400	296.2233	769.1800
604.8800	295.9433	769.1700
604.3300	296.1333	769.1600
603.8800	296.5500	769.1600
603.4800	296.2867	769.1600
603.1400	294.9300	769.1700
602.8300	290.6967	769.1600
602.5500	290.4500	769.1600
602.2900	291.9433	769.1600
602.0400	293.4500	769.1600
601.8300	294.8767	769.1600
601.6800	295.8067	769.1600
601.8000	295.6767	769.1600
602.6000	296.3033	769.1500
603.7200	297.5233	769.1500
604.2300	299.9733	769.1500
604.0500	300.5933	769.6000
603.5400	300.9800	790.8400
602.9600	297.7567	790.8700
602.4300	296.9767	790.8600
602.0200	297.5233	790.8600
602.4300	297.9200	790.8600
605.3400	301.1533	790.8600
610.6400	301.6267	790.8500
615.8000	300.5667	790.8500
619.5900	299.6233	790.8500
622.0000	295.7467	790.8500
622.9100	297.1233	790.8400
622.7400	298.3533	790.8300
622.1100	299.3833	790.8200
621.4300	299.9333	790.8100
620.8100	300.4100	790.8100
620.2800	300.6633	790.8100
619.8500	301.0667	790.8100
619.5100	301.3433	790.8000
619.2300	301.9133	790.8000
619.0100	301.9967	790.8000
618.8400	300.9733	790.8000
618.7000	299.3867	790.8000
618.5900	300.7533	790.8000
618.4900	302.1033	790.8000
618.4000	302.1733	790.8000
618.3200	302.7567	790.8000
618.2600	302.4000	790.8000
618.2000	301.7933	790.8000
618.1500	302.0233	790.8000
618.1000	302.7367	791.3600
618.0500	304.0400	817.4800
618.0000	304.8900	817.4800
617.9400	303.8533	817.4800
617.4100	302.6567	817.4900
611.3800	303.2800	817.4900
588.8900	303.2600	817.5000
551.4600	303.4367	817.5000
515.3500	304.3900	817.5000
491.3900	306.0000	817.5000
479.4100	306.6967	817.8600
474.7400	306.7100	819.2900
473.3600	306.3633	820.1300
473.1100	307.5700	820.3400
473.1600	307.6433	820.4200
473.3400	306.7100	821.1000
473.8100	305.2633	821.7600
475.0600	304.7267	821.8500
478.2000	305.4433	821.7500
488.1800	303.4300	821.6600
500.7100	303.4667	821.5000
513.3000	304.4567	821.2800
525.0600	305.3667	820.9400
536.8200	306.4833	820.6500
547.6700	307.1733	820.7300
553.9600	307.2467	820.7600
554.0500	307.2900	820.6900
551.4400	306.4967	820.4900
555.4500	305.9000	820.3200
561.7800	306.4700	820.1100
564.1500	307.7233	819.8700
561.3200	308.0200	816.8200
553.7500	308.3967	679.6300
544.4000	308.1100	679.6000
538.0700	306.7867	679.6100
533.9800	305.7300	679.6100
531.9600	305.2100	679.7200
532.2000	305.2900	679.7800
533.3700	304.8900	679.7000
534.2200	304.9667	679.6600
535.9200	306.6133	679.5700
538.1400	307.8733	679.4700
539.0900	308.2233	679.3000
538.1300	308.7167	679.1200
536.6300	308.9700	678.9500
537.4200	308.8833	678.7700
542.2300	308.6633	678.5900
548.6300	308.5167	678.5300
551.5600	307.9133	678.4500
548.4400	307.8900	678.2100
540.5400	306.6967	678.2200
530.6600	305.1067	678.7600
521.0900	303.5533	678.6000
512.9600	302.9267	678.3900
506.7700	302.9100	678.1700
503.2700	302.8233	678.1000
502.7700	303.5600	678.0400
504.4800	304.0900	677.9600
507.1100	304.2300	677.9100
509.1200	304.0267	677.8600
509.4400	303.4533	677.9400
508.2600	303.0867	677.8700
506.3000	304.0733	677.6600
504.1400	305.0433	667.8100
502.1000	305.2200	667.9200
500.3200	305.3467	667.9600
498.8100	305.0833	667.9700
497.4400	305.8967	667.9400
495.7500	305.8900	668.1100
493.5100	303.2567	669.7700
491.7500	301.1367	671.8200
504.4700	301.6467	671.9800
565.3900	302.5500	672.0100
611.6700	302.7733	671.9800
648.5200	302.1133	671.8700
688.5600	302.3400	671.7400
713.4800	302.9467	671.5700
701.6000	303.0533	671.3600
679.7800	302.8200	671.1400
665.2200	301.5933	670.9300
667.4000	301.1133	670.6000
693.0200	299.5400	670.0800
729.7600	300.2133	669.6900
740.3600	301.6167	669.2800
711.2600	302.3433	669.0200
663.5600	302.4933	668.8700
617.1600	302.4200	668.7700
580.0700	302.1167	668.6500
552.7000	300.9133	668.5100
533.1000	299.6400	668.3800
519.1900	298.0067	668.2400
509.5100	296.0267	668.4700
503.2000	295.2233	667.6100
500.4800	294.9467	635.2000
512.0500	293.5733	635.1100
524.2600	291.3600	635.2200
539.0200	292.8600	635.2000
605.8000	293.8367	635.1700
626.3000	294.2200	635.1500
588.7100	294.9367	635.1300
554.8500	296.0633	635.1200
531.2900	296.9933	635.0800
515.4800	296.8833	635.0400
504.6100	297.1400	635.0100
496.6600	296.8133	634.9900
490.8700	296.2700	634.9600
485.6700	295.6000	634.9200
480.9500	295.6000	634.8900
476.9300	296.2633	634.8800
473.6500	296.1433	634.9000
471.0100	294.0600	635.7900
468.8600	293.7100	635.9900
467.1500	294.0167	635.9000
465.9600	293.2200	635.8100
465.3500	292.9000	635.7600
465.0900	291.7000	635.7400
464.8300	291.0367	635.7300
464.5300	290.5900	635.7000
465.5700	287.5300	635.7600
475.5500	286.0867	636.5500
491.6000	287.7867	636.5700
515.0700	288.4567	636.5400
539.8000	288.2867	636.5100
539.6200	288.4600	636.1400
529.9300	288.9833	620.4500
522.6500	289.4067	620.4400
517.1300	287.2500	620.4200
511.1800	286.8833	620.3900
506.2500	287.0600	620.3500
500.8400	287.5267	620.3100
493.8000	287.8333	620.2900
486.0800	288.8167	620.2700
478.1300	289.1033	620.2500
471.9600	289.1200	620.2400
497.0700	288.6967	620.2400
564.1400	286.8733	620.2300
568.9000	287.0533	620.2000
549.4400	287.0700	620.1600
535.4400	286.4700	620.1200
521.8900	285.7033	620.1000
509.2300	285.8600	620.0700
499.0700	285.3100	620.0400
491.1300	284.3400	620.0200
484.8800	285.2767	620.0000
479.3400	286.0133	619.9800
474.9100	286.9567	619.9500
471.5900	286.7300	619.9300
468.7000	286.5700	619.9100
465.7300	284.9767	619.9700
462.6900	282.0200	619.9700
459.8300	281.0100	620.0100
457.3300	281.6200	620.0200
455.2300	283.6100	620.0700
453.5600	281.9200	620.3800
455.8300	281.4067	617.9400
461.2400	282.9933	617.9400
466.4500	282.6433	617.9400
468.6000	282.6000	617.9400
473.5500	282.3867	617.9400
476.6400	282.1400	617.9400
476.2900	282.6900	617.9400
472.0000	281.8300	617.9400
465.7900	281.4500	617.9400
460.4600	282.0133	617.9400
456.2300	281.9900	617.9400
453.0700	281.7367	617.9400
450.8200	281.8767	617.9400
449.8000	282.3667	617.9400
450.3600	283.1433	617.9200
452.0800	282.9000	617.8900
453.7600	283.2933	617.8900
454.6700	281.1867	617.9200
455.7800	280.0700	617.9200
455.7900	279.9267	617.9000
459.1900	279.1933	617.9300
469.2600	279.0933	617.9400
477.5000	278.3300	617.9300
485.6600	278.2033	617.9400
496.2300	278.3200	617.9400
501.3300	278.1500	617.9400
499.1100	278.0700	617.9400
494.7600	278.2200	617.9400
490.9400	279.6867	617.9300
487.5600	279.9500	617.9000
486.0200	280.1500	617.9200
487.8400	280.1867	619.6400
491.7000	279.1100	619.6200
494.0100	279.6167	619.5900
494.7200	280.9767	619.5700
494.5400	281.1933	619.5500
494.1200	281.1367	619.5300
492.8300	281.1733	619.5200
490.7000	281.5267	619.6300
488.6500	280.0433	619.7700
487.7500	282.5467	619.7700
489.6500	282.6500	619.7700
494.2700	282.6333	619.7700
501.5000	282.6867	619.7700
510.1600	282.7333	619.7700
514.3100	282.6400	619.7700
510.7700	281.4100	619.7700
504.4200	281.5400	619.7700
497.4900	281.8967	619.7700
489.8200	282.5333	619.7700
480.7400	283.0133	619.7700
472.3700	283.1000	619.7700
465.5800	283.4333	619.7700
460.6500	283.8000	619.7600
457.4300	284.2033	619.7400
454.9900	284.2033	619.7200
452.5400	283.2700	619.7100
449.9500	284.2067	619.6900
447.4600	283.9733	619.6700
445.2200	283.9000	619.6500
443.1800	283.7833	619.6200
441.2900	284.9200	619.5000
439.7800	286.6733	617.1700
438.9300	285.7300	617.1500
438.8500	280.2467	617.1300
439.5000	280.4400	617.1200
439.9900	280.0600	617.0800
439.7400	277.8533	617.0700
438.8900	277.6633	617.0600
438.0100	277.5567	617.0400
437.6900	278.2067	617.0400
437.4600	279.1433	617.0300
436.7600	280.6200	617.0200
435.6900	282.5467	617.0100
438.3600	280.4367	617.3700
457.3800	281.3733	617.4500
505.9200	283.0567	617.4500
577.0100	284.3133	617.4500
595.7600	284.5433	617.4500
576.4500	284.5200	617.4500
563.0000	284.2533	617.4500
550.2500	284.2233	617.4500
534.3700	283.7067	617.4500
522.7400	284.3200	617.4500
516.7800	284.0300	617.4500
511.6000	284.3100	617.4500
506.5500	283.8833	617.4500
513.7200	281.7133	617.4500
568.8600	281.8033	617.4500
696.1600	281.5867	617.5200
745.9800	281.1900	620.4400
741.2800	280.9467	620.4400
693.9600	281.2067	620.4400
659.5800	282.1767	620.4400
627.3100	282.4600	620.4400
601.3400	282.9233	620.4400
590.7700	284.3033	620.4400
583.0200	285.4533	620.4400
575.7300	286.6200	620.4400
570.2400	287.7267	620.4400
563.7000	288.5533	620.4400
555.4100	288.5000	620.4400
546.2900	288.8500	620.4400
538.4200	289.6900	620.4400
531.7000	288.7967	620.4400
527.3700	284.5800	620.4400
541.5400	283.0167	620.4400
597.9200	282.7733	620.4400
700.6200	283.0233	620.4400
681.1100	283.5933	620.4400
624.4800	284.4900	620.4400
588.7700	285.8800	620.4400
568.2300	287.2700	620.4400
551.5200	288.6567	620.4400
538.1600	288.8967	620.4400
527.9400	289.4000	620.4400
518.0000	289.8233	620.4400
508.3300	286.3800	620.4400
498.8000	285.2733	620.4400
490.2300	286.5300	620.4400
483.1200	289.0600	620.5900
477.2900	290.4833	627.7400
472.4000	289.3633	627.7100
468.1500	286.6800	627.6300
464.5100	285.5667	627.5600
461.8100	284.9000	627.4700
459.8400	283.6667	627.3600
458.3300	284.7900	627.2700
457.5100	286.5367	627.2000
458.1700	289.5300	627.1500
459.5900	291.1900	627.1000
460.0000	291.3167	627.0300
460.2000	291.1667	626.9600
460.7800	291.1300	626.9500
459.1400	290.3433	626.9100
457.5300	287.7300	627.3100
465.9600	285.5967	627.8500
502.3500	286.1633	627.8500
571.0300	286.1700	627.8500
572.2500	286.2667	627.8000
544.5700	287.9200	627.7500
528.6000	289.6533	627.6600
519.5900	289.2367	627.5700
510.6200	286.8967	627.5300
504.9300	288.7033	627.4800
508.9100	290.3267	627.4300
531.2800	290.8167	627.3600
539.5700	290.7700	627.2900
528.2000	291.4133	627.2400
512.7900	290.6800	627.2100
499.0600	289.7833	627.4200
487.6300	290.4567	639.7800
477.4200	291.7467	639.6800
469.5900	292.3400	639.6000
464.0800	289.7533	639.5400
460.5600	290.5433	639.5000
460.6200	291.3933	639.4800
464.7600	291.4400	639.4400
473.6000	290.4433	639.4100
479.5500	289.2333	639.3500
483.5100	289.1767	639.3300
491.6300	290.8633	639.2500
516.6300	292.4533	639.1700
525.3900	294.4367	639.1200
511.9000	295.8167	639.1100
496.1300	294.7067	639.1000
484.0900	294.9933	639.0800
475.2500	296.4700	639.0600
468.6700	297.1133	639.0400
465.5000	295.9533	639.0200
464.5800	295.9833	639.0100
463.6200	297.1000	639.0000
462.3900	297.9233	638.9900
461.5200	298.3533	638.9900
460.9600	298.6167	638.9900
460.2500	297.7467	638.9800
459.1100	297.1200	638.9800
457.6500	298.0067	638.9800
456.1400	300.3567	638.9700
454.7400	301.2200	638.9700
453.5600	300.6767	638.9700
452.5800	299.6867	639.3600
451.7700	299.5467	656.8300
451.0900	300.2567	656.8200
450.5200	300.7367	656.8200
449.9700	300.2900	656.8300
447.2000	300.2933	656.8700
447.3500	300.0967	656.9000
449.9400	299.9867	656.9200
453.5500	300.3700	656.9200
456.5200	299.4900	656.9300
458.2800	298.7733	656.9300
459.1800	297.5100	656.9300
459.6600	297.5133	656.9300
459.9800	297.7333	656.9300
460.2500	298.8800	656.9200
460.5200	300.1833	656.8900
460.7600	300.5900	656.8200
461.0000	301.0733	656.8000
461.2200	301.4133	656.8000
461.4000	300.3400	656.8000
461.4900	298.5333	656.7900
461.5100	297.4133	656.7900
461.4500	297.5167	656.7800
461.3200	297.2000	656.7400
461.1300	296.7167	656.6700
460.9000	295.5500	656.6700
460.6400	297.2733	656.6700
460.3700	299.3967	656.6500
460.1300	301.0600	656.6400
459.9200	301.2067	656.6400
459.7800	300.7567	657.0900
459.7500	300.2800	678.5000
459.9700	300.4800	678.4900
460.4000	300.5233	678.4700
460.8900	301.5333	678.4600
463.7400	302.5967	678.4500
479.5000	302.5133	678.4500
516.1100	301.9100	678.4500
556.9500	301.8600	678.4500
582.4000	302.5200	678.4500
592.7000	303.8100	678.4500
595.7400	304.8733	678.4400
596.4700	304.6700	678.4500
596.6300	305.5633	678.4500
596.6800	304.8767	678.4700
596.6900	304.5767	678.4600
596.6600	305.2000	678.4100
596.5400	305.0733	678.5600
596.3900	304.6500	679.0100
596.3200	304.1400	679.4600
597.0100	303.2133	679.3500
599.9700	304.1633	679.3300
601.6800	304.7267	679.4600
601.7500	305.3833	679.5800
601.9200	305.5000	679.9900
605.4700	305.6933	682.1900
613.3100	304.7333	682.0100
626.9900	304.7967	681.9500
640.5200	305.1567	682.3600
644.4300	304.7367	683.0000
647.3100	305.1800	683.3200
650.5100	305.2167	681.0700
654.2700	304.8700	561.0000
664.3400	302.9900	561.1300
679.1600	302.7700	561.0000
691.4000	303.2633	560.8000
701.8800	304.1367	560.6300
709.2200	304.5100	560.4300
710.7300	305.0733	560.0500
706.7000	305.8667	559.6600
700.7000	306.4967	559.2600
693.8900	307.2633	558.8400
686.1900	307.8367	558.4800
676.6500	307.5433	558.2500
668.2700	306.5667	557.9800
661.9500	307.2600	558.4200
658.7900	307.4233	560.0500
657.2600	305.8833	560.9700
660.9800	305.6567	560.8800
672.4700	305.0767	560.7800
707.6500	305.5933	560.7200
732.2100	305.4633	560.6800
744.5100	304.2333	561.1200
744.7200	303.8167	561.0200
737.3800	303.8400	560.9900
738.9600	304.8267	561.0500
764.7800	305.7633	561.0100
784.8500	305.1800	560.8200
792.8500	304.2700	560.9500
792.8100	303.9267	561.3700
788.4300	303.7567	561.2200
804.2900	303.8200	560.9600
837.9500	304.4200	560.5200
842.4300	305.0667	552.0500
810.6500	305.9367	551.9300
771.5000	306.0767	551.7500
740.1500	305.6100	551.4500
716.8500	304.8767	551.9800
699.3900	304.5933	552.2500
689.8400	303.9667	552.1300
701.4400	303.3433	551.9600
728.8800	302.0333	551.7900
735.5500	300.8633	551.7600
726.2400	300.2700	551.5600
713.2000	301.2567	551.3200
700.4600	302.7033	551.0700
689.8300	301.4033	550.7900
680.7300	302.0833	550.5900
674.1800	302.2733	550.4100
669.7300	301.3833	550.2100
666.4300	299.5867	550.0700
663.1000	299.3400	549.8200
660.4600	300.7833	549.5200
659.1000	301.1800	549.3600
654.6300	301.2367	549.3000
647.7200	301.3967	549.2800
639.3400	301.7400	550.2800
630.6300	301.0767	551.6200
623.0000	301.0267	551.6900
616.9900	301.1000	551.5500
612.5400	300.4733	551.4200
609.4100	300.5033	551.1600
607.2500	300.2967	550.3500
605.7300	300.1333	522.9700
604.5900	299.0567	522.8300
603.6600	297.6467	522.7600
602.8000	296.9467	522.7300
600.9100	296.8133	522.6600
596.3700	297.5000	522.5800
596.3300	297.6200	522.5700
608.3400	297.1433	522.5500
618.6100	298.1100	522.4900
624.0700	297.5200	522.6200
632.8900	296.1933	523.0700
640.4200	297.3167	523.0000
637.7100	297.2700	522.9100
626.7300	294.1500	522.8300
613.4800	296.0100	522.7600
601.5100	296.0300	522.6800
592.2100	296.9000	522.6300
586.0700	297.8000	522.5900
582.8900	298.3800	522.5500
581.7400	298.6633	522.4900
581.3200	298.3400	522.4200
580.7400	298.5633	522.3800
579.7200	297.6767	522.3300
578.4200	296.4267	522.2800
577.0100	293.6967	522.0500
575.6400	291.6900	521.9700
574.2000	292.4233	521.9100
572.3900	293.8700	521.8900
570.0200	295.2267	521.8700
567.2700	294.3467	521.8500
564.5700	290.1500	521.5700
562.2100	288.4267	509.6400
560.3200	289.1967	509.6500
558.8500	288.9667	509.6500
557.6600	287.3000	509.6500
556.2700	286.8367	509.6500
553.4800	288.0000	509.6600
549.1400	289.1767	509.6600
545.2400	288.1900	509.6500
543.8500	290.2667	509.6500
545.2700	290.0967	509.6300
546.7600	289.1367	509.6400
546.6900	288.4967	509.9800
550.2400	284.9967	510.2900
561.8400	285.5833	510.2900
605.4200	285.6100	510.2900
665.8300	285.7333	510.2900
680.3500	285.1000	510.2900
697.3000	285.7367	510.2900
715.7800	285.8967	510.2900
712.0100	286.3600	510.2900
696.9100	286.0567	510.2900
680.6300	285.7800	510.2900
663.7800	280.5400	510.2900
646.6300	279.6367	510.2900
630.1800	281.8400	510.2900
615.9400	282.5667	510.2900
604.9000	281.2167	510.2900
596.3000	280.0433	510.2900
589.6700	282.3433	510.2900
584.2500	283.4233	510.2400
579.7100	283.6967	508.2200
576.0000	283.4933	508.2200
573.0300	282.6600	508.2200
570.6300	282.6200	508.2100
568.5800	283.1500	508.1800
566.5900	283.8033	508.1600
564.5400	284.1600	508.1300
562.6400	283.8800	508.1100
559.3200	280.3333	508.1300
563.5200	278.2467	508.1100
579.9500	278.7600	508.0900
585.3400	278.8267	508.1800
580.7900	279.3233	508.2200
573.3100	279.5200	508.2200
568.0100	279.3033	508.2200
568.0800	277.8167	508.2200
571.9200	276.9433	508.2200
578.4200	277.5533	508.2200
584.1900	278.5167	508.2200
586.8700	280.6867	508.2100
588.2400	282.1567	508.1900
587.7400	281.0233	508.1700
585.5700	279.7300	508.1400
582.3700	280.8833	508.1200
578.8500	282.3167	508.1400
577.8100	280.8867	508.1300
594.2900	277.5533	508.2000
690.7300	276.2733	508.2200
715.8000	276.1733	508.2200
673.2300	277.4267	508.2200
643.4600	278.2933	508.2400
627.0800	278.6767	509.6100
620.3500	279.5333	509.5900
617.4800	279.4900	509.5800
612.1000	277.5467	509.5600
607.8600	276.3267	509.6000
606.9500	275.7867	509.6200
606.3400	277.3033	509.5900
603.4200	278.7567	509.5400
599.5400	278.8600	509.4900
596.2000	279.6900	509.4400
593.6400	280.2133	509.3900
592.2000	280.8433	509.3400
590.5400	281.1133	509.3100
588.6900	280.7933	509.2700
585.4000	280.1433	509.2300
580.2700	280.0433	509.2100
574.7200	279.0400	509.1900
569.7800	278.8133	509.1700
565.7100	279.6833	509.1500
562.4500	279.8700	509.1300
559.7800	279.1467	509.1700
557.5700	278.2300	509.5500
555.7200	277.6100	509.7200
554.3000	278.8767	509.7200
553.5300	279.5333	509.7200
553.1600	277.7200	509.7200
552.8800	277.8600	509.7200
553.0100	279.0700	509.7200
553.8700	278.9967	509.7200
555.5000	279.9233	509.7200
558.1800	280.6200	509.6800
562.0000	278.5267	507.8200
567.2200	278.3067	507.7900
578.0600	279.6700	507.7800
592.6500	278.7633	507.8100
612.3100	278.8800	507.8200
644.2900	277.9033	507.8200
652.8900	278.6200	507.8200
640.9700	278.8800	507.8200
628.0800	278.3633	507.8100
617.6500	277.7967	507.7900
609.4400	277.6833	507.7500
602.8800	277.5500	507.6900
597.1100	276.5433	507.6500
590.9700	277.6500	507.6100
586.2800	278.9500	507.5700
582.8900	280.7500	507.5500
580.2200	282.8100	507.5200
577.9000	284.4300	507.4800
575.4400	284.4633	507.4600
572.9800	282.9433	507.4600
569.5700	281.7200	507.4900
571.6600	281.4633	507.4900
588.0000	280.3067	507.7000
664.3800	280.3700	507.8200
776.6000	282.1267	507.8200
792.1500	282.1200	507.8200
764.0100	281.4967	507.8200
862.9900	279.9633	507.8700
886.5900	280.4633	510.2800
827.4900	280.6767	510.2800
782.2600	280.8600	510.2800
762.4600	281.6967	510.2800
732.5500	282.1367	510.2800
698.1100	282.7433	510.2800
670.5800	283.7233	510.2800
650.4100	284.4567	510.2800
632.5200	285.6333	510.2800
620.1200	287.8867	510.2800
612.7000	287.7867	510.2800
612.4600	288.7667	510.2800
620.5700	289.5267	510.2800
625.2500	289.8633	510.2800
623.1700	290.0233	510.2800
619.5000	288.8700	510.2800
615.6000	288.7900	510.2300
611.3800	289.2733	510.1900
606.8000	290.2267	510.1500
601.2500	291.3667	510.1000
595.8700	292.1733	510.0500
591.8400	292.2267	510.0100
587.7600	291.9933	509.9700
583.6700	291.1000	509.9200
581.3700	290.0267	509.8700
581.1000	289.5700	509.8300
580.8800	288.4367	509.7900
578.9200	287.6333	509.7500
575.4200	287.0533	509.7100
571.3400	288.0500	509.6700
568.2700	289.8233	509.7500
565.7800	291.5533	515.4200
563.6200	288.6533	515.9000
586.2800	284.5867	516.3700
666.9100	284.5833	516.3700
744.0300	286.7133	516.3700
736.6300	288.6533	516.3700
697.1500	289.4633	516.3700
680.0800	290.5667	516.3700
695.1400	290.8900	516.3700
714.5100	291.5867	516.3700
724.6400	289.5933	516.3700
717.1300	290.3467	516.3700
695.4900	291.5833	516.3700
673.6100	291.3567	516.3700
657.5200	291.0800	516.3400
646.4800	291.4167	516.3000
636.8300	290.9900	516.2800
628.2800	289.1967	516.2200
620.0300	288.6300	516.1000
612.2000	289.5000	516.0400
606.5100	290.6633	515.9900
605.3800	290.7800	515.9300
604.6900	289.1800	515.8600
601.6600	291.0867	515.8000
597.9600	292.9567	515.7600
594.3900	293.3167	515.7000
590.8500	294.4267	515.6400
587.1200	294.8367	515.5600
583.6100	293.7800	515.4900
580.6200	289.8700	515.6700
578.1400	291.6767	525.7600
576.0800	294.3000	525.7500
574.3800	296.0100	525.6800
573.0700	296.7400	525.5600
572.4400	296.9667	525.4700
573.4300	295.4500	525.4100
576.1000	294.6167	525.3400
578.8100	294.8367	525.2700
580.3000	295.4967	525.2500
580.5600	295.1633	525.2300
579.8100	294.2933	525.2000
578.0800	292.2533	525.1900
575.5300	291.8333	525.1800
572.6700	293.5867	525.1600
570.0000	294.5900	525.1500
567.9500	295.1533	525.1300
567.1500	295.5567	525.1100
567.6300	295.4733	525.0900
567.7200	294.6800	525.0700
566.9400	294.2133	525.0700
565.9000	293.4033	525.0600
564.9700	292.8467	525.0500
562.5900	293.7533	525.0500
560.3900	293.9633	525.0400
559.7100	294.2367	525.0400
559.2300	293.9433	525.0400
558.8300	295.3033	525.0400
558.4600	296.9767	525.0300
558.1300	296.0600	525.0400
557.8400	294.8833	525.0400
557.5800	296.7633	525.3300
557.6200	298.0967	539.3900
560.6700	298.2433	539.3900
566.1000	299.0467	539.3600
567.6500	299.1167	539.3400
567.3200	299.6667	539.3300
568.2900	300.1033	539.3300
571.2900	299.3700	539.3200
574.3800	297.9833	539.3100
575.9200	296.1533	539.3100
576.1000	292.3767	539.5200
575.6900	294.7533	539.4700
575.1600	296.0633	539.4400
574.6500	296.9300	539.4100
574.2200	298.4400	539.3900
573.8500	299.1600	539.3700
573.5400	299.3333	539.3500
573.2700	298.0333	539.3400
573.0700	298.2033	539.3500
572.9000	297.7400	539.3400
572.7900	298.0600	539.4300
573.5000	298.4633	539.4200
582.4200	299.7167	539.4000
591.7700	299.7567	539.3700
591.0400	300.5800	539.3600
586.1900	301.1533	539.3500
582.4800	300.8400	539.3500
579.9600	300.5700	539.3400
578.1500	300.3200	539.3400
576.8100	299.2433	539.3300
575.8300	298.6867	539.7000
575.2100	298.2033	557.0100
575.0100	298.6067	557.0200
575.3800	299.0967	557.0500
576.8000	299.1700	557.0700
584.6900	300.3667	557.0700
613.5800	301.4100	557.0700
661.2200	301.5333	557.0700
699.8700	300.5233	557.0700
717.6100	300.3367	557.0800
722.7200	300.2800	557.1000
723.5200	301.0300	557.1000
723.4000	302.1033	557.1400
723.3000	303.3333	557.5800
723.3300	301.6533	559.0500
723.3600	301.5933	560.7000
723.7800	302.2467	560.6500
728.2500	302.6400	560.9700
736.9300	302.4433	561.1200
756.6900	303.7200	560.9800
775.2400	303.1633	560.8400
791.5100	303.6000	560.6200
807.1900	304.2167	560.2400
822.1700	304.0633	560.0000
828.2700	304.6067	559.8100
823.6600	304.5267	560.0700
814.9700	304.8900	560.4100
808.4500	304.8533	560.8400
803.5900	303.1133	560.7700
797.4900	303.7900	560.7900
798.0700	304.3100	560.6200
805.8100	304.3100	562.2800
811.6700	304.8467	654.3500
811.4000	304.4933	653.8700
805.9200	303.7800	653.3500
798.6100	303.4800	653.1100
793.6000	304.0200	652.9100
790.0800	303.9467	652.7400
785.6800	303.8433	653.2600
782.4700	304.6633	653.2200
785.4800	305.8567	653.1000
799.6500	305.8167	652.9900
817.7500	306.2433	652.9300
825.4700	306.2833	652.9800
822.8900	306.1400	653.1300
817.4100	304.3233	654.9700
808.0600	304.6333	655.2500
801.6200	303.4400	655.4600
798.9800	300.8233	655.6300
798.9400	300.9567	655.5900
809.4200	302.2367	655.5000
825.0500	302.2433	655.3400
839.7600	302.9833	655.1400
847.4200	303.1167	654.8300
855.6100	302.5400	654.4900
862.3700	301.1500	654.1400
861.0500	300.7267	654.0600
855.5300	301.6467	653.7800
849.2100	302.0567	653.5000
841.1700	301.9133	653.1600
828.6600	303.1933	652.8900
813.5100	303.3533	652.5800
798.1700	304.0900	652.3100
785.2300	304.3967	642.8400
775.3500	304.0067	642.7400
768.0200	303.4200	642.6800
762.4500	299.9967	642.7600
757.3600	298.9200	643.0300
751.2800	300.5800	643.0100
745.0200	301.8267	642.9000
741.0000	302.4267	642.8600
740.8300	303.0033	643.7700
743.9300	303.1167	644.1300
748.5400	303.1300	643.9200
756.5400	303.0633	643.6700
769.9500	301.8200	643.3600
777.6200	300.8667	643.0700
777.1100	300.7833	642.8600
771.8600	300.9567	642.6800
764.6600	300.6633	642.5400
758.2400	300.4067	642.5200
752.5500	299.7433	643.9900
747.3100	296.8933	645.8000
746.8200	294.2900	645.7100
769.2700	293.2100	645.5400
825.0800	295.0233	645.3400
867.3600	297.5300	645.1000
887.6600	298.0500	644.7600
890.6400	298.9567	644.5300
876.4400	298.7833	644.2900
853.6100	298.5500	644.0000
828.7500	297.0600	643.7400
805.5600	295.5000	642.9000
786.9100	296.0633	611.3000
781.8300	296.2433	611.1800
793.2000	297.1467	611.1200
802.0500	297.1833	611.0800
805.2000	296.5700	611.0100
797.8800	296.3967	610.9600
781.2800	296.6633	610.9300
765.5800	297.1367	610.8700
755.6800	296.6767	610.8400
749.7800	295.9667	610.8100
743.6700	294.7633	610.7600
735.7200	293.5867	610.7400
727.1600	294.8733	610.7100
719.4700	292.6233	610.6800
713.3100	294.2867	610.6600
708.7900	294.1633	610.6200
705.7700	292.2300	610.5700
703.8200	290.8667	610.5200
702.2900	291.2167	610.4900
700.7100	289.8033	610.4500
711.3100	286.7867	611.1100
1077.5300	284.9767	612.3100
1525.6100	285.7067	612.3200
1306.4600	286.7267	612.3200
1148.7100	287.1967	612.3200
1064.7800	287.1233	612.3200
981.4700	286.5533	612.3200
937.7800	284.5867	612.3200
1048.7500	283.5900	612.3200
1181.7200	283.9767	612.3200
1059.8500	285.0467	612.0000
957.1900	284.2800	596.7100
910.6200	283.4167	596.7100
880.2400	284.5033	596.7100
855.5600	285.4567	596.7100
833.0800	286.5133	596.7100
807.2600	287.9500	596.7100
779.4900	287.8800	596.7100
764.7300	285.8067	596.7100
873.0400	284.0433	596.7100
1098.9200	283.9467	596.7100
1037.1600	284.4067	596.7100
933.7500	284.3567	596.7100
895.6900	284.1767	596.7100
867.6200	284.2733	596.7100
845.0500	283.9367	596.7100
824.6600	285.0200	596.7100
801.0700	285.9100	596.7100
779.7800	285.9233	596.7100
761.5200	285.7667	596.7100
744.9600	284.9567	596.7100
729.1200	282.6133	596.7100
723.6000	280.7233	596.7100
753.6600	280.7800	596.7100
805.3600	281.2233	596.7100
832.8800	281.6033	596.7100
826.9100	282.0800	596.7100
821.4100	282.5033	596.7100
818.8100	282.4400	596.7100
816.6700	279.2767	596.7100
820.5300	278.0433	596.6600
821.0200	277.9967	594.3000
803.5600	278.0300	594.3000
781.9600	277.8067	594.3000
762.0800	277.8067	594.3000
744.5600	278.6667	594.3000
729.0800	279.0600	594.3000
716.9800	280.5367	594.3000
709.6000	281.0100	594.3000
707.5800	281.2267	594.3000
718.0700	281.1733	594.3000
739.9000	281.9700	594.3000
752.5400	282.8933	594.3000
750.1900	283.0133	594.3000
747.5600	283.2500	594.3000
746.4000	282.7167	594.3000
743.9700	280.8200	594.3000
739.5800	279.6267	594.3000
732.4100	279.4333	594.3000
722.3000	279.3667	594.3000
711.2000	279.6067	594.3000
701.3700	280.6433	594.3000
693.5600	279.2800	594.2900
687.4100	277.0833	594.2900
682.3500	275.8400	594.2900
678.0100	276.2567	594.2900
674.2500	276.9667	594.2800
671.0300	278.9733	594.2500
668.3600	280.7600	594.2200
691.9100	280.4833	594.2900
889.0300	279.5233	594.3000
1111.9900	279.6400	594.3300
1047.2100	279.3133	596.0500
910.8100	279.2300	596.0500
871.4800	279.6367	596.0500
887.1000	279.0467	596.0500
966.3600	277.4767	596.0500
1018.1400	278.3000	596.0500
998.6100	278.2100	596.0500
947.7900	278.6667	596.0500
935.5300	280.1300	596.0500
1006.5000	280.8000	596.0500
1217.6900	280.8667	596.0500
1406.7000	279.0333	596.0500
1442.2100	278.1600	596.0500
1277.9000	278.7000	596.0500
1130.0400	279.5433	596.0500
1033.7600	280.3700	596.0500
953.4900	281.6133	596.0500
889.0000	281.5400	596.0500
841.0700	281.9633	596.0500
806.9100	282.8000	596.0500
782.1000	283.3467	596.0500
762.6400	283.6333	596.0500
747.1800	283.7267	596.0500
734.5200	283.5167	596.0500
724.6600	283.1267	596.0500
716.9700	282.7233	596.0500
716.3200	281.1867	596.0500
751.7200	280.1733	596.0500
817.3600	280.7767	596.0500
876.6900	280.0200	596.0500
904.2700	279.6100	596.0100
890.1500	279.3667	593.8300
848.3900	279.3533	593.8300
814.7100	279.4167	593.8300
794.3400	280.0867	593.8300
778.5700	281.2933	593.8300
763.6800	282.3067	593.8300
750.3900	282.5100	593.8300
740.2300	280.9400	593.8300
749.4200	279.3700	593.8300
773.8100	279.5300	593.8300
771.3300	280.2067	593.8300
801.2300	280.8967	593.8300
946.8500	281.5667	593.8300
1032.3300	282.8167	593.8300
967.6400	283.4133	593.8300
910.8000	283.2633	593.8300
890.9500	283.2733	593.8300
881.1000	283.2033	593.8300
897.9800	281.7200	593.8300
1039.5600	280.6900	593.8300
1200.2500	281.6333	593.8300
1260.8900	280.9700	593.8300
1248.3000	280.8167	593.8300
1188.8600	281.5433	593.8300
1098.7000	281.8733	593.8300
1013.8100	282.0567	593.8300
962.2600	282.7333	593.8300
936.8200	282.9933	593.8900
918.4300	282.9833	596.7000
899.6600	283.5133	596.7000
877.8500	283.6233	596.7000
859.7700	283.4867	596.7000
861.1500	283.5967	596.7000
866.2300	283.3067	596.7000
855.0700	283.4567	596.7000
837.4700	284.0733	596.7000
824.0600	284.8700	596.7000
814.2100	285.9733	596.7000
806.9400	286.0067	596.7000
798.1800	286.3800	596.7000
788.4000	286.3200	596.7000
781.9600	285.1733	596.7000
778.8300	282.3433	596.7000
776.8900	281.8300	596.7000
774.0800	282.6800	596.7000
769.4800	284.6600	596.7000
763.6500	284.5433	596.7000
758.2200	283.0167	596.7000
762.2400	283.2467	596.7000
805.1700	283.8633	596.7000
849.2200	283.6300	596.7000
872.1300	282.4000	596.7000
952.3300	282.4233	596.7000
981.6800	282.4400	596.7000
949.9200	283.0100	596.7000
904.5500	284.4900	596.7000
850.7700	284.7800	596.7000
814.8200	284.3033	596.6300
796.0700	283.0067	596.7400
792.3100	282.9767	603.6500
795.3400	285.2000	603.6100
793.0700	286.5767	603.5400
784.0500	287.2600	603.4800
777.1300	285.3800	603.4100
776.2000	285.2033	603.3600
774.5200	287.5733	603.3100
770.6000	288.0900	603.2700
767.8500	286.2667	603.2200
767.9200	284.2600	603.1700
774.7200	284.3933	603.1300
787.0300	286.1900	603.1100
784.7800	287.6400	603.0900
778.2900	288.4433	603.0700
774.7100	287.8167	603.0300
773.8400	288.5233	603.0100
771.2900	289.8200	603.0400
766.5100	289.9800	603.0600
765.4800	288.8500	603.0500
770.1700	286.3300	603.0300
773.3200	285.8900	603.0000
785.0100	287.4333	602.9800
803.8600	289.4967	602.9700
797.1300	289.7033	603.6000
816.7000	288.2233	603.8200
992.3000	288.2167	603.8200
1062.1600	289.0267	603.8200
1002.4000	287.6967	603.8200
956.7400	285.9967	603.8200
993.0100	286.6933	604.0800
1034.2900	288.0333	616.2700
984.5400	288.3533	616.2200
941.6000	288.9800	616.0200
919.4200	289.4200	615.8800
918.2800	289.8033	615.7300
907.3400	288.2567	615.6400
883.7400	286.5867	615.5500
879.0800	286.3367	615.4500
910.9900	287.0067	615.3100
924.1800	286.1467	615.2400
916.8500	284.2233	615.2100
911.5700	284.6933	615.1500
916.1500	286.5667	615.1100
919.7500	288.6867	615.0800
898.9900	289.8133	615.0400
873.5800	290.4800	615.0200
858.0900	289.3067	615.0000
853.2400	288.1133	614.9700
867.7400	289.2700	614.9400
889.5700	290.9600	614.9000
877.1600	291.9133	614.8300
837.4600	292.9133	614.8100
808.6500	293.6533	614.7900
790.7300	294.1400	614.7700
777.9300	294.0533	614.7500
767.6300	294.2733	614.7400
758.2800	294.3633	614.7300
750.4600	293.9833	614.8200
744.4600	293.7167	614.9500
739.9900	292.6633	615.0000
736.5500	292.4900	615.3700
733.9500	292.4933	632.2600
730.9700	292.9267	632.2400
727.3000	293.5267	632.2100
724.9400	293.9100	632.1800
746.2600	294.8400	632.1400
776.4400	294.8367	632.1000
770.5700	294.0900	632.0700
759.7900	293.4100	632.0100
752.3200	293.8100	631.9500
746.8700	294.1167	631.8900
743.0800	293.7533	631.8800
741.9800	294.8133	631.8800
769.2100	295.3233	631.8800
833.4800	296.5433	631.8700
820.7200	297.0133	631.8500
807.3200	297.0400	631.8300
1149.0500	296.6867	631.8200
2139.4600	295.4067	631.8100
2546.1000	295.2633	631.8000
2606.5700	296.1633	631.7800
2629.8300	297.9467	631.7700
2597.2700	299.1800	631.8600
2502.4600	299.7100	632.4200
2384.8400	298.6533	632.6800
2274.9700	298.2233	632.7200
2183.7700	296.7800	632.7600
2109.9100	296.7000	632.6900
2031.0500	297.5267	632.6000
1946.2900	296.8833	632.5000
1866.5700	298.4867	632.8500
1807.4400	299.8867	653.5300
1786.5600	300.3767	653.3800
1809.3300	300.4600	653.2400
1851.2400	300.9133	653.1600
1879.2600	300.9333	653.1300
1877.5600	300.9767	653.1100
1847.6100	300.6267	653.0800
1803.0900	300.7967	653.0700
1751.8700	300.9733	653.0200
1690.7300	300.8567	652.9700
1619.2200	301.1300	652.9500
1543.0500	302.1667	652.8900
1466.3700	303.2867	652.8700
1391.1900	303.5833	652.8700
1321.4100	304.0700	652.7900
1261.3900	304.7067	652.7600
1212.1900	304.9733	652.7600
1169.5500	305.5500	652.8300
1127.5100	305.4433	653.2700
1083.2600	305.0233	653.6700
1039.5700	304.5500	653.7200
1005.0000	304.8767	653.8800
985.6900	302.9467	655.1200
982.2200	301.4100	657.0700
1007.4900	300.6600	657.4500
1085.5800	300.8867	657.2500
1112.1700	302.4367	657.0400
1089.5300	303.6300	656.8200
1074.1100	304.5400	656.6000
1076.4300	304.9233	656.5400
1088.2300	304.3267	663.4500
1093.7300	304.2367	957.5800
1101.3400	304.4867	957.5800
1118.2100	304.2300	957.6000
1238.4400	304.0900	957.7400
1336.7700	304.7167	957.8700
1280.8200	304.8600	957.8200
1223.8200	305.3767	957.6900
1190.7100	305.7433	957.8300
1160.8000	305.3933	957.9000
1147.1400	302.9533	957.9000
1224.8100	300.8133	957.9000
1290.4800	301.5233	957.9000
1279.9800	302.0733	957.9000
1264.1000	302.3400	957.9000
1274.3500	302.4500	957.9000
1308.6500	300.2833	957.9000
1333.0800	300.2900	957.8000
1290.1800	301.0400	957.5200
1246.2300	301.7533	957.1900
1228.7300	302.8467	956.9300
1218.5300	303.9500	956.4900
1195.9800	304.2233	956.1400
1170.5000	304.0367	956.0700
1150.0700	303.5767	956.4400
1130.0500	303.4000	956.5700
1108.2700	303.8167	956.2300
1087.1900	304.6800	955.9700
1069.3700	305.5200	955.6800
1058.3000	305.4867	955.4600
1052.1500	304.5833	955.2200
1045.9800	303.2067	954.5800
1038.3500	302.9767	940.4600
1029.7800	303.1633	940.4800
1020.9200	303.1000	940.3100
1012.3100	302.6633	940.9900
1003.0700	301.8900	941.1200
993.0900	301.8400	941.0400
985.4800	301.4200	940.8900
982.1400	301.5833	940.7600
984.0300	301.1867	940.6400
990.4200	298.4667	940.6000
996.2400	297.9300	940.4900
997.6900	297.5400	940.3000
995.7900	296.7833	940.1500
992.8500	296.9833	940.0800
990.0700	297.6800	940.0000
988.1700	297.9500	939.9100
987.2500	297.6867	939.7900
986.5000	298.0600	939.7000
985.1000	298.7733	939.5600
982.9700	300.5200	939.4400
980.4700	300.5467	939.4000
977.9600	299.5600	939.5600
976.7900	298.0433	939.5300
990.0500	297.7867	939.4800
1008.2800	297.0567	939.4000
1007.4400	298.8333	939.2600
997.7800	300.2500	939.1600
988.8000	298.1833	939.1100
981.9800	296.7833	939.0500
978.8800	297.7467	938.0100
982.5000	298.5067	891.7400
986.8000	298.4067	891.7500
986.8200	297.3433	891.7500
982.7200	296.0400	891.7300
970.5300	292.6933	891.7300
949.6400	292.1500	891.7200
930.0300	294.3667	891.7200
917.9400	295.0867	891.7200
911.2400	294.1167	891.7700
907.2100	292.0933	891.7700
903.7100	292.0233	891.7600
899.7800	292.8867	891.7400
898.1900	293.1333	891.7300
897.2600	293.8000	891.7200
896.8100	294.3667	891.7200
897.0900	293.8600	891.7400
898.2500	294.2133	892.3200
907.1900	290.7167	893.1800
972.8700	288.1667	893.1800
1210.3700	288.1100	893.1800
1314.1300	289.9767	893.1800
1194.1900	291.7433	893.1800
1118.6700	292.2500	893.1800
1080.8000	292.7867	893.1800
1052.4800	292.8267	893.1800
1029.7900	291.6667	893.1800
1009.7500	290.3333	893.1800
991.3600	290.1167	893.1800
975.6700	289.4933	893.1700
976.1000	289.7200	893.0900
1009.7000	289.5633	892.5100
1010.7400	289.0100	870.4100
992.8700	289.8567	870.4100
975.4900	289.9400	870.4100
959.8500	288.5267	870.4100
944.6300	288.0633	870.4100
927.4600	288.4467	870.4000
911.2500	289.3167	870.3600
900.5200	289.6467	870.3300
893.8900	290.2067	870.2900
889.4800	290.6200	870.2700
886.2400	289.2100	870.2600
886.4400	287.8267	870.3200
905.5600	287.7700	870.3300
927.0600	288.1033	870.3100
933.2300	287.9367	870.3000
925.6100	284.6300	870.2900
916.1100	284.4267	870.2800
907.0000	284.6167	870.2700
899.2900	284.2900	870.0700
892.6400	284.2367	870.0600
887.5600	284.2300	870.0400
884.3600	284.4300	870.0300
881.9900	284.7633	870.0100
880.1200	286.3000	870.0000
878.6300	286.2867	869.9800
877.3900	285.2467	869.9600
876.3500	282.1700	869.9400
875.4600	279.1933	869.9200
874.6900	279.7367	869.8800
874.0400	280.4667	869.8000
873.4800	281.7200	866.4300
873.0600	282.8600	866.4100
873.1600	283.6100	866.4000
874.2300	280.1333	866.3900
883.1900	278.2767	866.3800
912.5500	278.2467	866.3700
920.7200	278.3867	866.3700
909.0400	278.0933	866.3600
897.4100	277.6767	866.3600
889.5500	278.0167	866.3500
883.4600	278.7467	866.3500
878.9300	279.6767	866.3500
876.1400	280.3767	866.3500
874.0100	279.9433	866.3500
871.2700	277.9900	866.3500
868.0800	277.2233	866.3700
866.7600	277.3000	866.3700
865.8200	277.8733	866.3600
865.0900	279.2233	866.3600
864.5500	279.9167	866.3600
864.3100	280.8400	866.3500
864.2300	281.4300	866.3500
864.2100	282.0900	866.3500
865.2100	281.9133	866.3400
867.4600	282.1033	866.3300
869.3100	281.9633	866.3300
869.6900	282.1667	866.3200
869.9500	281.8133	866.3200
872.4400	281.6500	866.3200
879.5200	280.6900	866.3100
887.8900	280.3600	866.3600
890.7000	281.2267	868.7400
889.3000	282.3433	868.7300
891.3500	281.6500	868.7400
918.5000	280.8033	868.7400
985.8800	280.4567	868.7300
1000.0400	280.7300	868.7300
968.8900	281.1600	868.7300
938.2500	281.1600	868.7300
917.5000	279.9500	868.7300
903.7700	278.5267	868.7200
894.3000	278.8000	868.7200
887.1500	279.1333	868.7200
881.4300	279.6000	868.7200
878.2700	281.0100	868.7200
877.1800	281.0033	868.7200
875.6700	279.0800	868.7200
873.3700	277.9733	868.7200
871.4900	278.5967	868.7200
870.7700	279.8367	868.7200
872.2300	278.4400	868.7200
873.4900	278.1033	868.7200
875.0100	278.5767	868.7200
876.4700	277.5433	868.7200
877.8700	277.3667	868.7200
877.7700	279.3100	868.7200
876.3800	279.5433	868.7200
874.7600	279.7967	868.7200
873.9400	280.1033	868.7200
879.2300	280.7667	868.7200
886.4300	281.7900	868.7300
889.2600	282.1800	868.6700
890.9000	282.9600	865.6400
893.1800	283.3633	865.6300
896.6700	283.8367	865.6200
898.1200	283.6367	865.6200
896.0400	283.8867	865.6200
890.9400	281.8600	865.6200
886.4500	280.8733	865.6200
883.3700	281.3267	865.6100
881.3000	281.9867	865.6100
880.4400	282.5567	865.6200
880.6100	281.7000	865.6200
880.6800	280.8067	865.6200
879.8600	281.5067	865.6200
878.2700	282.7367	865.6200
876.3500	283.4267	865.6200
874.4800	280.9000	865.6200
872.8000	279.4733	865.6200
871.3500	280.0500	865.6200
870.1200	279.8200	865.6200
869.1300	280.2600	865.6200
868.5200	280.3367	865.6200
868.4300	279.1567	865.6200
869.5200	280.1900	865.6200
873.3400	281.8733	865.6200
878.0100	283.5767	865.6200
879.9500	284.7033	865.6200
878.5500	284.8933	865.6300
876.0600	286.4433	865.7300
876.0700	283.8667	869.7100
886.4200	282.2600	869.7200
918.6600	282.1000	869.7200
938.4200	282.6000	869.7200
932.5800	282.8867	869.7200
920.9200	285.3400	869.7100
910.1900	285.5600	869.7100
901.1500	283.7800	869.7100
892.0900	283.2733	869.7100
891.2000	283.2733	869.7000
904.7500	281.1867	869.9600
925.8500	280.6733	870.4000
975.3100	280.6600	870.4000
1025.0300	281.5067	870.4000
1017.2700	283.4067	870.4000
994.9400	284.0467	870.4000
978.7800	285.2900	870.4000
968.9300	285.3100	870.4000
962.2400	283.6967	870.4000
963.4000	283.5167	870.4000
979.3900	283.2667	870.4000
1017.3000	282.3067	870.4000
1105.3300	283.3200	870.4000
1140.0900	284.6733	870.4000
1083.1700	285.9700	870.4000
1034.8700	285.5800	870.4000
1008.6500	284.6300	870.4000
990.8900	285.4267	870.4000
974.5900	284.4033	870.4000
1005.9200	282.8133	870.4000
1173.1200	283.7633	870.6100
1159.1200	284.1000	880.7300
1085.4800	284.8633	880.6900
1049.4400	286.3933	880.6200
1030.3300	288.3100	880.5200
1017.2600	287.8933	880.4400
1004.2300	285.1833	880.4000
1010.5000	285.0967	880.3500
1041.6100	286.0733	880.2900
1045.8300	287.0533	880.2600
1019.8500	287.9500	880.2100
995.8000	287.8033	880.1400
979.0800	288.5333	880.1000
967.7000	290.7200	880.0800
960.2700	292.0000	880.0600
954.6400	289.8433	880.0400
952.6400	289.0067	880.0100
981.6500	289.3500	879.9800
1015.3300	286.5667	879.9400
1005.3900	286.2100	879.9100
981.7400	288.7467	879.8900
961.5900	290.7900	879.8700
946.2400	291.3300	879.8500
936.4800	289.5700	879.8300
930.7800	287.6867	879.8200
924.0900	289.2000	879.8000
915.8100	290.5300	879.7900
908.8500	291.2367	879.7900
904.8300	291.1567	880.0500
901.9800	293.1500	879.9800
899.7600	294.1700	880.2900
898.2600	295.1133	898.0300
897.3700	295.3400	897.9500
894.8300	294.9067	897.8500
893.6700	294.1700	897.7900
895.6000	293.0800	897.7500
901.3300	293.2167	897.7000
907.4800	294.0433	897.6800
911.7100	295.0733	897.6500
917.2700	295.5567	897.6400
920.9800	294.8700	897.6300
920.4300	295.0167	897.6200
917.6400	296.5167	897.6100
914.2100	297.7067	897.6000
911.8400	297.7700	897.5900
910.2700	298.5533	897.5800
909.1100	299.0100	897.5700
908.2000	299.2300	897.6600
907.5600	299.1600	897.7100
907.4400	299.1300	897.7100
907.7500	298.2500	897.7300
907.8500	297.4067	897.7400
907.5700	296.4967	897.7400
907.1900	292.0700	897.9400
906.8200	294.0767	897.8900
906.5800	296.0900	897.8300
906.8200	296.4567	897.7700
907.3700	295.8733	897.7300
908.0300	292.2867	897.7100
908.8700	291.9933	897.8400
908.9600	293.5067	897.8200
908.2200	295.2667	898.3100
907.2200	297.5200	923.4600
906.3200	298.2500	923.3700
905.6300	299.3900	923.2100
905.5200	300.5467	923.1700
908.5700	301.3433	923.1300
916.6900	301.5700	923.0800
924.9600	301.4267	923.0600
929.2700	300.4733	923.4400
931.3000	299.4600	923.5800
934.9100	299.0133	923.6100
940.3300	298.1067	923.6400
949.8600	298.1033	923.5900
963.3200	298.2400	923.5700
974.5500	297.5100	923.5100
975.1800	296.4967	923.4400
969.2900	296.4500	923.4100
962.4600	297.6700	923.3700
955.9400	299.7967	923.3200
951.4300	300.7267	923.2800
948.2700	300.8867	923.2500
945.8900	300.2467	923.2300
943.8600	300.4700	923.2100
942.0600	301.9600	923.2100
940.5900	303.3767	923.2100
939.6100	303.6067	923.1800
939.1400	303.7500	923.2800
938.9000	304.0900	923.3500
938.6500	303.4433	924.5300
939.5100	303.1500	925.6000
944.5200	303.7433	926.6300
951.9000	304.1767	958.7200
956.1900	304.1933	958.5000
967.5900	304.2100	958.3800
987.2800	303.8167	958.2400
1003.1200	303.0600	958.2400
1000.7700	302.8567	958.4700
983.6700	303.1500	958.1800
984.8400	303.3600	958.2800
1043.6700	303.7367	957.9400
1042.0800	304.0833	957.4500
1018.6600	303.9100	957.1500
998.2000	303.4733	956.9100
980.9400	303.4167	956.6400
970.3000	304.2300	956.4300
959.5300	305.3767	956.1600
947.2800	306.1467	956.8400
936.3400	306.7600	957.6100
928.0100	306.8767	958.0400
926.7200	304.5033	957.9200
927.4000	303.7600	957.9700
927.5900	304.4867	957.8900
931.1400	305.4367	957.5600
947.1800	306.2067	957.3000
958.6700	307.1767	957.1400
958.8100	308.0300	956.9000
962.9200	307.4800	958.0200
972.4600	306.4067	958.9700
975.3700	306.1867	958.9300
980.5500	306.5933	958.9000
1002.6000	305.7000	958.8800
1072.1100	305.3400	959.9000
1094.4200	304.3200	1013.1100
1100.1900	303.4700	1012.8500
1105.7600	303.7600	1012.5800
1084.4500	303.8067	1012.2700
1063.9600	303.2233	1011.8700
1052.4800	303.8033	1011.6000
1046.1100	304.7200	1011.2700
1039.8000	304.9967	1011.0300
1033.8100	305.9800	1011.0000
1027.7200	306.5067	1012.4700
1019.9000	306.6833	1013.7800
1007.7400	306.1400	1014.1100
998.7600	305.3500	1014.1300
1001.3300	305.6933	1014.0600
1010.8100	305.5967	1013.9900
1024.5000	304.7500	1013.8900
1037.1500	303.6467	1013.8200
1044.7200	303.0900	1013.7300
1053.2300	303.6467	1013.5100
1061.0200	304.2133	1013.2500
1055.4500	304.7300	1012.8900
1036.0600	305.8100	1012.9500
1013.1100	305.7600	1013.0800
994.1100	305.4000	1013.1000
979.6400	304.2533	1013.8900
966.4700	302.7400	1013.9900
954.6500	303.0633	1013.7800
947.9700	304.1433	1013.5700
945.5200	304.5867	1013.3400
944.8100	304.2133	1013.0900
945.4800	303.7467	1013.0200
947.6200	303.9567	997.4200
948.1100	304.8533	997.2000
944.5700	304.4600	997.6100
938.0700	304.3267	997.6300
929.4100	304.4067	997.5400
918.7400	304.5333	997.4800
909.3900	304.1467	997.8600
904.9900	302.9833	998.2300
912.9500	301.5167	998.2300
936.6200	300.2333	998.2300
962.9900	301.0800	998.2300
973.6700	302.1467	998.2300
970.8500	302.6633	998.1200
963.8000	302.2800	997.9500
954.8800	301.1367	997.8300
945.5000	298.5633	997.7200
942.0200	295.6267	997.5700
955.9000	296.1433	997.3200
965.7800	297.6633	997.0600
963.5700	297.9667	996.7500
956.8900	294.7967	996.4500
949.1700	296.5900	996.1400
940.1300	293.3267	995.8000
930.2500	293.7200	995.5500
919.8600	295.5733	995.3200
910.1500	298.4800	995.1800
901.6800	299.9100	995.0300
894.4400	299.1633	994.8500
888.3400	299.6800	994.7600
883.3400	299.5367	993.6100
879.3600	299.0233	944.2000
876.2300	299.1100	944.1700
873.7600	297.0833	944.1500
871.2300	297.2567	944.1400
864.9100	296.4967	944.2400
851.5700	294.4600	944.5100
840.7200	291.5133	944.6200
859.1600	290.2333	944.5500
946.0200	291.2333	944.5500
970.9300	291.9033	944.5700
967.0900	291.6600	944.5500
977.5800	291.9700	944.5200
992.0600	293.0300	944.5000
997.6300	293.4267	944.9000
1030.0700	290.7800	945.0400
1099.4700	290.3100	945.0000
1132.8000	290.4467	944.9500
1099.6900	289.1333	944.9200
1108.8100	288.6500	944.8900
1116.3800	289.7733	944.8400
1052.7800	291.3033	944.9100
994.0500	290.0400	944.8900
952.7200	290.4233	944.8200
923.1700	292.1267	944.8300
901.9600	291.5133	945.3100
885.8200	288.0267	945.2400
875.4000	286.7767	945.0900
869.5200	288.0567	944.9800
865.3700	289.8133	944.8700
862.5800	289.2733	944.7700
859.7900	288.6900	944.1000
856.4400	288.8833	921.2400
852.9500	289.2633	921.1800
849.6900	289.2433	921.1600
846.3100	289.5800	921.1400
841.0300	288.2600	921.1300
832.1800	287.8600	921.1200
822.6200	288.8933	921.1000
815.8100	290.1600	921.0700
811.8100	289.7100	921.0500
809.3500	286.7867	921.0200
807.5400	285.3800	921.0000
806.0900	285.8867	920.9900
804.8800	283.8767	920.9700
803.8500	284.5833	920.9600
803.0000	284.5800	920.9500
802.4600	284.4000	920.9400
800.7400	285.3367	920.9300
799.2200	286.1333	920.9200
799.0900	286.0633	920.9100
798.9900	286.5267	920.9000
798.7300	287.1267	920.8900
797.9700	286.8600	920.8900
796.4200	287.4000	920.8800
794.1200	286.1633	920.8700
791.4500	284.8133	920.8700
788.8500	283.0600	920.8500
786.5900	283.2200	920.8300
784.7700	282.3533	920.8200
783.3500	280.4033	920.8100
782.2600	276.2000	920.7300
781.4100	277.2367	917.2900
780.8100	278.3933	917.2700
780.6500	277.6933	917.2600
781.0800	277.2733	917.2500
781.6100	278.2900	917.2500
781.4800	279.2933	917.2500
780.5700	280.5467	917.2500
779.6000	281.3533	917.2500
779.1500	282.1500	917.2500
779.2800	282.0133	917.2500
779.4400	280.5767	917.2500
779.4500	280.6633	917.2400
781.3700	280.4500	917.2400
792.1900	280.7867	917.2400
803.8200	281.7567	917.2400
810.4100	281.6933	917.2300
811.4400	281.4300	917.2300
809.3700	278.5467	917.2400
808.0400	277.2300	917.2500
807.5400	276.6633	917.2600
808.7200	276.0733	917.2700
809.3700	276.2033	917.2800
809.7800	276.3533	917.5200
808.9600	276.8867	917.5500
806.4600	277.2800	917.5400
806.4600	278.5600	917.5200
809.1300	280.1133	917.5000
815.0700	280.7267	917.5800
821.5400	278.7600	917.7700
839.9800	278.1267	917.7700
856.6400	278.0733	917.8100
852.8600	278.2900	920.3900
844.8400	277.9833	920.3700
839.8400	278.4100	920.3600
835.9500	279.6033	920.3600
832.7600	280.3033	920.4600
831.7300	277.1633	920.4700
845.2900	276.4367	920.4600
866.9800	277.1733	920.4300
865.6800	278.1333	920.4000
859.5200	279.5100	920.3700
854.6900	279.4267	920.3500
850.8400	279.5333	920.3300
850.6100	276.3300	920.3200
852.4500	274.6600	920.3000
850.2700	274.1167	920.2700
844.3000	274.3167	920.2500
837.5400	274.4600	920.2300
829.8900	274.7100	920.2100
823.2800	275.4967	920.2200
817.9900	276.7167	920.5000
814.9000	277.1833	920.5000
814.2000	275.7433	920.5000
811.9300	276.9067	920.5000
808.5100	278.0133	920.5000
806.1400	278.8400	920.5000
806.0000	279.7067	920.5000
809.9400	280.0567	920.5000
815.3500	280.3767	920.5000
819.6100	280.9867	920.5000
822.7000	281.3300	920.4900
824.4900	282.1833	920.4200
826.0500	280.4467	917.0600
827.7600	278.7567	917.0600
828.4200	278.7300	917.0600
827.7100	279.7100	917.0600
825.5500	281.2300	917.0600
822.1700	282.8833	917.0600
819.6900	284.2533	917.0600
819.1900	284.2867	917.0600
818.5400	284.6733	917.0600
818.0900	285.0233	917.0600
821.6600	285.3200	917.0600
823.2800	283.3033	917.0600
820.3800	282.4167	917.0600
818.7700	282.1300	917.0600
821.7900	280.8567	917.0600
827.5900	282.1667	917.0600
838.5300	283.0733	917.0600
843.3900	284.0200	917.0600
840.6200	285.4667	917.0600
836.3400	282.8033	917.0600
836.2400	282.1467	917.0600
844.5800	282.9233	917.0600
849.6100	283.4367	917.0600
847.6300	280.4133	917.0600
844.0000	280.3433	917.0600
841.0200	282.0633	917.0600
839.7900	282.9967	917.0600
838.1800	281.7133	917.1500
835.6400	280.0367	921.5000
833.9500	279.8433	921.5000
834.2100	280.1633	921.4800
831.9200	280.7433	921.4400
828.1500	283.1667	921.4100
824.5400	285.9233	921.3700
820.4500	287.1967	921.3400
816.2500	287.0100	921.3000
814.5700	288.0467	921.2700
811.7100	288.0900	921.2300
807.8000	286.9533	921.1900
806.6100	287.7700	921.1600
807.3700	290.5167	921.1500
807.2500	290.9733	921.0900
805.9400	290.6233	921.0400
805.1200	290.1867	921.0100
804.9800	292.4000	920.9900
804.1500	291.2500	920.9700
801.1300	290.1733	920.9500
796.7000	289.5733	920.9500
793.3700	287.5333	920.9400
791.8000	287.4533	920.9600
791.4100	288.3633	921.4700
792.3200	288.3333	921.5000
797.6900	287.8733	921.5000
804.7100	289.2433	921.5000
815.1600	289.6467	921.5000
829.5900	284.9533	921.5000
843.5500	285.4433	921.5000
853.3700	285.5500	921.5000
858.4600	287.3667	921.7300
861.7000	289.5233	932.4900
862.3100	290.7967	932.4900
856.2000	291.6200	932.4900
847.9600	292.2400	932.4900
840.7800	293.3133	932.4600
835.0700	294.9267	932.3700
830.1400	294.5033	932.3300
825.9200	292.8467	932.2700
821.5600	291.9767	932.2000
817.3400	291.1767	932.1300
813.6100	288.8467	932.0300
810.5800	288.6367	931.9400
808.8100	287.0400	932.1400
808.1100	289.0333	932.2300
807.3300	289.7933	932.1500
806.7900	288.1767	932.0900
808.2300	288.3333	932.1300
821.5700	289.3600	932.0700
854.7700	286.3233	932.0200
861.2800	286.9300	931.9700
847.4700	287.5900	932.1300
834.4800	288.4133	932.3900
824.2700	288.3933	932.3500
822.4300	288.7267	932.2900
901.3200	290.9500	932.2600
991.8600	292.0367	932.1900
957.7200	293.0500	932.1300
912.6000	294.6300	932.0500
884.5400	295.8667	932.0100
866.3900	296.6667	932.4000
855.1900	295.6367	951.2900
846.9700	294.4400	951.1400
837.6900	292.7700	951.0000
829.2500	290.1033	950.8800
823.9200	289.3800	950.7700
823.3900	287.7233	950.7100
824.9900	290.3400	950.7700
825.9600	291.8800	950.8200
828.6000	294.8533	950.7800
833.2900	295.2033	950.7400
834.9300	295.8033	950.6900
833.6600	296.1667	950.6000
831.9400	295.4700	950.5600
830.5200	294.9233	950.5200
829.4900	295.9967	950.4900
828.9000	296.0067	950.4700
828.6300	296.4233	950.5400
828.3400	296.5167	950.6000
827.7400	296.6733	950.4800
826.6900	296.8433	950.3800
825.2400	295.8333	950.3400
823.5900	294.5100	950.4500
821.9000	292.9533	950.5400
820.3600	291.3067	950.5500
819.1900	293.9833	950.5000
820.6400	295.1767	950.4800
829.9600	295.8867	950.4100
847.7100	295.6800	950.3800
870.9200	295.7467	950.3600
884.1300	296.7600	950.3400
880.6600	297.2100	950.8700
869.6000	297.9167	977.5400
858.9500	298.9500	977.5200
850.8200	298.9633	977.5100
844.8800	299.4100	977.5100
842.1900	299.3433	977.5200
844.4000	296.2900	977.4700
848.0600	291.4567	977.4200
849.8200	292.0067	977.3900
879.4100	294.9767	977.3500
918.5700	296.5733	977.2900
905.9200	296.7567	977.2400
886.6800	296.2533	977.2600
871.5000	297.5967	977.2700
861.1600	299.0433	977.2800
853.2700	299.8067	977.2900
848.1600	299.5067	977.3000
844.9900	298.6267	977.3100
842.6600	298.8933	977.3000
840.8100	299.0567	977.3000
839.3300	298.4767	977.2900
838.1500	298.7500	977.2800
837.1900	300.0867	977.2800
836.4500	300.5600	977.2700
835.8800	300.3667	977.2700
835.4200	299.5633	977.2700
835.1000	299.1433	977.2600
834.9900	299.4233	977.2600
835.1700	299.3167	977.2600
835.6400	299.9833	977.2500
836.1500	300.6933	977.9400
836.4400	301.8167	1010.5000
836.4100	302.4567	1010.4900
836.0900	302.0000	1010.4800
835.2400	303.2200	1010.4700
831.2400	304.0633	1010.4700
821.4500	304.2767	1010.4600
810.2900	304.3667	1010.6700
803.1000	303.8200	1010.7500
799.9700	303.7300	1010.6700
798.8200	303.1667	1010.6200
798.3500	303.3867	1010.6600
798.1300	303.2133	1010.7400
798.0200	303.2567	1010.8100
797.9400	303.9067	1010.8400
797.9300	305.6267	1010.8400
798.2300	304.8433	1010.8600
799.3100	304.9067	1011.0700
800.8200	304.1233	1011.2800
801.9800	303.9500	1011.3900
804.9400	303.8900	1011.5700
812.2500	304.4567	1012.1400
819.6800	304.8167	1012.8500
826.0000	304.8433	1013.6400
834.2400	304.9967	1014.7400
848.3000	304.5700	1015.2500
889.0500	303.1800	1016.0100
960.4500	303.4500	1016.1000
1015.9200	304.1500	1016.0400
1090.5200	304.2467	1016.0200
1138.2700	304.7500	1015.9500
1133.2900	305.1000	1014.2300
1152.9800	304.9267	931.9100
1155.3500	303.5467	931.8100
1143.7900	302.3267	931.7100
1153.6600	302.9967	931.6200
1146.5900	303.6467	931.5100
1121.3500	303.7800	931.2800
1092.6900	302.9933	931.0800
1062.5000	302.3733	930.7700
1037.8100	303.1967	930.3800
1028.6500	303.9967	929.7700
1033.9100	304.6267	929.4100
1041.3100	305.7067	929.1300
1039.2900	306.3333	928.8200
1021.5900	306.6100	929.2800
992.7200	305.9967	930.3800
962.2000	306.2633	930.1600
936.5200	306.3500	929.8900
916.8300	306.0833	929.6700
902.0500	305.9900	929.4400
900.6400	305.2300	929.3800
913.0200	304.7967	929.0400
915.0100	305.1033	928.7000
905.2500	304.7367	928.3800
892.2600	304.7933	928.0700
879.8700	305.7600	928.4500
870.0900	305.4567	930.2700
861.6700	305.0733	930.0600
860.6300	305.3433	929.7600
906.0100	305.0700	929.5000
954.2800	305.4033	929.2300
939.0200	305.8967	929.1400
926.5100	306.6400	915.3000
920.8900	307.3067	915.8100
914.8200	306.9533	916.0500
904.6500	306.3133	915.7500
895.6900	305.5500	915.5700
894.8000	303.9233	915.4900
897.0300	303.7733	915.6200
892.5200	303.9167	915.6100
884.3900	304.5700	915.3800
875.2600	304.4500	915.1800
866.0000	304.4333	915.0000
857.8800	304.1533	914.8800
850.4800	303.4667	914.7400
843.5000	302.8967	914.6100
837.3400	302.3700	914.4600
831.9200	301.9533	914.7300
827.3600	300.4700	914.6900
823.7400	298.4600	914.5700
820.9000	298.4433	914.3800
818.6300	298.8500	914.2000
816.8500	297.6033	914.0600
816.4500	296.3300	914.6300
822.3600	293.5900	915.9900
837.5500	293.2967	915.7800
905.3700	293.2133	915.5400
925.9100	294.3033	915.3100
918.6100	296.0100	915.0900
921.9900	297.2400	914.7800
922.5900	296.7767	914.4800
916.4600	294.3633	913.3100
904.4800	296.8500	867.9000
888.1300	297.6867	867.8700
871.5100	297.5933	867.8300
857.8400	297.5100	867.8000
844.6900	296.6767	867.9600
827.6100	291.5133	867.9700
809.2700	289.6500	867.9200
796.3300	290.6833	867.8700
789.3600	293.1600	867.8300
785.2200	293.2000	867.7800
782.8600	292.6533	867.7300
782.6000	292.8400	867.6900
782.0600	292.4100	867.6500
779.1400	292.3233	867.6100
774.9000	292.6167	867.5700
770.7700	292.0533	867.5300
767.4600	290.5233	867.5100
765.0700	290.2433	867.4800
763.2700	290.7633	867.4500
761.7100	292.3733	867.4200
760.2900	290.8300	867.4100
759.3500	286.5200	867.4000
759.2400	288.1867	867.3500
758.7300	290.5467	867.3200
757.4400	292.5633	867.2700
755.8900	292.8933	867.2200
754.4000	292.7767	867.2000
753.0500	293.7567	867.1700
751.8400	293.8933	867.1500
750.7500	293.6633	867.1400
749.7600	291.6200	866.7200
748.7500	290.6900	846.2300
745.3600	289.7800	846.1700
744.0200	289.1833	846.1700
743.2400	289.4700	846.1900
741.2700	291.7467	846.2000
736.2900	292.1300	846.2000
729.9600	292.0267	846.1900
725.4500	291.8700	846.1900
723.3200	291.0100	846.1800
722.4900	289.7367	846.1700
722.1100	287.9767	846.1700
721.8100	288.0600	846.1600
721.5200	287.8800	846.1600
721.2100	288.6967	846.1400
720.8800	287.7400	846.1400
720.5400	288.8967	846.2000
720.2000	289.0833	846.2200
720.0100	289.3967	846.2200
720.1100	288.6533	846.2100
720.4900	287.8400	846.2700
720.9900	285.7667	846.2900
721.5300	281.9933	846.2800
721.8800	281.7733	846.2600
721.9200	280.2167	846.2500
721.7700	281.4000	846.2400
721.8000	282.8267	846.2400
722.5400	282.7533	846.2100
723.5100	282.7767	846.1800
723.5800	281.2400	846.1600
722.9000	283.1000	846.0900
722.0100	282.1533	842.9900
721.1900	281.4733	842.9800
720.5400	282.2200	842.9800
720.3400	282.2567	843.0600
1499.0200	283.6200	843.3900
2929.2500	284.6800	843.3900
1980.5900	284.9033	843.3900
1451.7000	283.4967	843.3900
1594.1400	281.6400	843.3900
2288.4900	280.6933	843.3900
2239.7500	280.4033	843.3900
1814.4700	279.1533	843.3900
1494.5000	278.6133	843.3900
1323.5800	278.4500	843.3900
1216.3900	277.7000	843.3900
1169.4600	277.6433	843.3900
1162.7800	278.0867	843.3900
1114.4500	278.7333	843.3900
1029.8000	280.1733	843.3900
955.8300	280.8200	843.3900
909.5600	280.0067	843.3900
888.1300	277.3433	843.3900
885.2500	276.0200	843.3900
888.1700	276.6300	843.3900
885.9200	277.0767	843.3900
881.3100	275.6967	843.3900
890.2000	275.8033	843.3900
887.2100	275.2433	843.3900
862.3700	275.6300	843.3900
838.1100	276.6533	843.3900
818.9400	276.5667	843.4500
804.0300	276.1167	845.8900
793.0600	275.9933	845.8700
788.5200	277.9167	845.8300
787.9400	280.1100	845.7800
787.0000	282.1833	845.7400
785.9700	280.9767	845.7900
823.0800	279.1100	845.8800
920.1600	278.6267	845.8900
932.7300	278.7600	845.8900
925.8200	279.3367	845.8900
926.1000	279.9300	845.8900
924.9700	279.6333	845.8900
929.7400	279.9133	845.8900
931.8600	278.9533	845.8900
919.7900	278.8900	845.8900
898.3600	278.1233	845.8900
877.0100	275.5833	845.8900
859.8800	275.0467	845.8900
845.9200	275.5933	845.8900
831.4900	276.3967	845.8900
815.8600	276.6600	845.8900
800.4300	277.9833	845.8800
787.0800	278.5967	845.8700
776.9100	279.6300	845.8700
769.5800	279.2867	845.8800
766.4400	279.6233	845.8800
768.2200	280.5667	845.8800
779.9000	280.1100	845.8900
838.0600	278.0133	845.8900
936.6600	277.1100	845.8900
941.3000	276.4533	845.8200
915.3100	276.5667	842.7300
918.6700	277.6767	842.7300
934.8600	279.0000	842.7300
938.8900	280.2667	842.7300
992.1000	277.3600	842.7300
1050.6800	276.2033	842.7300
988.8400	277.1567	842.7300
932.3900	278.7700	842.7300
900.6700	280.3433	842.7300
889.3400	280.9300	842.7300
896.1700	281.5233	842.7300
914.7000	281.8767	842.7300
939.1400	282.6267	842.7300
957.6500	282.8333	842.7300
962.2000	278.8200	842.7300
955.6000	278.6600	842.7300
941.9500	280.1933	842.7300
919.3700	280.4900	842.7300
892.0800	281.6467	842.7300
868.6200	283.9133	842.7300
849.3800	282.3967	842.7300
832.1000	282.3367	842.7300
821.2300	280.5633	842.7300
826.6400	283.2867	842.7300
869.2800	282.4433	842.7300
914.3800	282.6900	842.7300
929.7300	283.3833	842.7300
921.3600	285.1200	842.8100
898.3000	286.0300	846.8100
876.2700	285.2567	846.8100
860.1100	280.9567	846.8100
848.9700	281.9300	846.7800
841.8100	283.5667	846.7600
834.2500	281.0033	846.7300
823.1700	281.6933	846.7000
810.4400	283.9600	846.6600
796.6700	283.9800	846.6400
786.8200	284.3733	846.6000
780.5600	286.2933	846.5600
778.2300	287.7300	846.5400
777.3800	288.2200	846.5000
775.5300	287.6567	846.4700
775.4700	285.5733	846.4500
779.1100	284.7933	846.4100
784.1700	283.1533	846.4400
787.3600	283.4367	846.4700
786.6200	285.7700	846.4700
782.3200	286.4700	846.4600
778.9000	288.1733	846.4400
777.2700	287.2767	846.4300
778.7700	285.8533	846.4200
783.6100	286.0733	846.4000
790.9900	286.5800	846.3900
795.2700	286.8233	846.3800
793.9000	286.8167	846.3700
790.5800	286.9800	846.3700
788.9600	288.0600	846.3500
785.8100	289.0867	846.3400
782.2000	285.9700	846.5200
781.8000	286.0233	856.0600
781.6700	286.7000	856.1000
782.0000	288.2800	856.0900
783.2300	288.4433	856.0700
781.0200	288.4000	856.0500
776.0900	289.7267	856.0400
771.6000	289.3567	856.0400
769.4900	287.8033	856.0200
770.8200	288.2933	856.0100
774.3000	285.4733	856.0100
776.5500	286.6900	856.0300
774.3100	287.5933	856.0100
767.8300	289.6333	855.9900
759.5900	293.0133	855.9600
754.5400	293.0000	855.9300
753.4500	288.6167	855.9100
753.1000	285.4500	855.9000
751.5800	288.7333	855.8600
748.8800	290.0267	855.8400
745.6600	289.5433	855.8100
742.5600	287.9700	855.7900
739.9500	288.9133	855.7900
737.8400	290.3467	855.7800
736.2400	289.1967	855.7600
735.0400	287.5733	855.7200
734.0700	290.2500	855.7200
733.3700	289.4333	855.7200
733.0400	291.5500	855.7200
732.7600	293.1900	855.7100
732.3700	293.1900	856.0700
732.0700	288.6167	873.0800
732.1600	286.0733	873.1000
733.0100	289.5000	873.1000
733.8900	291.6500	873.0900
734.8400	292.1600	873.0900
737.8900	292.3100	873.1100
742.6400	292.5933	873.1400
747.3100	292.9933	873.3300
751.1000	292.5500	873.4000
758.4700	292.9367	873.4200
770.8700	293.9967	873.4200
774.7600	293.7567	873.4000
771.6700	291.7567	873.3900
766.0100	290.5533	873.5900
759.7600	293.4400	873.6200
756.6600	293.7400	873.6700
758.8000	295.2267	873.6800
764.9000	297.5233	873.6700
770.4600	298.7533	873.6500
774.0100	299.5000	873.6300
775.9000	297.0900	873.5900
776.2700	290.5633	873.5300
775.2000	289.6833	874.5500
775.0300	288.7500	875.3100
788.1800	287.3467	875.3400
829.3600	290.1100	875.3400
846.8200	290.7300	875.3400
833.1900	291.6667	875.3400
818.5900	291.6733	875.3400
809.9200	292.1733	875.3400
807.5300	293.2367	875.8500
808.5100	294.6033	901.0700
808.9600	295.7800	900.7100
807.7200	296.3700	900.2500
804.4300	296.5167	899.9200
802.1700	293.0733	899.6400
803.4400	294.5100	899.3800
809.1300	297.0500	899.1000
817.2100	296.0433	898.9600
820.0000	295.9100	898.8500
820.2000	297.9133	898.7400
819.5600	297.6767	898.6900
817.0000	294.4200	898.6000
812.9100	295.6000	898.5200
808.5200	298.4367	898.4200
804.0100	299.6933	898.2700
799.3100	300.2000	898.1600
794.7600	300.2367	898.0900
790.8200	299.9900	898.0600
787.7100	300.2300	898.0300
785.4500	300.8133	898.0100
783.8400	301.0667	897.9900
782.6800	300.8400	897.9600
781.7500	300.4200	897.9300
780.9000	299.5800	897.9200
780.0600	298.9633	897.9200
779.2200	298.4533	898.1200
778.3800	298.5967	898.3400
777.5700	299.2633	898.3400
776.8000	300.4367	898.3000
776.0800	301.0533	898.9000
775.4200	301.4767	928.7900
774.8100	301.2467	928.7500
774.2800	301.2200	928.7200
774.7000	301.9000	929.1300
782.9000	301.9200	929.7200
807.6900	301.8033	929.9600
837.4900	301.8767	930.0400
855.7100	303.2367	930.8000
863.2200	303.3100	930.8900
867.3300	303.8433	930.7900
872.0500	303.3033	932.5700
878.3400	301.9333	933.4300
886.0500	301.3333	933.4800
905.1700	301.4100	933.5200
946.4400	301.3333	933.4900
978.2800	300.7433	933.3800
981.9000	301.4800	933.2400
993.4900	302.4200	933.1100
1007.2700	303.3400	932.8700
1011.0100	303.8500	933.1000
1021.2800	301.6700	933.8300
1027.7200	302.4933	933.8300
1036.8800	302.6733	933.6300
1046.5800	303.1433	933.3800
1022.7800	304.2267	933.2100
994.1300	304.8867	932.9400
969.9400	304.9100	932.4500
951.8600	304.7633	931.9400
941.0900	303.8400	931.5800
946.6700	303.7300	931.1600
963.7600	305.0833	930.6300
973.5900	305.1533	921.3100
982.4900	305.7067	921.1400
985.2500	305.3600	921.0200
977.3400	304.8500	920.9400
964.9900	304.8000	921.1400
954.6300	304.3600	921.6500
956.4000	305.1233	922.5300
967.2400	304.2567	923.5900
985.7700	303.8300	923.9400
999.8300	303.5500	923.8500
1001.4300	304.0567	923.7200
994.1600	304.5600	923.5600
985.9200	304.6700	923.3600
980.1400	305.0467	923.2100
973.9700	305.6400	923.6600
966.7600	306.0167	923.4400
961.7800	305.9233	923.1600
959.4700	304.7533	922.8400
969.7700	305.5567	922.6200
981.4400	303.9900	922.2600
983.2200	303.7267	921.8100
977.5600	303.9767	921.4800
967.4900	304.4100	921.2200
954.4600	304.9700	920.9600
943.4300	305.3000	920.8600
935.7500	304.4033	922.9900
931.8400	304.6467	924.0500
928.3400	304.4000	924.1300
923.0600	304.4400	924.2300
918.3500	304.8167	924.2300
914.2600	304.0600	923.9300
913.7200	303.0700	909.7300
927.4300	301.7000	909.7300
949.6500	302.2367	909.7300
986.3300	302.8067	909.7300
1005.4700	302.5867	909.7300
994.4400	303.8333	909.6700
970.4200	304.1900	909.4400
947.4000	303.4567	909.0000
929.7600	302.4233	908.9200
918.0100	300.9900	908.9600
910.1700	300.6767	909.2600
903.8200	300.4567	909.6400
897.6200	301.0800	909.7200
893.3900	301.4500	909.5900
892.1300	301.8067	909.3300
892.5400	301.8533	909.0500
892.8800	301.6700	908.8200
892.0500	301.4667	908.6000
891.7700	301.4367	908.2600
890.5300	299.9133	907.9200
887.0100	298.8667	907.5400
883.3300	297.5833	907.2100
880.7000	297.8167	906.9100
878.6300	298.7933	906.7400
876.9800	299.5267	906.6500
875.6300	300.2267	906.6000
874.5200	300.7200	906.7900
873.5600	300.9467	907.1000
872.6300	299.4633	907.2100
871.7400	299.3733	906.0600
871.0300	299.5000	860.7800
870.6100	299.0167	860.7500
870.9900	298.1633	860.7200
871.6500	296.7367	860.7000
868.6300	294.0300	860.7200
867.6000	294.6800	860.7400
925.8300	293.7533	860.7200
950.1700	294.6367	860.7000
913.8100	295.9200	860.6600
887.8700	295.1300	860.6200
869.7600	292.5500	860.5700
855.3300	288.1767	860.5600
844.1000	286.9900	860.5300
834.7500	287.5967	860.4800
828.7400	290.0300	860.4400
825.6100	292.7967	860.4100
824.9700	293.9533	860.4000
825.9400	295.7600	860.3800
827.3400	295.1800	860.3600
827.9800	294.8367	860.3500
827.3500	294.8200	860.3400
825.6000	292.4233	860.3000
823.1500	289.7867	860.2500
820.4900	291.2467	860.1800
817.9600	292.1333	860.1300
815.6600	292.8833	860.0800
813.6100	293.0800	860.0200
811.7500	294.4133	859.9900
810.0900	294.3800	859.9700
808.5900	293.8400	859.9500
807.2600	293.7967	859.5100
806.0600	293.0267	839.2600
805.0000	293.0467	839.2600
805.8600	289.5133	839.2600
820.4400	286.7700	839.2600
861.0400	285.9333	839.2500
856.8200	284.6733	839.2500
839.8500	285.0833	839.2500
825.8600	286.3767	839.2500
814.6300	287.5967	839.2500
804.3000	286.0400	839.3400
797.8100	286.5233	839.3800
799.2300	286.8367	839.3900
807.7900	287.4933	839.4000
817.1900	288.0533	839.4100
819.7000	286.6933	839.4400
814.6600	286.0600	839.4400
807.9000	286.6800	839.4300
802.0100	288.4333	839.4100
796.5200	288.7400	839.3900
792.8000	288.5667	839.3800
789.9700	288.0567	839.3700
787.6600	287.7000	839.3700
785.8100	287.2667	839.3600
784.3600	286.3567	839.3600
783.2800	286.5267	839.3700
782.6100	286.1000	839.5800
790.8200	281.5967	839.8100
803.4300	282.2933	839.8100
826.5300	282.9467	839.8100
876.2200	283.2033	839.7400
898.0400	283.7533	836.4200
908.5400	284.4867	836.4200
907.8300	284.1133	836.4200
894.1800	282.9100	836.4200
879.7600	281.8700	836.4200
867.0900	281.4633	836.4200
853.8900	282.3067	836.4200
840.8700	282.6833	836.4200
829.9500	281.1467	836.4200
822.0000	279.5500	836.4200
816.9500	280.3933	836.4200
814.3400	281.9467	836.4200
813.8100	281.7333	836.4200
813.4100	281.4533	836.4200
811.2100	279.0667	836.4200
808.2600	279.8033	836.4200
809.4200	279.6867	836.4200
821.0500	279.0567	836.4200
851.6100	278.6067	836.4200
884.5700	278.0433	836.4200
894.7100	277.5267	836.4200
886.7300	278.6633	836.4200
882.1600	279.6033	836.4200
885.4100	279.1533	836.4200
893.1200	280.0667	836.4200
900.5000	279.8400	836.4200
915.2800	277.1300	836.4200
958.2400	276.0700	836.4200
966.5000	276.5433	836.4200
948.8400	277.9333	836.4200
937.0100	279.1500	836.4700
931.6000	279.6267	838.8900
927.9800	280.5800	838.8900
922.6000	280.6267	838.8900
913.9600	279.2967	838.8900
904.7400	277.1100	838.8900
897.7700	276.2900	838.8900
891.6500	276.8633	838.8900
884.5400	278.9700	838.8900
876.0900	279.6500	838.8900
872.2200	278.3667	838.8900
875.5800	277.7733	838.8900
879.3100	277.9467	838.8900
878.0200	278.8500	838.8900
875.4900	279.4333	838.8900
874.2900	279.5767	838.8900
874.9200	279.4667	838.8900
876.6200	279.9867	838.8900
878.8900	279.6633	838.8800
880.7300	279.4933	838.8800
879.4600	280.0500	838.8800
873.5400	280.7333	838.8800
864.0500	283.2733	838.8800
851.9800	284.9567	838.8800
842.1900	281.8067	838.8900
846.8800	282.5667	838.8900
896.8500	281.3300	838.8900
973.1500	278.7833	838.8900
991.0600	277.3667	838.8900
977.1100	278.1867	838.8800
946.2400	278.9733	838.8800
918.4400	280.0467	838.8200
898.3700	280.6333	835.7500
882.8400	279.9533	835.7500
870.2100	280.4633	835.7500
859.2000	281.3200	835.7500
849.1600	282.6567	835.7500
840.6100	283.2633	835.7500
832.5300	282.5667	835.7500
829.6700	280.4400	835.7600
855.6700	279.4933	835.7600
989.0600	278.5567	835.7600
1089.4100	278.1300	835.7600
1028.1200	278.5867	835.7600
951.8500	278.6067	835.7600
913.4400	278.8500	835.7600
905.4900	278.8033	835.7600
904.4000	280.4900	835.7600
900.5200	280.4367	835.7600
905.0600	279.8767	835.7600
924.1300	279.7900	835.7600
929.3200	279.8800	835.7600
916.2000	281.1133	835.7600
900.3800	283.5833	835.7600
887.8200	286.0833	835.7600
876.7800	286.0533	835.7600
869.6400	285.8267	835.7600
874.8600	284.7000	835.7600
877.7200	284.3400	835.7600
870.7200	283.8167	835.8400
857.1500	284.9133	839.8000
843.2000	287.5267	839.8000
832.0900	289.0533	839.8000
824.6800	286.9433	839.8000
822.8800	284.8133	839.8000
826.4900	283.2967	839.8000
827.5500	282.9500	839.8000
822.7300	282.3233	839.8000
816.3900	283.3133	839.8000
811.1400	283.3867	839.8000
807.1700	283.1833	839.5500
804.4600	284.9367	839.4500
802.8700	285.1733	839.4300
801.9300	284.8367	839.4000
800.7400	285.4233	839.3800
800.3000	286.0367	839.3600
799.9600	287.4633	839.3400
799.4000	289.8667	839.3300
800.3300	290.1400	839.3200
804.0900	289.2000	839.3100
808.1700	288.4767	839.3000
809.3500	287.5667	839.2900
809.8400	283.9467	839.2800
810.4100	283.4633	839.2700
809.5100	284.7033	839.2600
807.7700	285.9133	839.2600
807.2900	283.5533	839.2500
806.8300	284.4033	839.2400
803.7800	286.9567	839.2300
800.7200	286.6667	839.2300
799.4900	284.0667	839.4200
799.4100	286.0467	848.8500
799.4500	287.0967	848.8200
798.8300	289.0500	848.8000
798.4000	284.2600	848.8000
799.7800	284.0733	848.7900
808.3700	285.9933	848.7800
820.9100	289.1267	848.7600
829.3800	289.9533	848.7300
829.2700	286.6500	848.7200
824.8300	287.6767	848.7100
819.2900	287.9433	849.2400
816.9800	287.5667	849.8200
836.2900	289.7333	849.8200
873.1800	291.6300	849.8200
880.1900	288.5933	849.8200
866.3100	284.9200	849.8200
857.7000	285.6300	849.8200
866.7500	287.8233	849.8200
873.4500	289.5100	849.8200
866.6800	291.3233	849.8100
853.0300	292.9300	849.7600
840.6600	294.5233	849.7000
831.8100	294.7333	849.6700
825.4400	293.4100	849.6200
820.1500	290.9200	849.5600
816.2200	287.9967	849.5100
814.2500	289.6633	849.4700
812.6900	291.0400	849.4200
811.0900	290.5533	849.2300
810.4900	291.3800	849.5200
812.3700	293.1933	866.5700
814.1700	293.4300	866.4600
813.3700	293.5433	866.3700
811.9600	294.0700	866.3200
814.3500	294.2833	866.3000
820.4100	296.1167	866.2500
822.7400	296.8000	866.2100
820.5900	296.2067	866.1400
818.5600	296.0867	866.0800
817.4000	296.7167	866.0300
816.8200	296.6633	865.9500
816.2800	296.6467	865.8900
815.6500	296.4700	865.8500
815.0100	296.3867	865.8200
814.4100	296.6100	865.8100
813.8700	297.1300	865.8000
813.3600	297.7833	865.7900
812.8800	298.5733	865.8100
812.4300	298.5233	865.8200
811.9900	297.0100	865.8300
811.5600	296.3400	866.1100
811.1600	295.4333	866.7800
810.8100	295.8300	867.4600
810.5600	295.9467	867.4600
811.6100	295.9800	867.3900
823.6000	295.8033	867.3500
853.0300	297.4567	867.2600
879.0800	297.2900	867.2200
894.4900	297.8333	867.1600
908.5000	297.0733	867.0800
920.9800	297.1300	867.4300
925.4600	297.0967	891.8500
923.8700	297.2067	891.6800
916.4100	297.8167	891.5000
904.7000	298.5333	891.3400
895.5600	297.6100	891.1500
893.0600	295.2733	891.0600
893.7600	294.9433	891.0000
892.5100	295.4267	890.9500
888.1700	295.5867	890.9200
882.4600	294.8400	890.9600
877.0500	295.0333	890.9800
872.5500	295.3700	890.9300
869.1600	295.6033	890.8700
866.7700	295.3600	890.8300
864.9000	295.4233	890.7900
864.1000	296.0100	890.7900
864.9500	295.0800	890.9300
866.9800	296.8600	890.8200
867.2700	298.0900	890.7300
865.4100	298.9600	890.7200
864.4900	296.6067	890.7000
864.0800	296.5467	890.6900
862.6500	297.7667	890.6700
864.3600	298.9600	890.6700
870.8100	300.5100	890.7300
872.7600	299.7767	890.7500
869.0200	299.5967	890.7400
863.7200	300.7567	890.7400
861.2700	301.8700	890.8000
867.4700	301.9667	891.5800
873.9700	301.7667	921.4900
874.7800	300.9933	922.1000
870.8000	301.0433	923.3100
866.0400	301.6967	924.0300
860.4300	301.2600	924.2100
858.4600	301.4767	923.9000
860.8000	301.0700	923.5900
857.9400	301.3733	923.3600
848.6200	301.0067	923.0000
838.8400	301.1800	922.7300
831.4500	303.4533	922.4100
825.0500	303.5467	922.1200
819.2100	303.7900	921.8200
813.5700	303.2833	921.6700
807.9300	304.2133	921.6000
802.8700	304.3433	921.7200
798.5500	305.2633	921.9300
794.8900	305.8500	921.9900
791.8300	306.0800	922.1800
789.4700	305.2767	922.9800
789.3100	304.6767	924.2800
791.4600	302.0300	925.0300
792.5000	302.1600	925.2400
796.2600	302.6400	925.5400
809.8600	302.6567	925.6400
828.2800	302.8000	925.5600
848.3000	304.1400	925.3500
868.8900	304.8867	925.0700
863.9700	304.8833	924.7500
852.2000	304.5167	924.2300
844.2300	304.4300	923.6200
842.0000	304.7067	917.8800
844.0200	304.6633	917.5900
846.7400	304.5200	917.2900
845.9200	304.7933	916.8900
840.7800	305.4500	916.7400
832.1700	305.4933	916.7200
821.9200	302.9533	916.6300
815.4900	300.9767	916.4900
810.7400	301.6100	916.4000
807.0400	303.1233	916.2900
804.0700	303.6433	916.1100
801.6600	304.8367	916.1700
800.2500	304.9100	917.1700
800.3700	303.6000	918.5900
800.6000	303.0433	918.5200
799.1400	302.3067	918.4400
797.1400	302.6233	918.3500
796.0500	303.3500	918.1900
796.0500	303.8533	917.9600
796.0100	304.4967	917.6600
794.9200	305.3500	917.2400
792.9000	305.5567	918.2700
790.2600	303.1033	919.7700
787.5000	302.7500	919.7700
787.4200	302.5233	919.7200
795.8600	302.7233	919.6200
820.6600	304.1900	919.4600
837.4200	305.4733	919.1800
834.1800	305.6767	918.9200
824.0900	305.5467	918.5000
814.3100	304.4267	917.6500
805.7600	304.3533	904.2900
799.1700	304.5600	904.6700
795.5100	304.0433	904.4500
793.9600	303.7600	904.3700
793.4200	303.6933	904.5100
797.1000	303.6200	905.8100
816.3600	302.3367	905.8700
835.9500	301.7767	905.7200
833.2100	302.0600	905.6200
824.9200	302.7267	905.4600
818.2900	303.5267	905.1900
811.6800	303.9533	904.8500
804.7900	302.6700	904.5900
800.1300	301.1400	904.2900
798.1700	299.3767	903.9500
798.4600	301.0033	903.6600
799.3000	300.5567	903.3600
799.0600	301.6533	903.1200
797.3500	302.8333	902.9500
794.8500	302.2500	902.8400
792.7800	302.0033	902.7300
791.7700	298.8367	902.6000
791.8400	298.5033	902.4700
792.9300	299.8933	902.3500
792.9800	300.9133	902.2500
791.1700	301.8400	902.1500
788.7900	302.6467	902.0400
786.5100	302.1667	901.9700
784.3500	301.1833	901.9000
782.1900	299.8100	900.8900
780.0600	292.9833	856.5900
778.0000	293.0500	856.5900
776.0800	295.0800	856.6100
774.0400	295.8767	856.6300
769.2600	291.0967	856.6300
758.2900	290.1667	856.6200
744.8400	292.1767	856.5900
735.2900	292.3833	856.5400
730.7100	293.2067	856.5200
728.9800	293.8367	856.5100
728.4300	293.4800	856.4900
728.5100	293.3467	856.4900
728.9300	293.3000	856.4900
729.4400	293.1467	856.5000
729.8900	293.7833	856.5000
730.1400	295.0700	856.5000
729.9200	295.2200	856.4800
728.8600	296.8300	856.4700
726.7800	295.8533	856.4600
724.0700	293.2133	856.4600
721.4700	290.2767	856.4600
719.5800	291.1300	856.4600
719.3200	291.2267	856.4500
729.0700	292.8700	856.4400
736.9000	292.8167	856.4200
735.3600	288.5867	856.4000
729.7100	288.7667	856.3900
724.1700	284.6133	856.3800
720.7700	282.9967	856.3300
718.4900	284.3000	856.3100
716.8800	286.9167	855.8600
715.9600	288.2667	835.6700
715.7800	289.9500	835.6700
716.1300	289.8867	835.6700
716.3200	290.5133	835.6700
714.6200	291.2300	835.7300
709.4900	291.1133	835.8300
702.7200	289.9067	835.8400
697.6400	289.1233	835.9000
695.1300	289.0767	835.9300
694.2900	289.8600	835.9300
694.2700	290.3400	835.9300
694.7300	290.1000	835.9300
695.5100	288.0300	835.9400
696.5800	287.8533	835.9700
701.0100	282.5867	836.1400
727.6900	280.3833	836.1300
742.9600	281.5533	836.1100
735.8200	282.9900	836.1100
726.2100	282.9800	836.1200
719.1200	283.3067	836.1100
714.0600	283.9200	836.1000
711.3900	283.0100	836.0900
709.2900	282.4500	836.0900
707.5200	280.6033	836.0800
706.1200	280.6367	836.0600
704.8200	281.1033	836.0400
703.4100	282.7667	836.0200
701.9300	282.7933	836.0000
700.5100	281.8300	836.0100
699.2700	281.0767	836.0100
698.3000	281.6500	832.8700
697.9400	281.8833	832.8600
699.3000	280.2967	832.8600
700.9500	277.7533	832.8500
700.7500	278.2500	832.8300
699.2800	278.1667	832.8200
697.5700	279.2033	832.8400
698.5600	278.8900	832.8900
714.6200	276.7300	832.8900
739.6900	275.7667	832.8900
752.3900	276.0200	832.8900
751.0700	277.5533	832.8900
748.9700	280.2467	832.8900
756.4900	280.2767	832.8900
828.8400	279.2400	832.8900
900.2900	279.2700	832.8900
892.9600	278.9200	832.8900
880.0800	279.3200	832.8900
867.1600	279.7133	832.8900
853.3000	279.8733	832.8900
842.6100	280.2767	832.8900
834.8400	280.9400	832.8900
826.9800	279.2500	832.8900
823.5600	277.5833	832.8900
833.5500	276.6233	832.8900
835.7000	276.3500	832.8900
830.1700	276.3200	832.8900
820.5700	276.3900	832.8900
806.9700	277.4700	832.8900
791.4400	277.2833	832.8900
776.8300	277.4800	832.9400
764.0300	277.2033	835.3500
753.2000	278.2933	835.3500
745.8200	278.9167	835.3500
741.7200	278.6267	835.3500
740.2200	278.4767	835.3500
741.9100	278.6433	835.3500
744.1000	279.9033	835.3500
745.4000	279.8967	835.3500
746.1700	279.3133	835.3500
745.1300	280.0767	835.3500
741.2200	279.8800	835.3500
735.6100	279.7367	835.3500
730.6200	280.9333	835.3500
728.7500	280.9700	835.3500
730.9600	279.4400	835.3500
733.8000	280.6733	835.3500
734.0000	281.7167	835.3500
733.0100	281.5967	835.3500
732.3800	280.3933	835.3500
741.9800	280.7933	835.3500
808.6500	279.4367	835.3500
929.9400	279.5067	835.3500
1068.4900	279.4767	835.3500
1116.2100	278.9700	835.3500
1045.7400	279.1333	835.3500
1020.2600	280.1200	835.3500
1027.1400	280.5933	835.3500
1063.8400	280.1633	835.3500
1110.5900	279.2267	835.3500
1094.2200	279.6600	835.3500
1033.5500	280.4133	835.2900
973.1000	280.2133	832.2400
936.5500	280.8267	832.2400
913.1400	281.7167	832.2400
892.8500	282.1567	832.2400
873.2100	282.3133	832.2400
855.2100	281.7633	832.2400
863.5100	279.8733	832.2400
970.9100	279.3433	832.2400
1065.0300	280.2200	832.2400
1004.2700	280.2033	832.2400
954.4600	280.2967	832.2400
929.8200	280.9633	832.2400
894.3600	281.6867	832.2400
861.9700	282.2267	832.2400
838.4100	282.7333	832.2400
821.4600	283.1600	832.2400
808.4900	283.1533	832.2400
797.9700	283.8133	832.2400
788.0900	284.5067	832.2400
778.2000	284.1033	832.2400
769.0900	282.5833	832.2400
784.9600	281.6867	832.2400
869.8600	279.4467	832.2400
916.6200	280.1233	832.2400
876.7100	280.7033	832.2400
843.5800	281.1167	832.2400
825.2100	282.4867	832.2400
812.3700	282.5933	832.3200
803.7300	283.8667	836.2600
798.5100	284.1733	836.2600
796.5400	284.1667	836.2600
795.9100	283.6267	836.2600
795.5900	282.0333	836.2600
795.3900	283.4833	836.2600
795.7700	284.6867	836.2600
803.4800	282.8067	836.2600
853.4600	282.6367	836.2600
934.5000	280.9933	836.2600
955.3100	280.2533	836.2600
934.8000	281.2700	836.2600
896.7200	283.0367	836.2600
865.3900	282.5333	836.2600
842.7500	282.4000	836.2600
827.9500	284.4100	836.2600
819.8600	286.4733	836.2600
813.0600	288.3200	836.2600
803.8600	287.9300	836.2600
794.2400	285.6200	836.2600
790.7900	286.1200	836.2600
793.2000	287.6200	836.2600
787.9000	287.2533	836.2600
776.1400	285.1067	836.2600
765.2300	285.8400	836.2600
758.8100	286.2667	836.2600
754.7300	285.0400	836.2600
750.5300	284.6800	836.2600
749.6400	286.6533	836.2600
750.8400	288.3900	836.2600
748.7500	289.4300	836.4700
745.3700	285.2567	846.2400
744.1000	284.4833	846.2400
748.3500	285.3433	846.1900
751.0700	286.2000	846.1100
749.2700	286.7467	846.0300
747.7700	284.5433	845.9600
748.6600	284.0900	845.8900
751.8200	285.4900	845.8300
756.9000	288.2867	845.7700
758.1000	289.3667	845.7000
753.8200	289.8900	845.6400
748.2600	289.8467	845.6200
745.2900	286.7200	845.6000
750.5700	287.1167	845.5700
765.1500	288.6300	845.5400
777.3000	291.0267	845.5200
784.4900	291.1733	845.4900
790.6200	290.6900	845.4500
796.0500	291.1633	845.4400
789.3000	290.7833	845.4200
775.5300	289.2867	845.4000
764.8700	285.7233	845.4000
780.9800	284.4033	845.5900
817.9700	286.3533	845.6800
810.5100	287.6533	845.6700
788.5000	288.5000	845.6600
772.3000	290.3167	845.6500
762.0600	292.5067	845.6200
755.7600	289.4800	845.6000
754.3700	285.7433	845.9400
750.6600	287.5467	862.8900
742.6500	288.5267	862.8500
735.2300	288.4333	862.8200
731.3100	291.1133	863.1200
730.6300	293.3033	863.4100
733.0600	293.5100	863.2700
736.0800	290.6167	863.1600
739.1700	292.3100	863.0500
741.0900	293.0767	862.9700
740.4500	291.1100	862.9200
739.2300	290.2800	862.8800
739.5200	289.3200	862.8300
740.6000	290.5933	862.8000
741.6700	292.0767	862.7800
746.9700	293.0500	862.7500
762.6600	294.2633	862.7100
769.2400	294.2767	862.6900
764.8500	293.1133	862.6800
759.7600	292.3833	862.6600
755.4400	294.0967	862.6400
751.3200	294.9133	862.6200
750.0100	294.7800	862.5800
750.1500	291.3533	862.5600
750.6800	288.5767	862.5300
749.5800	289.9333	862.5200
745.9200	292.0167	862.4900
742.3800	292.9700	862.4700
741.2800	292.7533	862.4600
743.9100	292.0267	862.4500
749.3500	292.4167	862.4500
751.8600	294.3667	862.9400
757.4900	295.7033	886.8700
761.8000	296.0100	886.8500
760.7200	296.9333	886.8200
757.4000	298.0567	886.8100
755.0100	299.5000	886.8400
756.0100	300.8900	886.8900
759.0400	301.1667	886.9500
760.6400	300.5833	886.9900
759.9900	299.6200	886.9800
758.3100	299.4233	886.9800
756.3100	297.0567	886.9700
754.2200	294.5633	887.0000
752.7100	294.2800	887.5600
755.2100	295.6233	887.6300
773.3500	297.2933	887.6200
792.1100	297.9733	887.5900
791.9300	297.2367	887.5600
784.6700	297.4133	887.5300
778.0400	297.5533	887.5100
772.3400	297.3000	887.4700
767.1700	297.5533	887.4000
762.0200	297.7700	887.3100
758.0900	298.9233	887.2500
755.0400	299.7500	887.1400
752.6200	300.4800	887.1100
750.7100	300.5367	887.0500
749.1900	300.5067	887.0200
747.9800	301.9200	887.0000
747.1600	302.3400	886.9800
746.8300	300.7833	887.5700
746.4500	300.6767	917.0100
745.8100	299.8000	916.9700
745.1900	298.6000	916.9100
744.1300	298.5233	916.8800
738.2200	299.6267	916.8500
721.0100	299.6700	916.8300
698.0200	299.4867	916.8200
680.5800	300.3467	916.8200
671.8600	302.1367	916.8200
668.6500	302.8433	916.9700
667.7600	303.0700	917.1200
667.8500	303.6067	917.2500
668.4900	303.7400	917.3900
669.6700	302.9333	917.4200
672.3000	304.5300	917.3100
675.3200	306.2133	917.3000
676.6500	305.7333	917.4200
677.3600	306.2267	917.5100
678.7600	306.4933	917.5800
681.7000	306.3333	917.6600
686.9300	305.4567	917.7600
693.4900	304.5267	917.9000
699.5800	304.6967	918.6600
705.3600	305.3100	918.9400
712.2000	306.5567	918.8700
719.0100	306.5300	918.8100
725.0200	305.1800	918.7000
729.4100	304.8600	918.6500
731.1700	305.2167	919.1600
735.0200	304.9600	920.8000
750.7200	305.2767	919.2800
774.3800	304.9800	838.1700
821.9500	304.1800	838.1000
884.2200	304.9333	837.9700
924.4500	305.4167	837.8700
943.7800	305.6700	837.7900
941.3200	305.8167	837.6200
922.0200	305.4133	837.7100
905.7100	304.4400	838.2900
912.5200	303.0467	837.9900
1020.4000	301.6267	837.6100
1105.1300	301.6833	837.2200
1039.2900	302.3000	836.9100
980.3300	303.3167	836.6600
930.9000	303.4067	836.3600
882.6200	304.5733	836.0900
839.3600	305.6900	835.9000
803.7000	306.3967	835.8200
776.6100	306.8533	837.6200
757.0100	306.5933	838.1900
742.9200	306.2167	838.0100
755.7300	306.3367	837.8800
799.0500	305.4200	837.9100
793.1300	304.9733	838.0200
773.9700	304.9500	837.9600
758.7300	306.7333	837.9000
746.4200	306.7767	837.9300
736.0000	305.7767	838.1800
728.0400	305.5500	838.6500
722.5500	302.2833	838.6300
721.2100	300.4700	838.4700
728.7900	299.9133	837.9600
733.0300	300.9867	824.9900
730.9900	303.0533	824.8000
726.2000	304.6300	824.3800
721.1700	304.6667	823.9900
716.4000	304.5567	823.6800
710.8500	302.9767	823.4600
704.0300	302.9400	823.3000
697.1800	301.9567	823.3900
691.8400	300.6567	823.1200
689.1100	298.9767	822.9200
687.5200	299.5667	822.8000
688.1300	300.6033	822.6900
690.8900	301.2700	822.6000
693.7800	301.7633	822.4800
694.8400	301.6200	822.3200
693.6900	301.6233	822.2000
691.2800	301.8100	822.1200
688.5200	300.9700	822.0600
685.9400	301.1967	821.7900
683.6300	301.2867	821.6400
681.5500	300.8000	821.5900
679.6200	300.1167	822.2400
677.7900	298.1600	822.8400
676.0900	299.8600	822.9600
674.5600	300.0233	822.7800
673.2600	300.4700	822.5200
672.4300	302.5567	822.2200
672.5100	302.8733	822.1100
675.4100	302.0300	822.0500
685.3600	302.4367	821.3500
700.5900	302.3633	781.0100
711.2100	301.1733	781.0500
712.2300	300.1733	781.2900
706.6500	298.8333	781.3300
700.8200	296.6033	782.0200
775.9000	293.9367	782.2600
1059.5400	292.7300	782.2800
1061.9900	292.3067	782.2800
985.5200	293.5733	782.2800
963.2000	294.3800	782.2600
928.1400	295.3167	782.2300
880.2000	296.0333	782.1800
835.3800	295.6000	782.1300
794.2200	295.9900	782.0600
756.6400	299.2233	781.9800
725.3300	297.9133	781.8700
701.5400	297.1733	781.7200
684.0800	296.0333	781.7800
678.1500	294.4467	781.7300
710.5800	293.5167	781.9300
751.6500	292.1967	782.2800
743.8700	290.1633	782.2800
743.8200	289.9100	782.2800
759.6800	290.6067	782.2800
778.3700	291.5567	782.2800
787.7100	290.8433	782.2800
773.2000	289.2333	782.2500
758.2000	287.9233	782.2000
743.3500	290.4700	782.1100
725.3500	291.4633	782.0200
707.0300	289.8700	781.5200
691.0000	290.1367	762.3400
677.5100	290.3633	762.3400
667.6300	291.4633	762.3400
661.0300	292.6867	762.3400
655.5700	293.2700	762.3400
648.9000	292.2033	762.3400
640.8600	291.0167	762.3400
633.6100	290.0067	762.3400
628.3800	286.9567	762.3400
624.7600	285.1633	762.3300
623.5400	284.4133	762.3100
630.7400	283.4167	762.2900
639.0500	283.8067	762.2700
641.7100	283.8500	762.2600
639.1900	284.7867	762.2400
633.2900	285.3433	762.2200
628.2300	285.2800	762.2100
622.6000	285.0033	762.2000
618.3500	285.5900	762.1900
615.2100	286.1100	762.1900
612.8400	284.6333	762.2000
612.0900	281.4167	762.3400
618.4100	281.3300	762.3400
638.3700	281.2767	762.3400
653.6100	279.0000	762.3400
659.1700	277.2867	762.3400
661.7700	277.6767	762.3400
659.6800	280.0533	762.3400
653.0400	279.0400	762.3400
645.8000	277.6333	762.2700
641.2400	278.0400	759.2500
640.0100	279.8067	759.2500
639.2100	281.8400	759.2500
639.0000	283.0100	759.2500
641.4600	283.3367	759.2500
641.9900	283.7300	759.2500
638.4700	282.4600	759.2500
635.5500	282.2667	759.2500
638.5000	282.7033	759.2300
645.2400	283.8400	759.2100
646.6000	283.4300	759.2000
642.3700	283.1933	759.1900
636.3000	283.4167	759.1800
629.8100	283.6200	759.1700
623.3000	283.1100	759.1600
618.7700	283.0367	759.1700
615.8200	282.0900	759.2600
613.9900	281.7800	759.2600
620.8400	282.7400	759.2600
658.9600	282.6033	759.2600
756.9900	281.2667	759.2600
1194.6400	281.1233	759.2600
1726.5500	280.8133	759.2600
1668.2700	280.2333	759.2600
1272.0900	280.8500	759.2600
1008.0400	281.7100	759.2600
874.3300	281.6733	759.2600
810.5600	280.4700	759.2600
779.3500	280.8600	759.2600
762.0100	280.1600	759.2600
