1.4200	273.1500	11.0700
1.4400	273.1500	11.0700
1.4900	273.1500	11.0700
1.7600	273.1500	11.0700
2.2200	273.1500	11.0700
2.9000	273.2600	11.0700
3.2600	273.3133	11.0700
2.8100	273.6867	11.0700
2.3900	273.4067	11.0700
2.1500	273.1500	11.0700
2.0200	273.3900	11.0700
1.9500	274.3000	11.0700
1.9200	275.4733	11.0700
1.9100	274.4800	11.0700
1.9100	275.6633	11.0700
2.3200	277.0267	11.0700
2.6600	275.6767	11.0700
2.5600	274.7667	11.0700
2.3600	274.4833	11.0700
3.5000	275.1233	11.0700
9.5500	274.1100	11.0700
7.2300	273.3567	11.0700
4.9500	273.3200	11.0700
3.8400	273.6233	11.0700
3.0400	273.8133	11.0700
2.5800	273.4167	11.0700
2.3200	273.2867	11.0700
2.2900	273.6500	11.0700
2.3900	273.3833	11.0700
2.5000	274.7600	11.0700
4.5300	278.4233	11.0700
7.8700	278.6000	11.0700
6.4700	276.6700	11.0700
4.5000	275.1067	11.0700
3.3800	274.0100	11.0700
2.8200	274.5467	11.0700
2.5500	274.7267	11.0700
2.5000	275.3433	11.0700
2.5000	276.9100	11.0700
2.4400	281.9100	11.0700
2.4000	286.0700	11.0700
6.1500	278.9633	11.0700
9.7500	275.0400	11.0700
5.9600	275.4000	11.0700
3.9700	278.7833	11.0700
3.4700	282.6633	11.0700
7.6700	285.9867	11.0700
20.2400	283.7833	11.0700
22.5300	278.7467	11.0700
11.9400	275.1633	11.0700
6.1100	274.7600	11.0700
4.1900	276.8933	11.0700
3.5600	277.9500	11.0700
3.4200	274.6800	11.0700
3.7400	274.6600	11.0700
4.1300	277.4767	11.0700
6.9000	285.5167	11.0700
18.7800	283.6500	11.0700
10.3900	279.4633	11.0700
6.5000	277.0167	11.0700
5.3100	275.6267	11.0700
5.0000	278.4033	11.0700
5.3100	279.9367	11.0700
6.7700	280.4233	11.0700
24.6800	277.8500	11.0700
14.6600	275.6133	11.0700
8.6700	274.4967	11.0700
7.0500	275.3400	11.0700
6.7100	275.4733	11.0700
6.8000	275.2467	11.0700
7.0000	278.1567	11.0700
7.2200	280.0967	11.0700
7.7900	283.0100	11.0700
9.7700	282.1433	11.0700
9.2700	281.7100	11.0700
9.4000	281.5767	11.0700
12.1700	280.1367	11.0700
11.1400	277.1933	11.0700
9.3100	277.3033	11.0700
8.4600	279.6733	11.0700
12.0000	279.1800	11.0700
13.8700	280.5100	11.0700
10.5000	281.1833	11.0700
8.9000	282.0600	11.0700
8.3400	277.8233	11.0700
8.1000	275.4733	11.0700
7.9400	274.2600	11.0700
7.8200	275.6700	11.0700
7.7500	279.4500	11.0700
7.9400	280.9733	11.0700
9.5300	281.9933	11.0700
11.5300	283.1300	11.0700
14.8800	280.6600	11.0700
13.1100	282.3567	11.0700
15.9800	285.5633	11.0700
11.1100	285.9567	11.0700
8.7500	289.9033	11.0700
7.9200	293.8133	11.0700
8.8500	294.9700	11.0700
9.3300	295.6000	11.0700
8.3400	296.0200	11.0700
9.1400	296.8400	11.0700
9.8400	296.0133	11.0700
8.5000	292.0967	11.0700
7.5500	289.9233	11.0700
7.0500	289.6367	11.0700
7.5900	285.1067	11.0700
7.4500	280.0433	11.0700
7.0600	277.6600	11.0700
6.7700	279.8467	11.0700
6.4000	283.1467	11.0700
7.3400	288.3667	11.0700
7.1300	293.1067	11.0700
6.3200	292.8333	11.0700
6.1700	288.5200	11.0700
6.6800	284.7100	11.0700
6.1000	285.1067	11.0700
5.5100	287.9833	11.0700
5.1400	289.7033	11.0700
4.9200	286.2433	11.0700
4.7300	289.1433	11.0700
4.5600	293.9100	11.0700
4.4000	294.2300	11.0700
4.2600	295.1867	11.0700
4.1300	296.0900	11.0700
4.0000	295.8967	11.0700
3.8700	295.5867	11.0700
5.3400	295.2100	11.0700
14.8300	293.5367	11.0700
16.2600	292.9000	11.0700
8.2800	294.2933	11.0700
5.3100	294.0800	11.0700
10.1000	294.0967	11.0700
13.2900	291.1667	11.0700
7.3200	289.2700	11.0700
4.8000	291.9667	11.0700
3.7500	295.3867	11.0700
3.2500	296.8933	11.0700
3.6500	296.7833	9.9400
12.2800	297.9600	7.6900
17.4100	296.6000	11.0700
9.0900	296.0567	11.0700
17.6000	293.5800	11.0700
14.7900	289.2733	11.0700
8.1600	289.1200	11.0700
7.2800	289.4100	11.0700
5.7200	288.1567	11.0700
5.3600	289.5667	11.0700
7.9700	292.4033	11.0700
5.7100	292.2667	11.0700
3.9400	292.7867	11.0700
3.0900	289.2633	11.0700
3.9900	291.4100	10.2400
8.2400	290.7667	7.8100
7.0800	289.6833	9.2300
5.4700	289.5333	7.8200
9.5000	295.1233	9.4800
7.9700	298.0467	10.7600
6.6300	297.4233	8.9100
10.8900	296.9933	10.5000
8.1300	296.2833	11.0700
4.8300	294.9033	10.6200
3.3800	296.2833	5.8000
2.7200	299.0867	4.3500
2.4000	300.4200	3.5700
2.2500	299.3333	3.1400
2.1900	299.9667	2.9000
3.4000	296.6567	3.2300
4.9000	297.2967	4.9300
3.9500	297.5300	5.2100
3.0400	298.2067	4.4400
2.5300	298.9867	3.7000
2.7300	298.2833	3.3500
5.5100	294.1667	4.3100
8.8800	294.7400	8.6900
6.0800	293.9167	8.5500
4.3500	294.9733	6.6500
3.1800	295.0067	5.0100
2.6100	297.0233	3.9500
2.4300	297.1967	3.4300
3.2900	297.6467	3.4300
4.9600	297.8800	4.8500
4.2700	298.3167	5.4400
3.2200	295.5433	4.6900
2.8200	295.3467	3.9900
3.7700	298.1400	3.7800
10.8500	299.1767	8.7000
7.8500	296.9233	10.7400
4.6300	295.6667	7.7000
3.0000	301.2067	5.2000
3.8000	302.0700	4.1900
7.0000	302.0167	6.6500
4.8000	301.2767	6.7900
3.0600	294.4933	5.0600
2.1800	293.4667	3.6800
1.7400	294.0900	2.8300
1.4900	295.3033	2.3000
1.3300	296.8600	1.9700
1.2200	298.5833	1.7500
5.1700	298.6567	2.2200
24.9700	300.3067	10.7500
10.6000	300.9033	11.0700
9.0000	299.5500	11.0700
7.6400	300.4200	11.0700
8.4600	300.9500	11.0700
6.6500	302.3633	11.0700
3.8800	302.7167	11.0700
3.2200	299.6967	11.0700
11.4200	298.8900	11.0700
9.4500	298.0633	11.0700
9.2300	298.6500	11.0700
8.6000	299.4167	11.0700
5.2600	301.1033	11.0700
3.1100	300.4833	7.9300
2.0500	301.4633	3.8900
1.6400	300.7867	2.7900
5.6600	298.0833	3.9700
6.6200	299.9033	7.2800
3.8900	300.7367	6.2100
2.4100	301.2067	4.3100
1.6800	300.9133	3.0300
1.3200	300.2800	2.2600
1.4200	299.5867	1.8900
2.6600	300.0067	2.2500
6.5600	299.1300	4.9600
6.0700	299.5300	7.5700
3.5100	298.2000	5.9400
2.1900	296.4100	4.0500
1.5400	298.2000	2.8400
1.2500	297.5867	2.1300
1.2000	296.3633	1.7900
1.2800	296.3700	1.6300
2.2000	293.7000	1.9600
2.3000	294.5867	2.4600
1.7900	296.7100	2.4000
1.3600	300.1900	2.0500
1.9100	299.3800	1.9300
3.0200	298.8900	2.7100
3.0800	299.3500	3.2300
10.7700	298.5167	7.1000
10.6700	300.1500	11.0700
5.1200	300.2267	11.0700
3.7500	299.7767	7.4800
3.5600	297.2400	4.8600
4.0600	296.6933	4.8900
3.7500	297.5200	5.0000
2.5700	296.2967	4.1200
3.0700	296.7533	3.5800
4.1300	298.1100	4.5500
2.9300	295.7967	4.2800
1.9300	299.3933	3.2700
2.0200	298.6467	2.6000
3.5900	299.1467	3.3500
5.4600	295.1033	4.6300
7.8500	292.5267	8.3500
4.5100	292.9133	7.2700
2.5500	294.8933	4.8000
1.6100	291.4133	3.1700
1.1400	286.6167	2.2200
0.8900	287.5833	1.6500
0.7200	291.0100	1.2900
0.6100	293.3533	1.0500
0.5800	293.1200	0.8900
3.6900	291.5467	1.8200
5.5400	292.6967	5.0800
3.4200	293.8500	5.1200
2.0800	292.3867	3.7300
1.7200	291.9800	2.6900
3.2300	283.7300	2.9900
2.8700	284.2433	3.4400
1.9600	285.3233	2.9600
1.3500	287.1433	2.2800
0.9700	287.4267	1.7300
0.7700	288.3700	1.3400
0.6200	288.2367	1.0700
0.5200	290.0633	0.8900
0.4700	291.3533	0.7500
0.4200	290.3100	0.6600
0.3900	291.2333	0.5900
4.7100	283.9100	1.6100
8.7000	283.0967	7.4200
4.6800	282.7800	7.2500
2.5400	286.0033	4.7800
1.5600	287.4967	3.1200
1.0600	289.8333	2.1400
2.9400	289.5133	1.9200
18.8700	290.0667	10.0500
13.4200	291.1633	11.0700
20.7800	287.0333	11.0700
9.1900	285.6167	11.0700
6.5800	281.4467	11.0700
4.1200	281.2433	11.0700
2.4400	282.9500	11.0700
1.5400	287.0100	11.0700
1.0800	288.7800	10.9200
0.8200	290.2700	1.7700
0.6400	292.1200	1.2100
2.1700	293.5267	1.1800
16.2000	290.1633	7.8700
11.7100	284.1467	11.0700
5.1000	278.5400	11.0700
2.6600	278.0667	9.7600
1.6500	279.6333	3.3800
1.1500	283.6567	2.2900
0.8800	284.7567	1.6700
0.7300	285.7000	1.3000
0.6400	289.7867	1.0600
0.7700	289.1833	0.9600
1.2900	285.8967	1.1800
1.3900	283.1167	1.4600
1.2100	279.1667	1.5200
1.0200	282.2433	1.4100
0.8600	284.1567	1.2600
0.7600	282.7767	1.1100
0.6800	280.2800	0.9900
0.6400	280.8733	0.9000
0.6200	278.2267	0.8300
0.6000	279.6533	0.7800
0.5900	284.0200	0.7400
0.5700	285.5300	0.7200
0.5700	286.2133	0.7000
0.5700	289.7233	0.6900
0.5700	287.1567	0.6900
0.5800	284.9500	0.6800
1.5300	278.6867	0.9000
3.4700	275.7300	2.3400
2.9200	277.8867	3.3100
2.0200	281.7267	2.9900
1.4800	287.1933	2.3800
2.9500	286.3133	2.4500
5.1400	283.7667	4.6000
8.7400	286.1600	6.2000
23.1300	286.9200	11.0700
18.9600	285.8300	11.0700
29.3900	287.8800	11.0700
14.8200	284.2167	11.0700
6.0800	281.0867	11.0700
3.2100	281.1700	11.0700
2.0900	283.6800	11.0700
1.5900	286.0933	11.0700
1.3900	284.5867	11.0700
4.6700	284.6667	11.0700
6.7200	284.8067	11.0700
9.1100	282.9433	11.0700
6.4000	278.1267	11.0700
3.8800	278.7300	11.0700
2.6900	280.7267	11.0700
4.2800	286.1667	11.0700
8.0700	286.4367	8.3000
9.1500	283.8067	10.3600
6.2500	281.0400	9.1800
13.8400	283.9800	9.9200
24.0100	283.7033	11.0700
12.7500	280.6533	11.0700
7.2800	276.5933	11.0700
6.1400	275.3200	11.0700
6.2500	275.1600	11.0700
8.4300	277.7533	11.0700
13.9600	276.2000	11.0700
11.2700	274.0867	11.0700
9.6100	273.3033	11.0700
9.2800	273.1967	11.0700
9.4000	273.4367	11.0700
9.6700	273.7067	11.0700
10.1600	273.3500	11.0700
10.6000	273.3000	11.0700
10.8700	273.2767	11.0700
10.7800	273.1533	11.0700
10.5700	273.1300	11.0700
10.4300	273.1933	11.0700
10.3400	273.6000	11.0700
10.3700	274.5500	11.0700
14.4600	273.8300	11.0700
14.5000	273.4300	11.0700
12.1800	273.8500	11.0700
11.0200	276.3400	11.0700
10.7400	277.7600	11.0700
11.1100	275.7067	11.0700
10.7500	275.6400	11.0700
10.3500	276.0600	11.0700
10.1100	277.1500	11.0700
9.9400	275.8733	11.0700
9.7800	277.0300	11.0700
9.7000	275.1767	11.0700
10.3600	274.1367	11.0700
12.4300	273.5700	11.0700
11.9600	274.0733	11.0700
10.9400	274.7467	11.0700
10.4600	277.9400	11.0700
28.3700	282.9233	11.0700
40.4200	281.1767	11.0700
16.9700	277.6033	11.0700
12.3000	277.7133	11.0700
11.3900	279.2733	11.0700
11.3400	284.4467	11.0700
12.1500	288.2733	11.0700
23.6300	287.3400	11.0700
23.5900	287.3633	11.0700
26.0500	279.1167	11.0700
17.4500	275.8500	11.0700
15.1700	275.3833	11.0700
14.8100	273.9167	11.0700
14.8300	273.9833	11.0700
15.1400	274.9333	11.0700
15.2600	276.0867	11.0700
15.0400	277.6667	11.0700
14.9900	280.2400	11.0700
18.3800	279.1833	11.0700
17.2600	275.9300	11.0700
15.5200	276.4033	11.0700
14.7600	275.4033	11.0700
14.4100	275.9300	11.0700
14.1400	277.8733	11.0700
13.9100	278.0033	11.0700
13.6800	276.3967	11.0700
13.4400	277.7767	11.0700
14.3500	280.7100	11.0700
21.2100	282.0000	11.0700
18.3200	279.2200	11.0700
14.6200	276.2533	11.0700
13.3200	276.6833	11.0700
12.7900	279.4067	11.0700
13.2000	281.4500	11.0700
16.4600	275.8733	11.0700
14.5700	273.9867	11.0700
13.0200	274.2267	11.0700
12.3500	275.8333	11.0700
14.4500	277.3000	11.0700
14.9700	274.7600	11.0700
13.0300	274.2567	11.0700
11.9800	275.9067	11.0700
11.4600	279.3633	11.0700
11.1300	282.6367	11.0700
11.1200	286.2100	11.0700
18.1700	280.1433	11.0700
15.2100	276.1067	11.0700
11.9500	278.4567	11.0700
11.0000	280.6500	11.0700
10.3800	283.9767	11.0700
9.8600	287.2167	11.0700
17.9100	286.9100	11.0700
26.7400	283.5933	11.0700
16.8000	286.6600	11.0700
16.8800	286.3400	11.0700
52.9800	285.6600	11.0700
38.2600	282.9233	11.0700
16.3800	278.9333	11.0700
12.3000	275.7333	11.0700
11.8500	276.6300	11.0700
12.0700	280.5967	11.0700
46.1000	281.4200	11.0700
51.1300	277.3033	11.0700
22.0900	276.7633	11.0700
18.7700	281.5333	11.0700
36.3100	286.2033	11.0700
29.2500	284.9900	11.0700
22.8700	282.8833	11.0700
21.8800	283.3733	11.0700
22.3600	285.5133	11.0700
24.4000	279.8700	11.0700
23.8200	278.1267	11.0700
23.4200	278.3300	11.0700
23.2600	277.4367	11.0700
23.0700	283.4233	11.0700
23.8400	287.6500	11.0700
26.3800	286.6367	11.0700
24.0000	285.7833	11.0700
22.9300	290.6733	11.0700
32.1500	291.9400	11.0700
38.7000	291.7900	11.0700
37.6100	292.2500	11.0700
26.8600	294.8533	11.0700
23.2300	295.9400	11.0700
22.8100	296.2333	11.0700
22.4200	296.2900	11.0700
21.9900	295.9467	11.0700
23.5500	294.7467	11.0700
42.0500	291.7100	11.0700
35.2800	284.9700	11.0700
23.6700	283.5700	11.0700
29.8000	285.4867	11.0700
28.6500	283.4733	11.0700
23.7800	283.5100	11.0700
64.0200	288.1100	11.0700
50.6300	289.1367	11.0700
28.4500	286.1900	11.0700
25.5100	288.9867	11.0700
34.9200	293.5300	11.0700
42.3000	288.1667	11.0700
30.3300	286.1833	11.0700
26.6500	287.2667	11.0700
26.3100	289.8333	11.0700
52.6600	294.2633	11.0700
37.4900	295.4633	11.0700
31.5600	296.4667	11.0700
29.7100	291.8500	11.0700
27.0400	287.9300	11.0700
25.5900	293.1933	11.0700
51.7400	294.6000	11.0700
67.3800	285.6500	11.0700
33.6600	286.4000	11.0700
28.6000	288.3533	11.0700
28.1100	289.7700	11.0700
48.4600	286.8700	11.0700
37.3300	282.9667	11.0700
29.7500	283.7300	11.0700
28.1400	283.4467	11.0700
27.2000	282.0133	11.0700
26.3600	285.1733	11.0700
25.4800	289.5367	11.0700
24.5400	293.6167	11.0700
24.4100	294.8267	11.0700
24.2700	294.3500	11.0700
22.4900	296.0600	11.0700
22.5200	296.4600	11.0700
25.4800	296.1967	11.0700
22.2800	296.8033	11.0700
19.1600	298.3667	11.0700
17.6500	299.8300	11.0700
18.0800	299.9700	11.0700
17.7000	300.7533	11.0700
18.0400	301.1367	11.0700
26.2600	298.1033	11.0700
41.7200	292.1267	11.0700
20.4800	293.5167	11.0700
14.8400	297.5300	11.0700
13.1800	299.5100	11.0700
12.3500	299.7367	11.0700
12.1100	299.3067	11.0700
21.7500	298.9167	11.0700
24.8500	297.4200	11.0700
15.4000	294.9767	11.0700
11.5100	294.7333	11.0700
10.3600	295.1700	11.0700
9.5900	295.7100	11.0700
8.7000	296.4267	11.0700
8.0900	298.4267	11.0700
7.6000	299.6733	11.0700
7.0400	298.4033	11.0700
6.5600	298.0067	11.0700
6.1200	299.4000	11.0700
6.0600	300.2400	11.0700
6.7000	299.7633	11.0700
7.3800	298.8667	11.0700
7.8200	297.2633	11.0700
8.4200	300.0967	11.0700
6.5100	300.4267	11.0700
5.2700	301.1267	11.0700
4.5200	302.0733	11.0700
4.0800	302.1600	11.0700
3.8800	302.2567	11.0700
3.6300	302.6533	11.0700
3.4000	299.5433	11.0700
3.1900	295.1000	11.0700
3.0200	297.7267	11.0700
2.8700	300.0833	11.0700
3.2800	299.9867	11.0700
5.6200	298.6667	11.0700
4.8900	296.6000	11.0700
3.8300	297.1867	11.0700
6.8500	295.5000	11.0700
6.1500	297.9233	11.0700
4.1800	299.2567	11.0700
3.0800	298.7800	11.0700
3.0600	298.8700	11.0700
3.6900	299.0500	11.0700
3.5200	299.4033	11.0700
3.2700	300.8133	11.0700
2.9900	300.8600	11.0700
2.7700	299.9067	11.0700
2.7400	298.8467	11.0700
2.4300	298.7733	11.0700
2.0700	299.9900	11.0700
1.7800	300.9467	11.0700
1.5800	300.8367	11.0700
1.4500	300.3467	11.0700
1.8600	299.9067	11.0700
3.3900	299.6267	11.0700
3.0600	301.7233	11.0700
2.3000	302.0967	11.0700
1.8100	302.2033	11.0700
1.5800	301.5467	11.0700
1.5100	302.7433	11.0700
1.5500	299.2700	11.0700
1.4100	292.6233	11.0700
1.2500	292.6167	11.0700
1.1100	294.3400	11.0700
0.9900	296.5200	11.0700
0.9300	298.7567	11.0700
1.1500	298.2400	11.0700
1.5200	298.5133	11.0700
1.5000	297.1233	11.0700
1.6800	297.5967	11.0700
2.1000	298.4700	11.0700
1.9400	298.1967	11.0700
1.9400	299.4100	11.0700
2.7800	299.3167	11.0700
3.5800	298.7600	11.0700
2.7900	299.0200	11.0700
1.9200	300.5867	11.0700
1.3900	301.7833	11.0700
1.1200	299.3767	11.0700
1.1300	298.9033	11.0700
1.8400	297.4200	11.0700
5.7300	297.0667	11.0700
5.8000	296.9567	11.0700
3.5400	296.0000	11.0700
2.1900	296.1867	11.0700
1.4700	296.6800	11.0700
1.0600	297.8967	11.0700
0.8400	298.0600	11.0700
0.7600	298.2767	11.0700
0.7700	298.6500	11.0700
0.7500	294.2433	11.0700
0.7000	294.3133	11.0700
0.6100	298.7533	11.0700
0.5500	299.9433	11.0700
0.5000	299.2367	11.0700
0.4500	298.9933	11.0700
0.4000	296.3967	11.0700
0.3800	290.6633	11.0700
0.3500	291.6500	11.0700
0.3400	296.7967	11.0700
2.3200	294.4833	11.0700
13.7000	293.2567	11.0700
9.2300	295.7833	11.0700
4.4400	296.2133	11.0700
2.6100	297.6067	11.0700
1.8000	297.9500	11.0700
5.4100	293.8433	11.0700
8.2600	295.3600	11.0700
4.4700	289.6267	11.0700
2.4500	288.5100	11.0700
1.5100	287.2933	11.0700
1.1500	289.6900	11.0700
40.8000	290.5433	11.0700
42.5100	290.4567	11.0700
10.8400	292.3700	11.0700
4.3100	293.7600	11.0700
2.2600	297.1133	11.0700
1.3900	296.6167	11.0700
1.0600	297.4933	11.0700
1.0300	296.4000	11.0700
3.6400	292.5700	11.0700
5.8100	289.1800	11.0700
3.6500	290.0733	11.0700
2.1900	283.3433	11.0700
1.4200	286.2533	11.0700
1.1400	285.4767	11.0700
20.4200	290.6167	11.0700
22.7400	292.4633	11.0700
8.0800	291.4433	11.0700
3.9100	283.4233	11.0700
2.2400	284.8800	11.0700
1.5100	285.8167	11.0700
1.2400	282.1233	11.0700
1.0500	283.7667	11.0700
0.9100	286.9400	11.0700
1.9300	284.6300	11.0700
4.3100	282.3367	11.0700
3.2700	284.6367	11.0700
2.1300	283.9700	11.0700
1.4900	282.3867	11.0700
1.1400	284.4567	11.0700
2.2000	287.7267	11.0700
3.4000	286.1233	11.0700
2.8400	283.4700	11.0700
4.8600	282.5433	11.0700
11.3200	283.0967	11.0700
7.4100	281.0767	11.0700
3.8800	280.3800	11.0700
2.3200	275.6633	11.0700
1.5900	277.2733	11.0700
1.4500	279.8767	11.0700
2.1000	280.5933	11.0700
13.7900	280.6967	11.0700
10.3800	280.6367	11.0700
4.8700	281.2433	11.0700
2.7700	284.0100	11.0700
2.4600	289.2933	11.0700
16.1200	288.9633	11.0700
14.1200	284.6733	11.0700
6.0600	280.3767	11.0700
3.2600	280.5533	11.0700
2.2000	280.6400	11.0700
4.1800	279.5933	11.0700
4.8700	276.7367	11.0700
3.3800	276.2667	11.0700
2.4200	282.3233	11.0700
2.0100	281.1500	11.0700
1.7900	282.8600	11.0700
2.1400	277.9300	11.0700
2.9700	275.4133	11.0700
2.7000	277.2933	11.0700
2.2500	279.1400	11.0700
1.9400	275.1200	11.0700
1.9100	273.6067	11.0700
2.0400	273.1800	11.0700
2.0000	274.5467	11.0700
1.9000	276.2967	11.0700
1.8200	273.1500	11.0700
1.7900	274.6067	11.0700
1.7700	274.0000	11.0700
1.7800	273.1500	11.0700
2.0400	273.1500	11.0700
2.4700	273.1500	11.0700
2.4700	273.2900	11.0700
3.9400	273.5433	11.0700
5.8900	273.5067	11.0700
4.8500	273.4900	11.0700
4.5200	273.8333	11.0700
7.3400	273.7367	11.0700
8.2900	274.8600	11.0700
10.2200	275.2367	11.0700
8.0800	275.8600	11.0700
5.0100	276.9233	11.0700
3.6200	276.6333	11.0700
5.9900	282.3200	11.0700
7.4200	283.6633	11.0700
32.2500	283.0433	11.0700
18.1200	279.0233	11.0700
7.9200	278.3500	11.0700
5.6900	275.5833	11.0700
5.3100	275.3867	11.0700
9.4400	273.9267	11.0700
11.4300	273.3867	11.0700
9.6400	273.3867	11.0700
8.9900	274.4000	11.0700
8.9600	276.1600	11.0700
9.4400	279.2900	11.0700
17.1600	283.3933	11.0700
39.7400	283.4167	11.0700
32.2500	278.5567	11.0700
18.5400	276.2267	11.0700
16.5500	274.0500	11.0700
15.6300	274.5667	11.0700
15.8500	275.1800	11.0700
16.0400	274.1800	11.0700
16.2200	274.5433	11.0700
16.3900	276.3400	11.0700
16.5400	276.4767	11.0700
16.6200	274.2467	11.0700
16.6300	273.3267	11.0700
16.5700	273.2333	11.0700
16.4700	273.6067	11.0700
16.3700	273.3033	11.0700
16.2200	273.2667	11.0700
16.2700	273.3167	11.0700
16.1800	273.2367	11.0700
15.8700	273.3000	11.0700
16.1500	273.3600	11.0700
16.2700	273.4867	11.0700
15.8100	273.3500	11.0700
15.3100	273.3000	11.0700
14.9500	273.1700	11.0700
14.6600	273.2767	11.0700
14.5400	273.2767	11.0700
14.3400	273.0767	11.0700
14.1000	273.2567	11.0700
15.1600	274.6767	11.0700
18.9100	274.2733	11.0700
16.3000	274.0267	11.0700
15.3100	275.4500	11.0700
15.6500	276.1100	11.0700
14.3700	279.7167	11.0700
18.4800	281.7267	11.0700
20.8100	275.7700	11.0700
15.6200	274.0967	11.0700
13.9700	274.4667	11.0700
15.6800	273.6500	11.0700
15.0000	273.4700	11.0700
13.6700	273.7600	11.0700
14.0600	273.7167	11.0700
14.1300	273.5533	11.0700
13.4700	273.4800	11.0700
12.9600	274.0633	11.0700
30.6500	274.7867	11.0700
36.2700	273.5700	11.0700
18.9500	273.4100	11.0700
15.1100	273.4867	11.0700
14.6200	274.0800	11.0700
17.5400	274.5900	11.0700
24.2600	275.4467	11.0700
37.6200	277.3967	11.0700
52.9600	277.3367	11.0700
29.1300	274.7833	11.0700
23.7200	274.0900	11.0700
21.6200	273.5467	11.0700
20.9900	273.3800	11.0700
21.7500	273.7833	11.0700
22.0800	274.9467	11.0700
21.4100	278.2700	11.0700
20.7600	276.0633	11.0700
20.3100	274.9700	11.0700
20.0300	280.8800	11.0700
20.4400	281.2000	11.0700
21.3300	276.8067	11.0700
19.9400	278.8067	11.0700
18.9400	282.3400	11.0700
18.3000	276.8767	11.0700
17.7800	274.7233	11.0700
17.4300	277.5400	11.0700
18.9900	282.5400	11.0700
19.5200	282.2500	11.0700
17.9000	281.6833	11.0700
16.5200	285.5367	11.0700
15.7700	289.2033	11.0700
15.2700	289.9500	11.0700
17.1500	288.8467	11.0700
26.6100	287.4133	11.0700
21.8500	287.8267	11.0700
18.7300	284.9533	11.0700
15.8800	283.8767	11.0700
14.7300	285.0700	11.0700
14.2300	286.8967	11.0700
14.3500	287.9600	11.0700
15.2500	285.8533	11.0700
14.2600	287.4400	11.0700
16.5700	287.8467	11.0700
23.5900	280.7133	11.0700
16.4800	277.4533	11.0700
13.5300	279.7100	11.0700
12.5100	284.9933	11.0700
12.0000	288.0433	11.0700
11.6600	289.9433	11.0700
14.1600	290.9133	11.0700
18.2000	283.6100	11.0700
18.7200	282.3733	11.0700
19.0700	286.8567	11.0700
17.0600	284.3100	11.0700
20.1800	280.3133	11.0700
13.8500	281.7300	11.0700
10.2200	283.6733	11.0700
8.8100	285.4200	11.0700
8.1600	285.9200	11.0700
7.7700	289.1900	11.0700
7.5000	291.8000	11.0700
8.7100	291.6967	11.0700
30.6200	287.8833	11.0700
16.7300	289.1100	11.0700
9.8300	292.0900	11.0700
11.1900	293.0833	11.0700
13.9500	288.9133	11.0700
9.6400	285.4467	11.0700
7.6500	284.4467	11.0700
7.0400	286.1933	11.0700
16.2200	286.9233	11.0700
16.4200	286.8133	11.0700
9.8900	288.5833	11.0700
7.6300	291.9500	11.0700
8.0700	295.8000	11.0700
7.5500	295.5067	11.0700
7.4600	294.3833	11.0700
8.5000	293.6100	11.0700
8.3800	291.4633	11.0700
20.2400	291.6200	11.0700
48.8400	294.9900	11.0700
18.2700	295.9067	11.0700
16.3800	295.5433	11.0700
15.8600	297.0967	11.0700
18.7700	298.4267	11.0700
22.8200	297.7500	11.0700
25.3300	291.7333	11.0700
12.5400	289.2867	11.0700
9.0200	289.7967	11.0700
8.5100	291.5133	11.0700
14.0400	292.7067	11.0700
16.2000	294.0433	11.0700
28.6200	294.9867	11.0700
17.6700	294.5200	11.0700
12.5000	295.2600	11.0700
16.7200	292.0033	11.0700
17.5100	289.7567	11.0700
13.2800	290.9333	11.0700
11.8600	290.1000	11.0700
11.4400	290.0467	11.0700
14.2600	287.9367	11.0700
13.8100	289.6967	11.0700
12.4500	290.9433	11.0700
12.8200	292.0567	11.0700
13.6000	292.0867	11.0700
12.3200	292.9000	11.0700
11.3600	290.8867	11.0700
10.6100	289.4600	11.0700
15.5500	288.9633	11.0700
27.0700	290.4700	11.0700
15.2700	289.6400	11.0700
11.2800	291.7567	11.0700
16.6400	292.4967	11.0700
20.0000	294.2200	11.0700
16.8500	293.3833	11.0700
13.3400	294.4733	11.0700
12.0500	296.3400	11.0700
20.1300	297.0667	11.0700
17.6500	297.1233	11.0700
13.9900	297.9633	11.0700
14.5700	297.6867	11.0700
18.6900	296.7300	11.0700
23.2700	296.2467	11.0700
19.8100	296.1933	11.0700
12.4900	297.1000	11.0700
10.0500	296.3533	11.0700
9.6700	293.3833	11.0700
9.1900	293.4500	11.0700
8.8200	295.6933	11.0700
8.5500	297.6333	11.0700
8.3200	299.1567	11.0700
8.0800	300.2100	11.0700
10.6700	297.7233	11.0700
12.4400	295.9933	11.0700
9.5900	296.7367	11.0700
8.0800	298.8000	11.0700
7.5900	298.9900	11.0700
7.4800	298.8933	11.0700
6.9700	299.7967	11.0700
6.5200	299.3633	11.0700
6.1700	300.3100	11.0700
5.9200	300.1133	11.0700
6.4800	299.2433	11.0700
6.7800	301.3467	11.0700
6.2700	300.0267	11.0700
17.8200	298.7833	11.0700
48.3000	298.0300	11.0700
19.1800	296.9733	11.0700
9.2000	297.5900	11.0700
6.2500	297.4733	11.0700
5.0600	299.0033	11.0700
9.1800	299.9767	11.0700
14.1400	300.1300	11.0700
8.2000	299.9533	11.0700
5.5500	299.4267	11.0700
4.4700	298.6900	11.0700
4.2300	298.8800	11.0700
11.6300	299.6467	11.0700
11.5400	296.8467	11.0700
9.3400	295.5667	11.0700
6.9500	296.1633	11.0700
4.9900	297.4200	11.0700
3.9800	299.5033	11.0700
3.8100	298.7733	11.0700
12.2400	298.2500	11.0700
10.9700	297.2867	11.0700
6.6100	298.5033	11.0700
8.4000	299.8200	11.0700
6.7300	299.9167	11.0700
11.4000	298.7233	11.0700
20.7600	298.4533	11.0700
16.5200	298.3367	11.0700
10.6900	298.5200	11.0700
6.2200	296.8667	11.0700
5.2100	297.0533	11.0700
4.6900	297.2400	11.0700
4.7200	296.3767	11.0700
6.4300	294.9900	11.0700
10.2400	295.5467	11.0700
8.1400	297.9567	11.0700
4.9800	299.1067	11.0700
3.5000	300.5967	11.0700
2.8900	299.2833	11.0700
2.8700	300.0733	11.0700
3.1500	297.1133	11.0700
3.2800	294.9200	11.0700
2.8900	296.0767	11.0700
2.5300	300.6433	11.0700
2.3200	299.7033	11.0700
18.0700	300.1200	11.0700
15.2200	298.6667	11.0700
6.7300	297.2600	11.0700
3.9500	299.5600	11.0700
2.8700	300.4767	11.0700
2.9500	300.3667	11.0700
4.4600	299.9433	11.0700
9.4000	298.7667	11.0700
22.9000	296.3033	11.0700
14.4400	297.1200	11.0700
18.1700	298.1933	11.0700
52.3500	295.5900	11.0700
22.1100	294.2600	11.0700
8.8000	294.2267	11.0700
4.7700	291.8067	11.0700
3.3600	291.3900	11.0700
2.8100	293.4867	11.0700
2.5900	294.7567	11.0700
2.5100	295.4233	11.0700
2.4900	294.4167	11.0700
2.5000	293.8233	11.0700
2.5100	296.4067	11.0700
2.5500	294.4800	11.0700
7.2200	290.9467	11.0700
9.0600	292.3567	11.0700
5.8000	291.9500	11.0700
4.1000	291.9367	11.0700
3.3600	291.1500	11.0700
3.0300	289.2267	11.0700
2.8600	290.4767	11.0700
13.2400	294.1400	11.0700
45.6800	292.2133	11.0700
14.0900	290.8800	11.0700
6.5600	291.3267	11.0700
4.3800	291.4233	11.0700
5.8600	293.8267	11.0700
14.5300	290.5567	11.0700
8.8800	287.1033	11.0700
5.7400	284.9267	11.0700
5.4100	283.3933	11.0700
6.8100	282.8033	11.0700
5.4600	280.5967	11.0700
4.4700	285.3333	11.0700
4.1900	286.1667	11.0700
4.0000	288.8100	11.0700
3.8700	289.9333	11.0700
3.8100	290.4000	11.0700
3.7900	292.0833	11.0700
3.9000	292.1567	11.0700
4.6800	291.9600	11.0700
4.7200	292.0933	11.0700
4.4100	289.1800	11.0700
4.5500	290.4900	11.0700
15.4500	285.9133	11.0700
11.0500	285.0233	11.0700
6.7400	285.7667	11.0700
5.3900	283.8733	11.0700
4.8600	285.0333	11.0700
4.4800	288.2000	11.0700
4.2600	290.0633	11.0700
4.1500	287.0667	11.0700
4.0900	284.4267	11.0700
4.0600	282.3367	11.0700
4.0400	285.9267	11.0700
6.2300	287.6200	11.0700
18.5200	282.6733	11.0700
11.1500	280.9367	11.0700
7.4800	281.8267	11.0700
6.3000	284.6233	11.0700
5.2700	289.1700	11.0700
4.6900	290.9067	11.0700
4.4800	291.7233	11.0700
4.3900	291.7633	11.0700
4.3200	290.9167	11.0700
4.4000	292.2000	11.0700
6.8500	289.5867	11.0700
9.6200	286.0533	11.0700
7.8800	281.4733	11.0700
5.9100	276.4667	11.0700
5.0000	278.1333	11.0700
4.6000	284.9200	11.0700
6.9300	289.4633	11.0700
35.0800	286.2400	11.0700
15.6300	278.8067	11.0700
8.8100	278.0967	11.0700
10.8500	279.4633	11.0700
8.5300	284.0567	11.0700
6.5700	288.6767	11.0700
17.1700	288.9867	11.0700
16.5900	284.5300	11.0700
9.6400	283.3300	11.0700
7.5000	284.8000	11.0700
7.2000	287.3533	11.0700
8.9400	285.8767	11.0700
16.1600	276.5900	11.0700
12.7300	275.9067	11.0700
11.3300	279.3100	11.0700
28.3000	282.4500	11.0700
26.6000	276.7200	11.0700
16.0000	274.8767	11.0700
13.1700	276.5900	11.0700
12.6900	275.7533	11.0700
12.7700	275.4867	11.0700
13.3400	276.8067	11.0700
18.4100	277.5100	11.0700
19.3500	276.0567	11.0700
16.3900	275.2833	11.0700
14.7500	275.2067	11.0700
14.2700	277.7467	11.0700
16.3600	281.7967	11.0700
28.9000	279.3433	11.0700
19.9400	275.2167	11.0700
16.2500	273.9300	11.0700
16.2200	273.9867	11.0700
19.0700	273.6567	11.0700
17.7000	274.5067	11.0700
21.0100	275.4733	11.0700
19.6900	274.0900	11.0700
19.3400	273.8233	11.0700
19.1100	273.3333	11.0700
17.3400	273.2800	11.0700
16.5000	274.0833	11.0700
16.3200	277.3933	11.0700
25.8600	277.2467	11.0700
23.3600	274.0400	11.0700
18.3200	273.5567	11.0700
16.9800	274.3033	11.0700
16.6000	275.3067	11.0700
16.4300	278.4533	11.0700
25.9400	279.5233	11.0700
25.2100	276.3267	11.0700
19.0300	276.5400	11.0700
26.7100	280.3900	11.0700
43.3200	287.1433	11.0700
25.8900	289.2700	11.0800
37.4200	286.3300	36.1200
34.9500	276.5433	45.8700
24.9000	273.6767	35.6300
22.8100	273.2333	30.0300
23.3700	273.4367	28.9100
24.1200	273.2400	29.6000
24.8200	273.2733	30.3300
23.7800	273.8667	29.9800
22.7500	274.3400	28.7900
22.1900	274.5200	27.9100
21.7800	275.5600	27.3000
21.3800	273.9100	26.8000
21.0000	274.0000	26.2900
28.4400	276.3333	29.6000
32.8600	274.5667	39.3400
24.0200	273.4467	33.9400
21.3500	273.2500	28.5600
20.6200	273.4767	26.3600
20.2500	273.2500	25.3800
19.9400	273.3133	24.9000
19.6100	273.4867	24.5000
19.4400	273.9667	24.1300
34.9200	276.3733	34.5500
26.7000	274.0800	37.6000
21.7200	273.4200	29.9600
21.6600	273.3233	27.1900
19.9600	273.1867	25.5700
18.6800	273.2333	23.6900
20.2300	273.4233	24.1300
37.3900	274.2067	33.9700
36.6800	273.5333	47.5100
22.6800	273.4533	34.6600
42.6200	275.6933	41.3200
31.8700	275.2933	46.0200
22.1700	273.7367	32.9000
19.9800	273.9533	26.9400
19.5500	274.4667	24.7900
19.2400	274.7033	24.2000
18.8300	275.3367	23.6900
18.4300	274.7267	23.1900
18.0200	273.8733	22.7000
17.6200	274.4633	22.2000
17.2100	273.7033	21.7100
16.8100	273.5900	21.2100
16.4200	274.1100	20.7100
16.0100	275.1833	20.2200
15.6100	278.5367	19.7300
15.2400	280.2133	19.2500
14.8500	278.2633	18.7800
14.4400	277.4233	18.2900
14.0500	279.9667	17.7900
13.7100	278.9733	17.3300
13.3300	276.3567	16.8900
12.9300	276.1733	16.4100
12.5600	276.5267	15.9400
12.2400	279.8400	15.4800
17.0500	283.0400	18.4500
16.2800	284.1133	21.1600
23.0800	283.9400	23.4500
23.3500	288.9900	29.7800
31.0500	289.0667	32.3700
23.5300	284.3767	35.4000
15.4800	281.2000	24.0400
13.7000	278.5667	18.4600
13.3500	277.1233	17.0200
13.2300	277.1133	16.6300
13.1700	278.1767	16.4800
13.0100	276.1600	16.3500
12.8100	277.4567	16.1200
13.2500	279.3933	16.3600
14.9400	280.0467	17.2700
19.9700	277.2733	23.1200
15.5100	277.8967	21.2400
13.2600	280.6400	17.7600
12.3300	281.3667	16.0100
15.2800	283.9067	17.2400
15.5200	277.7667	19.9900
12.7800	275.6433	17.4300
11.5600	279.3567	15.3100
11.0400	284.5100	14.2900
10.4200	288.1867	13.5500
9.8800	289.9100	12.8000
9.6100	290.3233	12.3100
9.0600	291.3100	11.7400
15.8800	286.5633	15.4100
16.5200	283.6100	21.2400
11.6700	281.6667	16.8300
9.4100	280.7233	13.3300
8.0800	281.3367	11.2900
7.3200	281.6567	11.0700
6.8100	279.7400	11.0700
6.4600	280.7300	11.0700
6.2100	285.8767	11.0700
5.9800	287.9933	11.0700
5.7800	285.1633	11.0700
5.6100	284.1367	11.0700
5.4400	283.6700	11.0700
5.5300	282.1267	11.0700
16.3900	279.9200	11.0700
28.2000	278.4800	11.0700
15.5800	281.2000	18.2000
8.4200	285.8467	14.6100
6.1400	289.4567	11.0900
5.3000	292.0000	11.0700
4.9400	291.5767	11.0700
4.8100	291.4433	11.0700
4.8200	291.0767	11.0700
12.4500	290.7633	11.0700
19.8200	291.0033	11.0700
23.4000	290.1567	17.9900
12.5600	291.3267	20.3800
14.4100	291.8600	17.7500
9.5600	289.0967	14.5500
6.6700	284.4833	11.1900
5.5300	287.8300	11.0700
5.5000	290.8933	11.0700
10.9500	293.4667	11.0700
19.4000	291.4433	11.0700
26.1100	283.6900	27.6800
11.8100	283.1867	20.7800
7.4000	287.5133	12.3000
6.2000	292.4533	11.0700
5.6700	293.8900	11.0700
5.4400	295.8333	11.0700
5.3400	295.6533	11.0700
5.3000	296.2467	11.0700
5.8100	296.6500	11.0700
6.2900	295.9500	11.0700
5.9600	296.0833	11.0700
6.3500	295.7300	11.0700
10.7500	293.8500	11.0700
28.3000	291.0567	11.0700
13.5300	292.8267	11.0700
8.7500	295.3667	11.0700
9.0400	296.3667	11.0700
16.7900	296.6533	14.6100
12.6200	299.0800	18.3200
7.8700	299.9700	12.5600
6.1700	297.6500	11.0700
5.5400	297.9067	11.0700
5.6800	297.8100	11.0700
15.6100	297.2833	11.0700
43.5400	296.4700	27.8600
49.1400	297.0333	55.2200
27.6500	296.5167	48.5000
14.0800	297.3200	24.4500
47.9200	297.7100	39.9200
29.6500	295.2100	48.0800
19.5200	294.5233	28.7100
18.9500	294.1733	25.6700
14.9200	293.8533	20.2400
14.6200	292.8500	18.3200
14.2400	293.0200	17.7200
14.1100	294.7167	17.3900
14.1300	296.7633	17.3200
14.1200	299.1333	17.3100
20.5900	298.9067	21.4800
19.7900	298.7300	25.7100
16.0900	300.0433	21.3800
30.1300	298.0967	30.0800
22.3800	298.2700	32.0900
18.9900	299.2400	25.7100
16.9000	299.3933	22.4600
18.5800	299.0967	22.3200
22.3000	299.1567	25.9300
21.3600	298.7667	28.5800
19.3300	294.7867	25.7000
15.6500	293.7500	21.2300
14.0800	295.6133	18.3500
14.0600	296.6700	17.6100
13.4500	296.5633	17.1500
12.8700	297.5700	16.3600
15.8000	296.8300	18.4600
14.3100	294.3367	18.9200
12.3400	294.7167	16.5800
11.2500	295.2300	14.8500
10.5500	297.0500	13.7500
9.9900	298.1567	12.9600
9.7800	298.3033	12.4200
10.5100	298.3233	12.5500
11.8000	299.7433	13.6500
15.0200	300.4467	16.9400
16.4100	300.3600	19.9000
20.8900	299.5500	23.1500
16.5900	297.7733	24.1200
10.0700	297.0833	15.9600
14.4900	299.3700	15.0500
17.8800	299.7867	20.4600
14.4800	299.5233	19.4600
11.1300	300.9333	16.0200
19.4100	301.3833	17.6800
22.4100	298.9533	29.5900
10.8200	298.0367	18.8800
20.0700	297.8900	16.0400
35.3100	297.2000	40.8900
13.6400	296.6833	26.3800
8.3200	297.7567	14.1100
6.5500	298.1567	11.0800
6.0500	299.6733	11.0700
9.9900	300.7967	11.0700
11.1700	299.3000	11.0700
8.5500	297.1633	11.0700
9.0900	292.3200	11.0700
11.7700	292.5167	12.2400
8.4100	294.7367	11.8900
6.5100	294.5500	11.0700
5.6800	297.7567	11.0700
16.6200	298.8600	11.0700
36.0400	299.0700	34.0500
13.8200	299.7267	26.7300
7.7800	300.4333	13.7700
5.9800	300.2233	11.0700
14.1200	298.5167	11.0700
18.0600	295.0000	20.4000
9.6600	293.7133	15.7000
6.6400	293.9400	11.2700
5.5700	295.0900	11.0700
5.1500	295.3933	11.0700
4.9700	294.7867	11.0700
4.9600	291.9933	11.0700
5.0900	289.4533	11.0700
4.9700	290.5700	11.0700
4.7800	292.1467	11.0700
4.6400	292.3600	11.0700
4.5100	293.9500	11.0700
4.4100	294.8333	11.0700
4.6800	298.1033	11.0700
5.3300	297.6433	11.0700
9.7500	295.5467	11.0700
9.3200	295.5133	11.0700
6.3900	296.3467	11.0700
5.0300	298.3767	11.0700
5.5800	298.5233	11.0700
6.3500	298.3600	11.0700
11.7900	298.7700	11.0700
8.9400	300.2433	11.0700
10.1200	298.5233	11.0700
10.6800	297.8133	11.0700
7.0000	296.6567	11.0700
4.9700	296.0067	11.0700
4.0000	295.1400	11.0700
3.7900	296.6567	11.0700
4.5100	297.4967	11.0700
4.4500	298.1600	11.0700
3.8000	297.7033	11.0700
3.3300	298.0533	11.0700
3.9800	294.5300	11.0700
6.0300	294.1567	11.0700
5.0600	293.6600	11.0700
3.8800	294.2633	11.0700
3.2100	295.4200	11.0700
3.2000	295.7833	11.0700
3.1500	296.4767	11.0700
2.8700	294.8933	11.0700
2.6200	297.0000	11.0700
4.9800	293.1667	11.0700
14.0600	292.6200	11.0700
8.1700	291.1700	11.0700
4.7200	288.5300	11.0700
3.2700	290.0767	11.0700
2.5900	292.0767	11.0700
2.2500	293.8967	11.0700
2.0500	296.1000	11.0700
1.9200	296.0400	11.0700
1.8300	290.9233	11.0700
1.7600	290.4367	11.0700
1.7000	293.4867	11.0700
1.6500	287.5800	11.0700
1.6000	288.9400	11.0700
1.5600	290.7267	11.0700
1.5300	291.5267	11.0700
1.5900	286.0667	11.0700
1.6300	286.8933	11.0700
1.5800	284.0200	11.0700
1.5300	283.4533	11.0700
1.4500	285.8833	11.0700
1.4000	291.2467	11.0700
1.3300	291.0333	11.0700
1.2900	289.7833	11.0700
1.2500	284.8200	11.0700
1.2100	287.2033	11.0700
5.4300	288.1100	11.0700
9.5000	288.1000	11.0700
6.6200	284.7133	11.0700
6.3300	283.0300	11.0700
4.3800	280.2500	11.0700
3.2100	284.4900	11.0700
50.5100	292.1100	11.0700
28.4400	292.8367	11.0700
8.5800	292.2900	11.0700
4.1300	288.3967	11.0700
2.5700	288.8900	11.0700
5.4100	289.6533	11.0700
8.4700	290.3233	11.0700
5.1200	289.6800	11.0700
7.3300	290.7300	11.0700
12.7200	292.3833	11.0700
6.5800	293.2333	11.0700
3.8200	294.0467	11.0700
3.3200	288.7033	11.0700
3.3200	288.4000	11.0700
9.5600	293.3400	11.0700
21.2800	290.2367	11.0700
12.6700	287.9600	11.0700
9.6900	285.7400	11.0700
5.8200	281.2000	11.0700
3.6900	284.2167	11.0700
2.7700	281.4833	11.0700
2.3500	277.9200	11.0700
2.1800	279.2033	11.0700
2.1700	281.5400	11.0700
27.4100	283.5833	11.0700
21.1400	280.5100	11.0700
8.2500	278.1833	11.0700
4.7800	277.8200	11.0700
3.7400	281.1967	11.0700
3.6300	283.4667	11.0700
4.0000	286.6500	11.0700
7.9500	287.6167	11.0700
19.5000	286.7533	11.0700
11.9200	286.9433	11.0700
8.7900	285.4067	11.0700
8.4300	285.0733	11.0700
11.6900	287.2667	11.0700
22.9900	285.2200	11.0700
17.1800	277.7333	11.0700
12.7400	277.4033	11.0700
15.0400	278.9567	11.0700
16.2900	278.2367	11.0700
14.1200	279.8333	11.0700
26.5100	281.0400	11.0700
23.3500	277.2833	11.0700
16.4800	276.1000	11.0700
14.9000	275.6700	11.0700
14.6800	276.4800	11.0700
15.9500	280.1067	11.0700
23.3200	286.2333	11.0700
35.2700	284.7133	11.0700
21.8000	281.0133	11.0700
27.0200	281.6533	11.0700
23.2400	280.5267	11.0700
21.9900	277.5200	11.0700
20.1300	277.1500	11.0700
19.2900	274.3300	11.0700
19.0900	273.4133	11.0700
19.0200	273.4233	11.0700
18.9300	274.1367	11.0700
18.8200	274.2800	11.0700
18.6500	275.1233	11.0700
18.4500	273.5900	11.0700
18.2100	273.3700	11.0700
20.7600	275.4167	11.0700
39.6700	274.1667	25.8700
26.0500	273.2833	39.2800
20.4000	273.0800	29.2100
19.2600	273.2167	24.9900
18.9700	273.1733	23.7000
18.7900	273.1967	23.3700
18.6600	273.8500	23.2200
24.9200	275.5000	26.8800
42.9000	281.2067	43.5600
34.0600	284.5667	46.3300
32.0800	285.4833	41.0900
31.0600	287.1233	38.0500
48.0900	288.3733	51.8000
40.0700	288.7867	50.4300
45.4300	286.8500	50.0200
51.3300	276.9500	64.3500
45.8400	278.0367	55.4900
41.3800	277.9467	55.9300
34.8600	278.7467	46.1700
34.5200	281.1900	42.9400
35.8200	286.6300	43.2500
36.2000	289.2567	44.1200
49.9600	281.9900	53.5600
42.3400	274.3133	56.3800
37.2300	273.6133	48.4900
36.0300	273.1667	45.3100
35.2900	273.1000	44.0200
34.6100	273.2000	43.1100
34.1000	273.5833	42.3600
33.4300	273.4300	41.6200
33.0200	273.4733	40.9800
32.1500	273.4533	40.1800
30.9700	273.2133	38.9600
29.8600	273.4467	37.6000
28.8800	275.2267	36.3600
27.9200	275.0300	35.1800
26.9500	273.5667	34.0200
26.0100	274.0733	32.8400
29.9700	273.8200	34.6900
32.5300	273.9633	38.9600
27.5400	274.7500	36.8400
24.3400	275.6300	32.2400
25.4400	276.1033	30.9600
25.0500	275.3267	31.7600
22.6500	276.0533	29.5900
21.4100	277.1900	27.6100
20.6100	280.3300	26.3100
25.1500	282.2033	27.9100
26.1000	283.3967	32.6400
23.0400	278.8133	30.1600
21.4000	274.4700	28.0900
19.6400	275.1233	25.7400
19.0300	277.7500	23.9800
29.7800	280.7933	31.1900
26.3500	282.4533	34.5800
20.6100	283.3000	29.0000
18.7900	278.7567	24.8400
17.9500	275.3000	22.9800
17.4000	274.3733	22.0900
17.0500	275.4033	21.5000
21.1000	279.6567	24.4200
20.5900	281.3067	26.5800
17.8100	279.6400	23.7900
16.5800	277.3367	21.4400
16.3700	275.1133	20.7400
15.6500	275.2567	20.0100
15.0100	276.2733	19.1900
14.7900	278.8033	18.6000
20.1100	276.9733	22.7100
17.7400	274.1500	23.6200
15.0200	273.8867	20.2200
13.8900	274.5633	18.1500
13.9200	277.9167	17.5100
14.0700	278.8067	17.6300
13.2800	281.0700	17.0500
17.6200	280.8133	19.0200
18.4700	275.7133	23.6400
14.1500	274.9400	19.6600
12.5300	275.6133	16.7100
12.5600	275.5233	15.7600
14.4900	276.9033	17.2900
13.4700	276.3833	17.3100
12.1400	276.1233	16.0100
10.8100	276.8800	14.4700
9.8000	276.8533	13.1600
9.0400	278.9800	12.0800
8.4600	280.8967	11.2600
9.6900	281.2567	11.4400
9.8900	280.7067	12.5400
8.4100	279.9500	11.5100
8.7700	281.2467	11.0700
10.8400	282.2400	12.2800
9.0700	282.5533	12.3100
8.0500	283.0500	11.1100
7.4900	284.4600	11.0700
34.9900	284.0733	23.0000
34.7300	282.6467	47.7700
13.8300	284.4167	27.6900
8.6400	288.3933	14.5000
8.7800	288.0333	11.6500
10.0200	284.1833	11.7600
11.0900	280.8800	13.7200
8.6900	282.3533	12.2500
7.2300	287.0833	11.0700
6.6200	288.9233	11.0700
6.4000	289.7967	11.0700
7.2100	289.5733	11.0700
7.7300	289.2900	11.0700
7.0400	290.0267	11.0700
6.5400	292.9333	11.0700
6.3400	291.4833	11.0700
9.5800	288.4933	11.0700
12.4900	285.2233	11.0700
9.7200	284.7767	11.0700
7.4100	285.8200	11.0700
6.4000	287.9767	11.0700
5.9500	290.6367	11.0700
5.7000	291.6733	11.0700
5.5600	291.3133	11.0700
5.4300	292.1367	11.0700
5.3300	292.3900	11.0700
11.9200	287.5733	11.0700
15.6800	280.5500	11.0700
9.6300	279.7800	11.0700
6.8700	283.1467	11.0700
11.9400	282.6333	11.0700
10.7900	282.6700	11.0700
8.8900	284.0267	11.0700
17.9700	287.1033	11.0700
17.5100	284.5567	11.0700
9.1900	284.4300	12.7400
6.3500	281.5600	11.1800
5.3600	282.4367	11.0700
4.9800	283.7667	11.0700
4.8100	287.7333	11.0700
4.7300	289.7000	11.0700
4.6800	292.1433	11.0700
4.6400	293.8367	11.0700
4.6000	294.5133	11.0700
4.6700	295.7233	11.0700
4.7100	296.8900	11.0700
4.7700	295.1167	11.0700
5.9600	295.7367	11.0700
19.9300	290.9600	11.0700
12.4600	288.1400	11.0700
7.2000	286.9100	11.0700
5.3400	288.2733	11.0700
4.5800	293.5000	11.0700
48.9100	294.4833	11.0700
30.0600	293.6700	25.9600
10.6100	293.2700	24.2700
6.5900	293.0833	12.1200
6.2500	291.1200	11.0700
5.3800	289.3367	11.0700
4.7000	289.8467	11.0700
4.3500	291.5300	11.0700
4.2300	292.5800	11.0700
4.4900	291.6433	11.0700
4.4900	292.4233	11.0700
4.3000	292.3167	11.0700
4.1200	292.6900	11.0700
4.2700	292.4100	11.0700
5.1400	294.3000	11.0700
7.4900	295.0200	11.0700
7.1100	298.9667	11.0700
5.3500	301.0100	11.0700
4.4000	299.3733	11.0700
3.9300	299.0400	11.0700
3.6600	299.5633	11.0700
3.5000	300.3700	11.0700
6.5000	298.0033	11.0700
8.1100	298.1900	11.0700
10.4700	296.9467	11.0700
10.0600	299.5333	11.0700
7.0400	297.2633	11.0700
5.7000	296.2167	11.0700
4.3500	293.3967	11.0700
3.5600	294.0633	11.0700
3.1400	293.0967	11.0700
2.8900	294.0833	11.0700
2.7100	295.6533	11.0700
2.6000	296.9633	11.0700
2.5000	297.2667	11.0700
2.4200	297.6567	11.0700
2.3400	299.9300	11.0700
2.2600	300.0400	11.0700
2.2100	299.0733	11.0700
2.1700	299.6633	11.0700
2.4100	299.6333	11.0700
2.9200	300.7467	11.0700
3.3000	300.2400	11.0700
4.2800	298.1767	11.0700
3.7200	297.6767	11.0700
3.2400	299.5533	11.0700
2.8800	299.3500	11.0700
2.4100	298.0533	11.0700
2.1000	298.2500	11.0700
1.8900	296.6933	11.0700
1.7400	297.3867	11.0700
1.6300	297.2467	11.0700
1.5500	296.9700	11.0700
2.8900	294.6900	11.0700
8.6500	296.0833	11.0700
10.6700	295.5067	11.0700
7.6000	295.2200	11.0700
4.9300	297.7500	11.0700
4.3600	298.8633	11.0700
4.2400	299.8833	11.0700
5.8200	300.2500	11.0700
7.4900	301.4667	11.0700
5.9400	301.2100	11.0700
4.6800	301.9400	11.0700
6.9100	301.6700	11.0700
4.8300	302.0167	11.0700
2.9800	302.1400	11.0700
2.0400	302.9100	11.0700
1.5400	300.5733	11.0700
1.2600	295.3900	11.0700
1.1000	297.6433	11.0700
1.0000	296.8567	11.0700
0.9200	296.8033	11.0700
0.8700	298.9733	11.0700
0.8100	300.8067	11.0700
0.7800	301.2600	11.0700
0.7400	301.3333	11.0700
0.7600	301.0533	11.0700
1.1100	299.2700	11.0700
1.7900	298.8733	11.0700
4.0700	298.2733	11.0700
6.2200	299.4600	11.0700
3.8800	300.7933	11.0700
2.3700	301.1667	11.0700
1.6000	301.5533	11.0700
1.2500	301.4600	11.0700
1.1900	300.3967	11.0700
1.6700	301.4467	11.0700
2.1000	299.7067	11.0700
6.9300	298.3700	11.0700
5.8400	299.4633	11.0700
3.4600	300.6567	11.0700
4.2900	303.1867	11.0700
4.4200	301.8133	11.0700
3.6000	299.6100	11.0700
2.5100	295.1533	11.0700
1.8900	294.0300	11.0700
1.4000	295.3900	11.0700
1.0700	298.9467	11.0700
1.4900	298.7667	11.0700
3.2700	299.2633	11.0700
5.2000	298.9933	11.0700
11.9800	299.2300	11.0700
49.2900	293.1967	11.0700
17.8300	295.2100	11.0700
6.3300	296.7967	11.0700
3.0300	295.4133	11.0700
1.7600	293.5500	11.0700
1.1800	293.6967	11.0700
0.8500	294.1300	11.0700
0.6700	294.5733	11.0700
0.5500	294.9233	11.0700
0.4900	296.1400	11.0700
0.8100	296.7967	11.0700
1.0400	296.2367	11.0700
0.9700	296.4367	11.0700
0.8100	297.9500	11.0700
0.6700	296.8100	11.0700
0.5700	299.2767	11.0700
0.5000	297.5000	11.0700
0.4700	293.7467	11.0700
0.5000	292.7067	11.0700
0.5200	295.0167	11.0700
0.7300	297.3733	11.0700
3.0400	296.9200	11.0700
3.2300	298.0667	11.0700
2.1700	298.0300	11.0700
1.5300	297.9733	11.0700
1.5000	297.9867	11.0700
1.8200	296.2167	11.0700
3.3800	294.6367	11.0700
2.8900	292.9500	11.0700
1.9900	291.6267	11.0700
1.8800	285.3767	11.0700
1.6300	288.8533	11.0700
1.2500	295.7200	11.0700
0.9500	297.1500	11.0700
0.7400	296.9167	11.0700
0.5900	295.0633	11.0700
0.4900	295.6200	11.0700
0.4400	290.4433	11.0700
0.6000	286.3467	11.0700
0.8500	286.8900	11.0700
0.8700	287.5100	11.0700
0.7600	290.2100	11.0700
0.6500	291.4267	11.0700
0.5500	291.0667	11.0700
0.4800	292.0933	11.0700
0.4200	289.5033	11.0700
0.3800	285.4200	11.0700
0.3400	286.0767	11.0700
0.3200	288.8133	11.0700
0.3000	292.1733	11.0700
0.2800	294.1367	11.0700
0.5400	290.4800	11.0700
4.9600	285.1533	11.0700
5.8800	283.5067	11.0700
4.3800	280.3167	11.0700
3.5500	280.5767	11.0700
2.4800	282.3833	11.0700
1.6800	282.4000	11.0700
1.1600	282.1867	11.0700
0.8600	281.4267	11.0700
0.6600	281.5867	11.0700
0.5300	284.2300	11.0700
0.4500	283.8767	11.0700
0.4500	282.4933	11.0700
0.5200	284.5633	11.0700
0.5500	286.8167	11.0700
0.5300	290.4300	11.0700
0.5200	291.4967	11.0700
1.6500	285.4200	11.0700
2.2000	289.4433	11.0700
1.7200	292.8333	11.0700
1.2400	282.9833	11.0700
0.9000	278.5767	11.0700
0.6900	281.9500	11.0700
0.5800	285.5633	11.0700
1.2700	284.1833	11.0700
6.4600	288.5867	11.0700
18.8700	288.7867	11.0700
13.0300	280.4667	11.0700
5.4700	274.9933	11.0700
2.7300	275.9967	11.0700
1.6000	279.1600	11.0700
1.0500	281.1100	11.0700
0.7600	278.7200	11.0700
0.5900	275.4933	11.0700
0.4800	277.7833	11.0700
0.4000	273.1633	11.0700
0.3600	274.8867	11.0700
0.3300	281.2900	11.0700
0.3500	288.2600	11.0700
7.1900	282.9633	11.0700
10.1000	278.6233	11.0700
4.8500	275.3000	11.0700
2.5500	273.6267	11.0700
1.5600	273.8367	11.0700
1.3400	275.0600	11.0700
2.2900	273.4867	11.0700
2.1000	273.1633	11.0700
1.5200	273.1567	11.0700
1.1000	273.3567	11.0700
2.6400	273.3867	11.0700
5.2100	273.1967	11.0700
4.1800	273.4267	11.0700
2.6400	273.4867	11.0700
1.8800	273.4133	11.0700
1.5200	273.7300	11.0700
1.5200	275.1967	11.0700
5.6100	273.6200	11.0700
5.1200	273.8467	11.0700
3.0300	273.9267	11.0700
1.8400	273.3667	11.0700
1.2200	273.1500	11.0700
0.8900	273.3300	11.0700
0.6900	273.8767	11.0700
0.5700	274.9400	11.0700
0.4900	276.5933	11.0700
0.6000	280.7533	11.0700
3.0300	276.3900	11.0700
4.0100	276.4133	11.0700
2.7600	282.0567	11.0700
2.2100	278.6467	11.0700
2.2900	276.8567	11.0700
1.9900	278.9667	11.0700
1.8800	277.2600	11.0700
1.5800	285.6800	11.0700
4.2100	283.5667	11.0700
6.1600	280.8600	11.0700
3.7500	277.9933	11.0700
2.2400	274.8200	11.0700
1.5300	274.5400	11.0700
1.1200	276.8867	11.0700
0.8800	282.0133	11.0700
0.7400	277.4700	11.0700
3.7400	282.8633	11.0700
8.5000	280.6733	11.0700
5.0100	281.6267	11.0700
3.9900	277.3367	11.0700
4.4000	275.0100	11.0700
3.1200	277.5967	11.0700
2.5200	285.1567	11.0700
14.6500	279.1000	11.0700
10.8900	276.3033	11.0700
5.0000	280.8433	11.0700
2.7300	283.7533	11.0700
1.8400	276.5067	11.0700
14.8100	278.7767	11.0700
18.6900	277.6467	11.0700
7.2300	276.2333	11.0700
3.5400	274.7133	11.0700
2.1800	275.5100	11.0700
1.5700	279.6300	11.0700
1.4000	284.6367	11.0700
2.5700	280.6533	11.0700
3.6100	278.1867	11.0700
3.4200	277.9900	11.0700
2.5400	281.7467	11.0700
2.9400	281.7967	11.0700
5.9100	280.4167	11.0700
10.3000	275.1933	11.0700
6.9000	274.1567	11.0700
3.9800	273.8967	11.0700
2.7000	273.4400	11.0700
2.1500	273.2000	11.0700
1.9400	274.1300	11.0700
1.9400	274.5833	11.0700
2.2800	273.3000	11.0700
2.5200	273.1633	11.0700
2.5500	274.5767	11.0700
2.5100	277.7467	11.0700
2.4800	284.0233	11.0700
4.8500	281.0667	11.0700
11.0700	275.8200	11.0700
7.4800	273.7900	11.0700
5.3400	273.4567	11.0700
4.1100	273.8633	11.0700
3.4400	275.2033	11.0700
3.3200	276.8533	11.0700
3.2700	276.7600	11.0700
3.1400	279.0867	11.0700
3.0500	275.7267	11.0700
3.0000	275.3433	11.0700
2.9700	277.6467	11.0700
2.9600	282.8367	11.0700
2.9700	287.4967	11.0700
2.9900	280.1267	11.0700
2.9900	277.3467	11.0700
3.0100	276.7867	11.0700
3.1100	279.3167	11.0700
3.4700	278.2867	11.0700
3.5300	280.1033	11.0700
3.4700	285.7400	11.0700
6.6600	286.3933	11.0700
10.3500	286.7433	11.0700
17.6900	289.4733	11.0700
37.1100	291.3233	11.0700
21.0900	288.3067	11.0700
11.5700	281.7500	11.0700
6.6000	279.5200	11.0700
5.0500	281.5300	11.0700
4.7600	277.8867	11.0700
4.9500	276.3967	11.0700
5.2300	276.9767	11.0700
5.7000	276.3800	11.0700
8.6200	274.2300	11.0700
8.5200	275.6100	11.0700
7.3600	278.1167	11.0700
6.8500	276.9267	11.0700
6.7400	277.0900	11.0700
6.6300	278.7967	11.0700
6.6300	281.5400	11.0700
7.0100	282.2900	11.0700
6.9600	284.9800	11.0700
6.7700	287.2900	11.0700
13.0800	286.9967	11.0700
14.9700	286.6467	11.0700
14.5400	288.4933	11.0700
15.2400	284.8333	11.0700
9.9100	282.0900	11.0700
7.8900	282.9533	11.0700
10.0700	286.4067	11.0700
15.4700	288.9467	11.0700
14.9000	283.0400	11.0700
9.9600	282.0633	11.0700
8.1300	285.7400	11.0700
7.5200	289.3367	11.0700
7.3700	291.8133	11.0700
7.7600	293.3467	11.0700
8.0400	294.7067	11.0700
7.8000	295.5500	11.0700
14.0700	294.1733	11.0700
19.6700	290.0167	11.0700
13.9700	289.2833	11.0700
19.8300	291.3767	11.0700
18.3500	291.8500	11.0700
21.8200	291.4733	11.0700
14.3800	291.7633	11.0700
9.6900	292.0500	11.0700
8.3700	290.7500	11.0700
9.6900	286.3567	11.0700
10.7200	284.1333	11.0700
9.2000	286.8667	11.0700
8.2900	286.2467	11.0700
8.3200	286.0233	11.0700
15.7400	285.2667	11.0700
15.1700	289.8300	11.0700
12.5300	292.3267	11.0700
9.9600	293.0333	11.0700
8.5300	291.8300	11.0700
7.8900	289.4600	11.0700
7.5300	287.1533	11.0700
7.3800	286.8867	11.0700
7.2500	289.8900	11.0700
7.1000	292.7100	11.0700
9.3900	291.6867	11.0700
11.9400	287.5267	11.0700
10.5300	285.2067	11.0700
9.2100	285.0967	11.0700
8.1600	283.6133	11.0700
7.8800	284.9100	11.0700
7.6000	286.3933	11.0700
9.3000	289.3700	11.0700
14.4400	288.5700	11.0700
11.0700	288.5633	11.0700
8.3800	290.8333	11.0700
6.7400	288.7133	11.0700
5.8800	287.3200	11.0700
5.4400	289.3767	11.0700
11.4700	294.4300	11.0700
30.9300	298.2367	11.0700
18.6700	298.4567	11.0700
9.2800	300.2667	11.0700
6.5500	300.7367	11.0700
5.7100	301.4467	11.0700
5.2400	300.2533	11.0700
9.7600	299.7133	11.0700
24.1000	298.6033	11.0700
31.2600	294.5233	11.0700
13.4100	294.8367	11.0700
7.5300	293.7333	11.0700
5.7000	294.2367	11.0700
5.0400	295.2267	11.0700
5.6200	295.6533	11.0700
6.3400	295.4467	11.0700
5.6800	294.9300	11.0700
9.2100	292.3033	11.0700
19.0500	293.4000	11.0700
12.2700	293.1300	11.0700
7.3500	293.6267	11.0700
5.5700	294.8700	11.0700
4.8500	296.0400	11.0700
4.5200	297.5100	11.0700
4.4000	298.2867	11.0700
6.7400	296.7833	11.0700
12.3300	298.4000	11.0700
13.0100	300.2967	11.0700
7.7000	301.3500	11.0700
6.9600	300.7933	11.0700
15.4800	298.6867	11.0700
14.0000	297.8067	11.0700
8.1200	298.7333	11.0700
7.1100	297.7333	11.0700
8.7300	298.3033	11.0700
6.8600	296.6500	11.0700
7.1000	298.1667	11.0700
5.6900	298.8900	11.0700
4.5700	300.2800	11.0700
3.9200	300.9433	11.0700
3.5400	301.0333	11.0700
4.2400	299.4633	11.0700
8.5000	295.9100	11.0700
6.6900	294.9700	11.0700
4.7000	293.9500	11.0700
3.7300	295.9467	11.0700
3.2500	296.1633	11.0700
3.7400	299.1267	11.0700
16.5900	301.1400	11.0700
18.2100	299.9800	11.0700
16.9400	301.0467	11.0700
36.2000	300.8800	11.0700
20.9500	301.4900	11.0700
8.0900	302.3400	11.0700
4.6200	301.9000	11.0700
3.4300	302.4833	11.0700
3.0400	301.2533	11.0700
2.7800	301.2133	11.0700
10.3800	299.2467	11.0700
14.0700	297.1267	11.0700
7.5200	297.7967	11.0700
4.5400	298.5033	11.0700
3.3300	299.0767	11.0700
2.7700	299.7333	11.0700
2.9400	299.0367	11.0700
8.2100	298.4733	11.0700
7.9500	300.9000	11.0700
4.9600	302.5633	11.0700
3.4800	303.2767	11.0700
2.8100	302.4333	11.0700
2.4400	301.6200	11.0700
2.2400	300.6467	11.0700
2.1200	297.6033	11.0700
2.0500	299.3467	11.0700
2.5000	301.4533	11.0700
3.3000	301.6300	11.0700
4.3900	300.1800	11.0700
5.5400	301.1000	11.0700
8.1300	299.5900	11.0700
9.2900	298.1367	11.0700
5.7900	297.2900	11.0700
3.6700	300.1300	11.0700
3.7000	299.8567	11.0700
6.4400	296.6367	11.0700
4.7400	296.6567	11.0700
3.2100	301.0833	11.0700
2.4600	300.6600	11.0700
9.1700	300.3433	11.0700
20.2700	298.4200	11.0700
8.9200	298.0367	11.0700
4.4700	295.6867	11.0700
2.8300	296.6967	11.0700
2.0900	297.8967	11.0700
1.7200	299.9667	11.0700
1.5800	300.6233	11.0700
5.6000	299.7467	11.0700
27.1100	299.8867	11.0700
12.5800	299.7133	11.0700
6.0100	297.2233	11.0700
3.4700	294.2567	11.0700
2.3900	290.1467	11.0700
1.8700	291.8433	11.0700
1.5500	292.7067	11.0700
1.3500	293.3333	11.0700
1.2200	294.3533	11.0700
1.1400	294.2367	11.0700
1.0800	295.2267	11.0700
1.0400	297.0267	11.0700
1.0100	296.2033	11.0700
2.8000	296.0133	11.0700
20.4200	298.4300	11.0700
23.1500	295.9000	11.0700
13.0800	294.5000	11.0700
5.6500	295.1300	11.0700
3.0900	293.8400	11.0700
2.0300	294.5267	11.0700
1.5400	295.7433	11.0700
1.7500	290.8333	11.0700
2.6000	286.5200	11.0700
2.3500	286.1467	11.0700
2.4100	288.3467	11.0700
62.5700	294.8500	11.0700
63.8200	296.2467	11.0700
15.3300	294.0033	11.0700
6.0300	290.1400	11.0700
3.4200	291.1400	11.0700
6.3800	290.5067	11.0700
15.3000	286.8967	11.0700
8.5200	287.4500	11.0700
5.3400	290.1533	11.0700
3.9200	291.7267	11.0700
3.1700	292.5533	11.0700
2.8800	295.5233	11.0700
2.8700	294.2733	11.0700
3.1200	286.1300	11.0700
3.4400	283.6367	11.0700
3.6300	285.9767	11.0700
3.7500	290.7833	11.0700
3.8500	292.6967	11.0700
3.9700	293.0033	11.0700
5.4600	285.3967	11.0700
5.9200	278.1567	11.0700
5.2100	277.7833	11.0700
4.6900	278.5267	11.0700
4.4400	282.9967	11.0700
25.1200	285.0567	11.0700
24.4500	290.2033	11.0700
10.6200	291.7533	11.0700
12.0900	285.8900	11.0700
12.8600	283.0167	11.0700
8.0000	283.3767	11.0700
6.0200	278.9600	11.0700
5.3700	277.4767	11.0700
5.2300	277.7400	11.0700
5.3400	281.0233	11.0700
6.8300	282.8167	11.0700
34.5800	284.1800	11.0700
23.9900	281.6533	11.0700
11.5700	283.7733	11.0700
8.7900	286.8133	11.0700
10.7800	285.7400	11.0700
17.9800	280.2600	11.0700
14.5600	276.6133	11.0700
12.1100	275.7433	11.0700
11.6100	277.9400	11.0700
11.7400	280.2567	11.0700
13.5200	283.1933	11.0700
19.8200	284.8167	11.0700
16.1100	285.3467	11.0700
13.8900	287.8333	11.0700
13.2900	289.5733	11.0700
14.0700	282.8000	11.0700
13.7400	278.8000	11.0700
13.2600	279.5733	11.0700
13.4400	280.9300	11.0700
35.2700	284.5133	11.0700
26.8900	281.9000	11.0700
17.5800	279.7300	11.0700
15.2300	280.6133	11.0700
15.3200	278.0133	11.0700
15.6600	276.2600	11.0700
15.2500	275.8533	11.0700
14.9700	276.4200	11.0700
14.8000	277.8000	11.0700
14.6700	280.2100	11.0700
14.5200	282.3867	11.0700
14.3600	283.8767	11.0700
14.2000	284.3167	11.0700
14.0800	287.2933	11.0700
14.0800	290.6400	11.0700
19.2900	289.0400	11.0700
27.3000	277.3200	11.0700
17.9900	275.0133	11.0700
15.0500	273.9767	11.0700
14.2600	273.3767	11.0700
13.9900	273.7600	11.0700
13.8700	274.8900	11.0700
13.7600	273.5667	11.0700
13.6200	273.2267	11.0700
13.4600	273.8233	11.0700
13.2800	275.9267	11.0700
13.1000	279.5633	11.0700
14.6000	282.4967	11.0700
15.1300	282.2200	11.0700
13.7400	282.1700	11.0700
12.9200	280.8767	11.0700
12.4700	282.2933	11.0700
12.1800	284.7033	11.0700
11.9700	284.1000	11.0700
11.7500	279.4000	11.0700
11.5900	280.2400	11.0700
16.9900	284.2367	11.0700
22.8300	283.7033	11.0700
16.2400	278.8733	11.0700
13.3200	277.9967	11.0700
25.8500	277.4767	11.0700
20.6100	275.4100	11.0700
14.3300	275.3033	11.0700
12.6100	277.6300	11.0700
12.1700	279.9400	11.0700
12.8300	283.1700	11.0700
28.7000	284.1700	11.0700
21.0300	278.4933	11.0700
15.0500	277.0633	11.0700
13.5200	277.9200	11.0700
15.5800	283.8367	11.0700
23.3300	287.3800	11.0700
17.6500	283.7667	11.0700
24.9800	281.0967	11.0700
20.8800	277.1233	11.0700
16.2700	274.7267	11.0700
15.0400	273.8300	11.0700
14.7800	277.1800	11.0700
16.0300	283.2400	11.0700
38.2800	287.4267	11.0700
37.0800	288.5533	11.0700
35.8900	280.9400	11.0700
24.0000	274.8767	11.0700
19.9400	274.0400	11.0700
19.3100	274.9100	11.0700
19.2600	273.8967	11.0700
19.2200	273.8267	11.0700
20.7900	273.7967	11.0700
27.2000	273.6500	11.0700
26.3900	273.6500	11.0700
22.4400	273.7833	11.0700
20.5400	273.4233	11.0700
19.8300	274.3300	11.0700
19.5300	274.5100	11.0700
19.2700	273.4567	11.0700
19.0000	273.3033	11.0700
18.7100	273.3167	11.0700
18.4200	273.3667	11.0700
18.2500	273.2967	11.0700
18.3700	273.2333	11.0700
18.4900	273.2867	11.0700
17.8700	273.3567	11.0700
17.1900	273.2967	11.0700
16.7000	273.3267	11.0700
17.5100	273.4500	11.0700
17.3400	273.3467	11.0700
16.3300	273.2700	11.0700
15.6900	273.3467	11.0700
15.2600	273.3967	11.0700
16.9300	274.0067	11.0700
41.7500	274.0400	11.0700
25.4000	273.3700	11.0700
17.9600	273.2100	11.0700
16.4600	273.3400	11.0700
20.9600	273.3933	11.0700
19.4400	273.4500	11.0700
20.0700	275.7033	11.0700
19.3300	278.4333	11.0700
17.9100	279.8900	11.0700
16.5500	276.9467	11.0700
15.7500	275.2800	11.0700
28.8600	277.6600	11.0700
28.7400	279.4867	11.0700
19.0000	277.5233	11.0700
16.3600	276.2800	11.0700
15.8000	277.9267	11.0700
35.4000	280.8267	11.0700
27.5500	278.5467	11.0700
18.9000	275.4400	11.0700
17.0600	274.4400	11.0700
16.5900	275.3433	11.0700
16.3600	274.9467	11.0700
16.1400	276.9400	11.0700
15.8700	277.4300	11.0700
15.5700	282.7300	11.0700
15.4700	283.5933	11.0700
15.1700	281.8167	11.0700
14.7100	283.5367	11.0700
15.0900	289.3300	11.0700
23.9300	291.0300	11.0700
23.4300	283.7900	11.0700
17.6200	278.8100	11.0700
14.7700	276.4200	11.0700
13.7700	276.4633	11.0700
20.6200	281.9700	11.0700
19.5600	285.9367	11.0700
15.1700	289.2200	11.0700
14.4200	290.3233	11.0700
13.9800	291.3133	11.0700
13.2100	293.0733	11.0700
12.6400	293.8667	11.0700
12.2300	294.3467	11.0700
12.7400	294.7933	11.0700
20.0500	293.4633	11.0700
15.4000	291.1533	11.0700
12.3700	292.5267	11.0700
12.6900	293.4767	11.0700
16.7600	291.6567	11.0700
12.5900	291.0667	11.0700
24.0000	289.7500	11.0700
20.8700	280.9567	11.0700
11.8100	277.5600	11.0700
9.0800	275.6733	11.0700
8.0900	274.9267	11.0700
7.5700	275.3933	11.0700
7.2300	278.0067	11.0700
7.0200	281.3000	11.0700
10.4000	283.7633	11.0700
11.7000	281.0900	11.0700
11.8000	281.5500	11.0700
31.6200	281.9567	11.0700
16.5800	280.4133	11.0700
9.4300	282.1633	11.0700
7.3200	285.4133	11.0700
6.6700	286.5933	11.0700
6.5100	285.5100	11.0700
6.3700	287.2300	11.0700
6.2300	289.5600	11.0700
6.1200	290.5100	11.0700
6.4300	293.1367	11.0700
8.7000	295.5867	11.0700
10.1800	295.3067	11.0700
20.9700	291.7433	11.0700
13.3400	289.2367	11.0700
8.3900	290.6333	11.0700
6.6900	291.7900	11.0700
6.0100	293.9567	11.0700
5.6700	295.1800	11.0700
6.4000	293.4233	11.0700
12.9400	293.3633	11.0700
17.1900	294.2567	11.0700
15.4500	293.9333	11.0700
10.1600	290.8333	11.0700
7.0900	290.8633	11.0700
5.8600	293.0300	11.0700
5.4000	296.5067	11.0700
5.1700	296.5767	11.0700
5.0100	296.1700	11.0700
4.8800	292.7400	11.0700
4.7800	289.3200	11.0700
4.6600	294.7700	11.0700
6.0500	294.4733	11.0700
10.1800	291.2133	11.0700
7.7500	287.6300	11.0700
5.8000	287.1533	11.0700
4.8700	288.8433	11.0700
4.4200	291.6867	11.0700
4.1500	294.1267	11.0700
3.9700	295.3200	11.0700
3.8300	295.4533	11.0700
3.7000	296.0700	11.0700
3.5800	296.6767	11.0700
3.4800	295.5567	11.0700
3.3900	297.2633	11.0700
3.4100	296.7767	11.0700
3.3500	296.9567	11.0700
3.2200	296.3333	11.0700
3.0800	297.2400	11.0700
2.9600	297.7200	11.0700
3.4600	297.7567	11.0700
4.7500	295.1167	11.0700
5.0000	294.1800	11.0700
7.3600	292.7600	11.0700
7.2900	296.1900	11.0700
4.8600	298.8867	11.0700
4.0300	297.0200	11.0700
3.7300	295.4067	11.0700
3.1300	293.3000	11.0700
2.6600	293.6867	11.0700
2.3600	294.5333	11.0700
2.1600	296.6867	11.0700
2.0300	297.0567	11.0700
1.9500	295.1867	11.0700
1.8900	297.7067	11.0700
1.8100	299.0133	11.0700
1.7300	298.8400	11.0700
4.2700	294.1867	11.0700
6.1700	295.3800	11.0700
4.1800	297.0333	11.0700
3.0100	296.5267	11.0700
2.8900	297.9967	11.0700
4.1900	299.8600	11.0700
3.9300	300.2033	11.0700
3.4200	299.6867	11.0700
3.9300	299.4167	11.0700
5.6800	299.5533	11.0700
6.1200	298.3000	11.0700
4.4900	296.6800	11.0700
2.9500	293.5600	11.0700
2.0800	292.8933	11.0700
1.6300	297.8167	11.0700
6.2400	298.7633	11.0700
18.6200	300.5067	11.0700
8.2700	301.0500	11.0700
4.0300	300.0867	11.0700
2.4300	299.9933	11.0700
1.7100	300.2600	11.0700
3.1800	298.2767	11.0700
4.9200	295.5567	11.0700
3.6100	295.7433	11.0700
2.4900	296.3867	11.0700
1.8900	298.3700	11.0700
1.5800	298.7300	11.0700
1.5600	300.3733	11.0700
2.2000	299.5800	11.0700
3.2600	300.5500	11.0700
9.9400	297.6800	11.0700
10.5600	296.0500	11.0700
5.0400	293.4233	11.0700
2.7500	293.7200	11.0700
1.7400	295.9133	11.0700
1.2400	295.1567	11.0700
0.9600	297.6900	11.0700
0.8400	299.1167	11.0700
9.5400	298.6333	11.0700
13.9800	299.5033	11.0700
6.1300	299.9333	11.0700
3.0700	299.7400	11.0700
1.8400	298.2767	11.0700
1.2500	300.0067	11.0700
0.9300	301.0800	11.0700
0.7400	301.7433	11.0700
1.1300	302.3367	11.0700
4.2000	302.2267	11.0700
3.8800	303.1033	11.0700
2.4500	302.1667	11.0700
1.5800	303.3067	11.0700
1.1100	301.8567	11.0700
0.8200	300.1000	11.0700
0.6600	298.6533	11.0700
0.5400	300.5700	11.0700
0.4700	297.8333	11.0700
0.4200	300.3167	11.0700
0.3800	302.8933	11.0700
3.5200	301.5000	11.0700
6.2600	299.8000	11.0700
3.7600	298.9167	11.0700
2.2500	302.0100	11.0700
1.9000	299.8067	11.0700
11.2400	301.5100	11.0700
7.6600	303.4800	11.0700
3.7300	303.3833	11.0700
2.0800	301.3333	11.0700
1.4000	298.0800	11.0700
1.1900	296.5600	11.0700
0.9700	298.2767	11.0700
0.7800	301.6533	11.0700
0.8300	301.1400	11.0700
1.8800	297.9100	11.0700
1.9700	294.4733	11.0700
1.5100	295.4167	11.0700
1.1100	299.8533	11.0700
0.8300	300.3233	11.0700
0.6400	300.5200	11.0700
0.5200	300.3767	11.0700
0.4500	299.7500	11.0700
0.3900	300.2333	11.0700
0.3600	299.1067	11.0700
1.4300	297.6133	11.0700
2.7000	296.4233	11.0700
2.2800	290.8167	11.0700
1.6400	291.4267	11.0700
1.1600	294.1733	11.0700
0.8900	288.8367	11.0700
0.7200	286.2300	11.0700
0.6100	289.0000	11.0700
0.5200	293.6367	11.0700
0.4400	295.9000	11.0700
0.3900	297.3600	11.0700
0.3500	295.7300	11.0700
0.3100	298.0000	11.0700
0.3000	298.8167	11.0700
0.2800	298.8600	11.0700
0.2500	300.6967	11.0700
0.2500	297.9933	11.0700
1.5000	293.5000	11.0700
12.7100	293.9100	11.0700
8.2600	292.9667	11.0700
3.9100	291.7400	11.0700
2.1300	292.1600	11.0700
1.3300	295.0000	11.0700
0.9200	294.3233	11.0700
0.6800	296.7800	11.0700
0.5400	297.2267	11.0700
0.5000	297.1067	11.0700
0.5600	298.4000	11.0700
0.5700	298.5733	11.0700
0.5300	296.6167	11.0700
0.4700	288.2867	11.0700
0.4300	284.5300	11.0700
0.3900	286.5133	11.0700
0.3500	287.1467	11.0700
0.3200	289.6800	11.0700
0.3000	290.4333	11.0700
0.2900	291.8667	11.0700
1.1000	293.6600	11.0700
2.1400	294.6300	11.0700
6.8600	294.9967	11.0700
9.6100	291.6400	11.0700
5.0600	290.0767	11.0700
2.6800	289.0933	11.0700
36.7000	291.0300	11.0700
75.4600	286.7867	11.0700
26.3200	284.2233	11.0700
8.1100	286.9300	11.0700
3.6700	285.9033	11.0700
2.1400	285.2100	11.0700
1.3700	279.8067	11.0700
0.9500	282.8167	11.0700
0.7100	284.5200	11.0700
0.5600	286.6500	11.0700
0.4700	279.3500	11.0700
0.3900	280.5767	11.0700
0.3500	280.6400	11.0700
0.3400	281.5233	11.0700
0.3200	279.7767	11.0700
0.3000	275.4100	11.0700
0.3000	276.6733	11.0700
0.3200	279.8800	11.0700
0.9000	278.7267	11.0700
1.5000	279.2167	11.0700
1.4000	286.2300	11.0700
1.1200	288.9267	11.0700
0.8800	289.0467	11.0700
0.7300	281.3067	11.0700
0.6500	276.4500	11.0700
0.7000	277.3400	11.0700
2.4800	281.0033	11.0700
3.5500	284.1633	11.0700
3.3300	288.0833	11.0700
2.5300	288.9767	11.0700
1.8100	284.7500	11.0700
1.3400	276.2100	11.0700
1.0600	275.1533	11.0700
0.8700	277.7467	11.0700
1.4700	282.4500	11.0700
5.6900	279.6267	11.0700
4.5800	277.7767	11.0700
2.7200	277.8500	11.0700
10.0100	273.8300	11.0700
14.1500	275.1867	11.0700
7.3900	277.7300	11.0700
3.6300	277.6133	11.0700
2.0900	274.0267	11.0700
1.3800	275.0733	11.0700
1.0400	273.3100	11.0700
0.9000	274.5733	11.0700
1.4000	276.8067	11.0700
3.8700	279.6133	11.0700
3.4200	284.7500	11.0700
2.3900	285.6667	11.0700
1.9800	287.7833	11.0700
5.9400	282.6767	11.0700
23.2500	278.9567	11.0700
10.3300	275.9833	11.0700
6.9100	275.3300	11.0700
7.2900	273.9900	11.0700
5.8500	274.1500	11.0700
9.5300	276.4033	11.0700
31.6000	276.3400	11.0700
16.8700	278.2900	11.0700
6.4100	282.5567	11.0700
3.3600	281.9100	11.0700
2.2300	274.0433	11.0700
4.5800	274.3867	11.0700
5.5100	275.3800	11.0700
4.2900	277.3900	11.0700
5.3000	278.9600	11.0700
4.3500	278.9400	11.0700
3.4000	275.7567	11.0700
3.2100	275.8733	11.0700
3.5700	275.3733	11.0700
4.0400	273.4367	11.0700
4.2500	273.2200	11.0700
4.5500	273.3733	11.0700
4.9000	273.8833	11.0700
7.8900	278.2000	11.0700
9.1700	284.8133	11.0700
7.6400	287.9733	11.0700
10.4700	284.3667	11.0700
13.8600	279.6133	11.0700
38.2000	283.2367	11.0700
21.4700	279.7633	11.0700
11.1600	277.5067	11.0700
11.1300	275.1733	11.0700
11.0800	273.8500	11.0700
10.5100	273.5200	11.0700
10.4400	274.1033	11.0700
11.4300	274.1500	11.0700
11.9600	273.4400	11.0700
11.8400	273.2267	11.0700
11.8500	273.0833	11.0700
12.0100	273.2633	11.0700
12.9100	273.2300	11.0700
13.2800	273.2833	11.0700
12.9500	273.1833	11.0700
12.7000	273.3467	11.0700
12.5400	273.6867	11.0700
12.4300	274.1267	11.0700
12.8800	276.9500	11.0700
27.0800	278.6000	11.0700
22.2800	274.4300	11.0700
16.5400	274.4600	11.0700
18.6800	273.7433	11.0700
16.0500	274.8533	11.0700
14.7500	277.7033	11.0700
20.1200	285.1000	11.0700
40.7000	290.0167	11.0700
42.4900	282.2133	11.0700
22.0400	277.0533	11.0700
18.1800	278.5067	11.0700
17.7600	278.1967	11.0700
17.9300	274.5433	11.0700
18.0200	273.6800	11.0700
24.3500	273.6600	11.0700
22.6200	273.3133	11.0700
19.7200	273.6900	11.0700
21.2800	274.6800	11.0700
28.6700	278.1367	11.0700
58.0100	282.1700	11.0700
30.5200	276.6133	11.0700
23.6600	274.2433	11.0700
22.7800	274.0067	11.0700
24.8900	273.7367	11.0700
41.5400	274.0933	11.0700
33.3500	273.5567	11.0700
26.8300	273.9933	11.0700
26.0100	276.1600	11.0700
29.5300	274.6300	11.0700
26.8800	273.6167	11.0700
24.9200	274.5767	11.0700
24.0800	277.5000	11.0700
23.9800	283.2867	11.0700
53.4500	285.6233	11.0700
74.1200	281.3700	11.0700
35.6100	277.7033	11.0700
30.2700	277.7933	11.0700
36.4300	274.0633	11.0700
33.1500	273.4900	11.0700
37.9000	273.9867	11.0700
34.2700	274.5767	11.0700
31.7600	275.4533	11.0700
30.8700	280.2500	11.0700
30.4300	284.2833	11.0700
36.7100	281.9267	11.0700
39.2000	280.8233	11.0700
33.7700	279.3100	11.0700
31.4600	282.1533	11.0700
60.3500	288.3033	11.0700
90.0500	280.7400	11.0700
43.4300	279.8633	11.0700
37.8600	283.4300	11.0700
37.2800	279.1967	11.0700
37.1200	276.4700	11.0700
36.6400	276.3067	11.0700
35.7700	281.1800	11.0700
47.4300	285.1000	11.0700
67.4400	287.7167	12.5300
58.2700	281.5400	78.3000
40.7800	281.5233	57.5300
38.8600	286.7567	49.2800
44.0100	287.4433	50.6600
45.2300	283.3300	56.2200
38.7400	279.8667	50.4700
126.5000	286.3700	98.7400
95.0100	285.9200	150.8000
65.4000	283.9267	89.0300
71.9200	286.8867	84.9700
71.9000	288.9967	87.0800
68.6400	290.8267	84.7200
64.8800	289.5667	80.8100
65.7900	292.1967	77.9300
78.8700	287.8300	94.4700
59.4700	279.6667	80.0600
56.9800	277.3967	71.8100
51.9400	278.8800	66.7500
48.0600	281.4133	61.4400
44.9400	284.0300	57.3600
41.9800	287.3067	53.7300
39.2400	288.5533	50.3100
37.7400	284.3233	47.8400
35.5900	286.6967	45.7100
32.8200	289.2300	42.6600
30.2400	291.3467	39.3900
28.1000	292.3300	36.5500
26.2800	293.5833	34.0900
25.2700	293.9800	32.2000
25.6800	288.7800	32.1800
23.6800	287.8133	30.6600
23.0300	283.1933	29.6100
20.6400	282.3433	27.6100
18.4700	285.7033	24.5100
17.0400	290.0700	22.2200
43.4400	292.2167	32.8700
48.8000	288.6167	65.4700
21.7800	286.9767	39.0800
16.9200	288.8700	25.4700
15.7700	291.3800	20.8100
19.4200	292.4767	21.7200
30.0500	290.9900	31.6100
22.1800	290.1667	31.5900
18.3000	289.3800	24.5800
32.4200	285.1967	32.7000
22.1600	285.9300	32.5700
17.4100	288.3233	24.0200
26.4800	290.7833	28.9300
37.8800	289.1967	37.3500
28.3200	286.8900	41.4500
18.7900	289.8800	28.4800
17.5300	288.7267	23.0300
17.1500	285.9300	21.2200
17.5300	287.0533	21.4800
16.0000	288.0567	20.3200
14.8700	289.8300	18.8800
14.5800	289.4733	18.0000
14.9500	289.8600	18.2600
13.7500	292.6167	17.4600
12.8100	295.8100	16.2700
13.8700	294.9533	16.0900
15.3600	290.7133	18.4200
12.2300	292.3133	16.3600
10.2000	296.7300	13.6200
9.2200	298.6400	11.9100
9.0700	298.9767	11.4000
9.6100	298.8133	11.1300
20.1300	299.1333	19.1500
14.8200	299.5800	19.5100
9.9200	301.1767	14.4500
7.1400	300.4700	11.2100
5.8800	300.5967	11.0700
5.2400	300.5000	11.0700
4.9500	299.4867	11.0700
5.3500	297.4067	11.0700
5.0400	298.3800	11.0700
4.5000	299.9900	11.0700
10.6200	297.8633	11.0700
12.8500	298.0500	11.0700
7.4200	298.2633	11.0700
7.5500	297.8367	11.0700
6.1600	292.8933	11.0700
4.5300	293.7900	11.0700
4.0200	295.4700	11.0700
5.6300	295.7100	11.0700
5.2600	296.6700	11.0700
4.4700	295.0633	11.0700
4.0800	294.8167	11.0700
3.3500	297.0400	11.0700
2.8200	298.6067	11.0700
3.1700	298.7133	11.0700
8.7100	298.7500	11.0700
17.0300	299.2300	11.0700
8.8900	297.2700	11.0700
4.9500	293.6567	11.0700
3.3200	295.7700	11.0700
2.5400	295.4333	11.0700
2.3100	296.9800	11.0700
8.4300	295.4400	11.0700
10.1000	296.8700	11.0700
5.4400	298.3267	11.0700
3.3800	299.1000	11.0700
2.7700	299.4467	11.0700
3.1700	296.6200	11.0700
2.8900	297.8767	11.0700
2.3100	299.4433	11.0700
2.9600	299.1200	11.0700
5.3200	296.5700	11.0700
4.1100	297.1700	11.0700
2.7500	298.6067	11.0700
1.9900	299.0867	11.0700
1.5800	298.8300	11.0700
1.3400	299.3467	11.0700
1.1700	300.2333	11.0700
1.2400	301.3067	11.0700
1.8500	300.5533	11.0700
2.9100	298.1633	11.0700
3.6100	296.2767	11.0700
2.9500	294.4767	11.0700
2.1600	298.0100	11.0700
1.6300	299.4867	11.0700
1.3200	298.1467	11.0700
2.8200	300.0300	11.0700
3.2900	301.2133	11.0700
5.5000	299.7533	11.0700
12.5200	300.4733	11.0700
6.6600	300.8700	11.0700
3.4900	298.3567	11.0700
2.1300	297.7167	11.0700
1.4700	300.2733	11.0700
1.9300	300.3467	11.0700
4.0200	299.4467	11.0700
3.6100	296.5433	11.0700
2.4300	294.1067	11.0700
1.6500	294.8200	11.0700
1.2000	292.7233	11.0700
0.9300	293.3733	11.0700
0.7600	294.3733	11.0700
0.6600	296.3033	11.0700
0.7600	295.6700	11.0700
1.1300	294.8300	11.0700
1.1800	294.5000	11.0700
1.0200	295.5433	11.0700
0.8400	296.5500	11.0700
0.7100	296.5533	11.0700
0.6000	297.8833	11.0700
0.5400	299.8267	11.0700
0.4800	298.1367	11.0700
0.4400	299.9300	11.0700
0.4100	299.1967	11.0700
1.4400	295.9967	11.0700
2.9200	293.6133	11.0700
2.6000	294.3900	11.0700
1.9500	298.4600	11.0700
1.5200	299.0500	11.0700
1.4300	297.2500	11.0700
1.2000	296.6700	11.0700
0.9500	299.7500	11.0700
0.7900	299.6100	11.0700
1.9500	298.5767	11.0700
2.8600	293.2333	11.0700
3.2000	293.6733	11.0700
3.0100	294.7367	11.0700
2.1600	294.8367	11.0700
1.5200	296.1067	11.0700
1.4400	291.5467	11.0700
1.4100	292.8967	11.0700
1.1900	299.5133	11.0700
2.6400	300.1767	11.0700
3.3200	299.7600	11.0700
2.2700	292.4600	11.0700
1.4800	291.4933	11.0700
1.0300	291.4433	11.0700
0.7600	292.0700	11.0700
0.6000	292.3600	11.0700
0.4900	292.9667	11.0700
0.4800	294.2000	11.0700
0.5400	292.5833	11.0700
0.5400	292.1767	11.0700
0.4800	292.2033	11.0700
0.4200	290.6500	11.0700
0.3700	288.3833	11.0700
0.3400	292.4900	11.0700
0.3100	293.1933	11.0700
0.2900	292.8367	11.0700
0.3800	292.5733	11.0700
1.4300	286.9300	11.0700
1.7500	285.6333	11.0700
1.4200	284.6233	11.0700
1.0600	288.2800	11.0700
0.8000	289.1433	11.0700
0.6300	290.5767	11.0700
0.5100	289.4667	11.0700
1.1900	290.1367	11.0700
5.9800	290.8667	11.0700
4.8600	290.0433	11.0700
2.8000	291.9167	11.0700
1.7100	292.5433	11.0700
1.1200	291.7800	11.0700
0.8000	295.4500	11.0700
0.6100	296.1800	11.0700
0.5000	292.3867	11.0700
1.1800	286.8767	11.0700
1.8500	284.5300	11.0700
1.5900	280.4800	11.0700
1.2100	283.0500	11.0700
0.9000	285.8600	11.0700
0.6900	279.8067	11.0700
0.5500	280.8900	11.0700
0.6100	283.3933	11.0700
8.9500	280.2767	11.0700
7.6800	282.4000	11.0700
3.8100	280.1667	11.0700
2.1200	278.1933	11.0700
1.3200	277.6467	11.0700
0.9100	279.7000	11.0700
0.6800	283.2467	11.0700
0.5200	286.0567	11.0700
0.4300	288.3233	11.0700
0.3600	287.2767	11.0700
0.3200	287.9033	11.0700
0.2900	287.3567	11.0700
0.2600	287.9033	11.0700
0.2400	288.9967	11.0700
0.4900	281.8733	11.0700
0.8500	278.1233	11.0700
0.8800	276.6500	11.0700
0.7600	276.5333	11.0700
0.7100	281.3667	11.0700
1.0600	285.0900	11.0700
2.5200	285.9467	11.0700
2.8700	283.6133	11.0700
7.0000	277.1300	11.0700
5.6900	276.7367	11.0700
3.1600	274.4067	11.0700
1.8600	274.4900	11.0700
1.2000	274.6700	11.0700
0.8400	273.4500	11.0700
0.6300	273.4633	11.0700
0.5000	274.7967	11.0700
0.6000	276.8567	11.0700
5.7600	274.9500	11.0700
5.4800	274.7633	11.0700
3.0700	276.3433	11.0700
1.8000	276.4733	11.0700
1.1600	276.0867	11.0700
0.8100	277.4500	11.0700
1.0200	275.8633	11.0700
1.4400	273.7233	11.0700
1.3900	275.3767	11.0700
1.2600	277.4333	11.0700
1.9700	273.1733	11.0700
1.8800	273.4800	11.0700
1.4100	273.3233	11.0700
1.0400	274.0200	11.0700
0.8000	278.1467	11.0700
7.6500	284.0267	11.0700
10.3600	279.5967	11.0700
5.2400	274.9000	11.0700
2.8900	273.7867	11.0700
1.7300	275.6967	11.0700
1.1700	281.1733	11.0700
1.9500	273.3500	11.0700
2.6100	274.4300	11.0700
4.0000	274.2267	11.0700
3.8100	280.9133	11.0700
5.2100	279.7133	11.0700
4.1000	276.8300	11.0700
2.4800	273.1500	11.0700
1.5600	273.2467	11.0700
6.0600	278.7533	11.0700
31.5300	278.9633	11.0700
11.8300	276.7500	11.0700
4.8800	284.7200	11.0700
2.9400	284.5300	11.0700
3.3000	275.4233	11.0700
2.6300	275.9567	11.0700
1.7600	275.0767	11.0700
1.2000	273.6767	11.0700
0.8600	274.8333	11.0700
0.6600	275.7067	11.0700
1.1000	282.7933	11.0700
2.6200	277.0033	11.0700
2.4000	276.3833	11.0700
4.3900	278.5133	11.0700
6.0100	275.0733	11.0700
3.7700	273.9800	11.0700
2.4000	276.8867	11.0700
5.1800	274.8733	11.0700
4.8200	274.2167	11.0700
2.9100	274.2033	11.0700
1.9800	273.1633	11.0700
1.5000	273.2367	11.0700
1.1600	273.1500	11.0700
0.9200	273.1500	11.0700
0.7700	273.1667	11.0700
0.7300	273.1500	11.0700
1.0100	273.1500	11.0700
1.3300	273.1500	11.0700
1.2700	273.7200	11.0700
1.0700	275.9800	11.0700
0.9200	274.4900	11.0700
0.7900	273.1500	11.0700
0.7100	273.1500	11.0700
0.7100	273.1500	11.0700
0.8100	273.1500	11.0700
0.8400	273.1500	11.0700
0.8100	273.1800	11.0700
0.7700	273.3067	11.0700
0.7100	276.1333	11.0700
0.7100	275.9200	11.0700
1.0000	273.7033	11.0700
1.1800	273.1500	11.0700
1.0100	273.1500	11.0700
0.8600	274.8633	11.0700
0.9500	279.9467	11.0700
38.2100	286.1033	11.0700
34.1000	284.9267	11.0700
10.2800	284.9333	11.0700
11.4600	286.2133	11.0700
12.5600	284.9733	11.0700
7.3900	280.3067	11.0700
3.8600	278.2833	11.0700
2.3700	274.8333	11.0700
1.6900	273.5433	11.0700
1.3600	274.8067	11.0700
1.2700	279.6733	11.0700
2.6300	276.6733	11.0700
3.1200	273.1800	11.0700
2.5200	274.8933	11.0700
3.0000	273.6967	11.0700
3.7200	273.1433	11.0700
2.9800	273.5867	11.0700
2.2900	276.0600	11.0700
1.8700	282.3533	11.0700
4.9600	287.0967	11.0700
15.1200	282.2433	11.0700
8.0700	277.2800	11.0700
4.4700	274.3133	11.0700
2.9400	273.2733	11.0700
2.2300	274.3533	11.0700
1.8900	277.3833	11.0700
1.7100	287.0100	11.0700
1.6400	290.1000	11.0700
1.6100	290.1533	11.0700
2.3200	285.3567	11.0700
3.4800	288.5900	11.0700
3.4100	286.7533	11.0700
5.0300	276.3533	11.0700
4.3700	276.0633	11.0700
3.3300	276.3333	11.0700
3.8000	279.9867	11.0700
3.9600	284.1600	11.0700
3.2400	286.5900	11.0700
2.6900	287.2433	11.0700
2.5400	285.5933	11.0700
4.1200	278.0900	11.0700
4.1300	276.9867	11.0700
3.3300	280.5700	11.0700
2.7800	284.9100	11.0700
2.4800	286.8933	11.0700
2.4700	288.1433	11.0700
5.2700	287.0233	11.0700
10.4500	285.0300	11.0700
7.5600	285.5033	11.0700
7.2800	283.6600	11.0700
8.2000	279.4533	11.0700
5.4200	281.9733	11.0700
4.2000	283.8933	11.0700
4.1700	284.8033	11.0700
10.2300	287.7233	11.0700
15.9500	284.2133	11.0700
8.0200	285.2867	11.0700
5.8400	284.0400	11.0700
6.5700	277.5967	11.0700
5.3800	278.4567	11.0700
4.1800	281.3033	11.0700
3.5800	284.0333	11.0700
8.7100	285.8500	11.0700
10.2600	283.8600	11.0700
6.4200	283.2000	11.0700
11.0900	285.7700	11.0700
12.6600	284.1867	11.0700
7.3700	284.0467	11.0700
5.1100	285.0533	11.0700
4.2700	288.7900	11.0700
4.6400	288.1567	11.0700
22.8300	288.0933	11.0700
15.7800	285.9567	11.0700
9.0800	284.2433	11.0700
6.7900	285.1700	11.0700
5.9500	290.3000	11.0700
5.7800	292.7100	11.0700
5.9000	293.8433	11.0700
6.1000	294.2233	11.0700
6.3400	293.7467	11.0700
8.2000	293.5767	11.0700
9.1600	294.3133	11.0700
10.3100	294.0833	11.0700
13.7200	292.3367	11.0700
14.8300	288.5133	11.0700
13.5800	287.3767	11.0700
13.1700	288.4100	11.0700
9.5000	288.9000	11.0700
15.0600	290.4167	11.0700
13.5000	292.9300	11.0700
33.4300	293.1700	11.0700
19.5400	290.3767	11.0700
10.6300	289.3400	11.0700
8.5700	289.3633	11.0700
7.8500	289.9267	11.0700
8.6600	291.9100	11.0700
14.4100	294.1433	11.0700
13.2700	294.6467	11.0700
15.2300	292.4100	11.0700
11.5000	287.3800	11.0700
9.3700	286.4033	11.0700
8.5900	288.4367	11.0700
8.2700	291.9267	11.0700
8.1100	295.3733	11.0700
7.9900	296.8500	11.0700
7.9400	297.3633	11.0700
8.1200	296.0000	11.0700
11.2700	294.9600	11.0700
10.9400	296.0567	11.0700
10.0100	295.9233	11.0700
13.7300	294.2433	11.0700
13.4600	293.2400	11.0700
10.3700	295.4200	11.0700
10.8300	295.8933	11.0700
8.7000	297.5967	11.0700
8.2800	299.6467	11.0700
12.6200	295.6500	11.0700
13.7800	291.7600	11.0700
10.5300	292.3633	11.0700
7.7300	294.9133	11.0700
6.5200	296.5000	11.0700
5.9600	297.2067	11.0700
5.7900	298.6467	11.0700
19.9000	296.2800	11.0700
25.8700	295.4100	11.0700
14.4300	296.0267	11.0700
8.3300	297.2600	11.0700
7.3500	296.0567	11.0700
16.1900	296.2700	11.0700
18.4300	296.2000	11.0700
11.9900	297.9933	11.0700
22.1900	299.2967	11.0700
12.9500	301.5233	11.0700
9.3800	302.4067	11.0700
7.8500	301.1333	11.0700
14.0100	299.7300	11.0700
10.2700	300.2933	11.0700
7.0700	300.8300	11.0700
8.1300	300.1533	11.0700
17.8900	301.9933	11.0700
12.0800	302.1300	11.0700
7.8500	299.6567	11.0700
6.1200	295.0867	11.0700
5.4200	295.2967	11.0700
5.1200	293.2533	11.0700
4.9500	293.7600	11.0700
4.8400	293.8467	11.0700
6.6300	293.2267	11.0700
10.0200	295.8333	11.0700
7.9600	297.2033	11.0700
6.0500	296.5567	11.0700
5.2600	295.9300	11.0700
5.0700	297.3200	11.0700
6.5300	298.2433	11.0700
7.6300	298.6167	11.0700
6.3000	297.5033	11.0700
5.2100	296.5900	11.0700
4.5800	296.8200	11.0700
6.8600	298.1133	11.0700
7.2400	298.2833	11.0700
9.2200	296.0167	11.0700
6.8000	292.5867	11.0700
4.9800	293.2567	11.0700
4.0800	294.5800	11.0700
4.4400	295.5600	11.0700
27.2100	295.3800	11.0700
14.4600	296.6133	11.0700
7.0800	297.5567	11.0700
10.6300	296.4400	11.0700
14.2300	298.0733	11.0700
7.5500	298.9900	11.0700
9.8600	296.4267	11.0700
27.9500	297.6233	11.0700
21.1400	297.3033	11.0700
22.8400	297.2933	11.0700
9.8800	297.9333	11.0700
6.8800	297.4367	11.0700
5.5200	297.7467	11.0700
49.5300	298.2267	11.0700
19.6400	299.0900	11.0700
8.0000	298.9767	11.0700
4.9300	298.4167	11.0700
3.8700	300.0500	11.0700
3.4500	300.5800	11.0700
8.1700	298.1700	11.0700
11.4700	299.4433	11.0700
6.8800	299.2000	11.0700
4.8000	298.4600	11.0700
3.9600	298.5567	11.0700
3.6000	299.0433	11.0700
3.4200	299.3133	11.0700
3.6600	298.5567	11.0700
4.6300	298.5500	11.0700
4.9200	297.7267	11.0700
8.1000	299.6667	11.0700
7.6200	298.2367	11.0700
5.4200	293.2500	11.0700
4.2600	293.5467	11.0700
3.7000	294.7300	11.0700
3.3900	297.7233	11.0700
3.2100	298.9367	11.0700
3.0900	297.4800	11.0700
3.1000	295.9233	11.0700
3.6700	291.8867	11.0700
3.6700	290.9100	11.0700
3.3600	291.0700	11.0700
3.1100	291.9667	11.0700
2.9100	293.3333	11.0700
2.8200	294.0233	11.0700
2.7800	294.7367	11.0700
2.8300	294.4900	11.0700
4.1000	292.5833	11.0700
9.6500	296.2433	11.0700
7.2900	296.5267	11.0700
4.6800	295.0200	11.0700
3.4300	295.6700	11.0700
2.8500	293.6167	11.0700
2.5400	291.4300	11.0700
2.3500	291.5267	11.0700
2.2300	294.2500	11.0700
2.1300	295.8233	11.0700
2.0600	293.0933	11.0700
2.0100	294.5233	11.0700
2.0100	294.0167	11.0700
2.8800	294.4700	11.0700
40.8600	295.7767	11.0700
32.7800	295.3833	11.0700
15.2100	295.8933	11.0700
11.7800	295.9433	11.0700
13.3500	294.8333	11.0700
16.5000	294.3500	11.0700
12.9500	293.6933	11.0700
11.1200	292.5533	11.0700
6.0000	287.2033	11.0700
3.7700	286.9967	11.0700
2.8400	286.5967	11.0700
3.5800	288.8200	11.0700
11.5500	288.0567	11.0700
7.6000	287.2933	11.0700
4.5900	287.3767	11.0700
3.3300	287.4467	11.0700
3.5300	288.6633	11.0700
3.6600	285.5267	11.0700
20.7900	290.6033	11.0700
36.8700	291.3067	11.0700
13.4500	287.8200	11.0700
6.3500	284.1900	11.0700
4.2000	286.0633	11.0700
3.9100	283.4400	11.0700
11.7900	282.6900	11.0700
13.1100	282.6567	11.0700
8.2000	280.7333	11.0700
6.0300	279.4933	11.0700
5.2500	279.9167	11.0700
5.1600	282.3833	11.0700
5.4300	285.1900	11.0700
5.8000	287.4100	11.0700
6.8700	289.6367	11.0700
15.8900	288.5967	11.0700
12.3100	284.5133	11.0700
9.1400	283.4033	11.0700
8.0300	284.6267	11.0700
20.0200	285.0100	11.0700
21.7400	286.3000	11.0700
12.2300	288.8233	11.0700
18.2100	289.5067	11.0700
27.1600	284.0200	11.0700
14.9300	281.4933	11.0700
11.7400	282.1033	11.0700
11.3500	281.0467	11.0700
11.7300	281.1400	11.0700
12.0600	280.5033	11.0700
12.2000	281.2900	11.0700
12.2500	284.3233	11.0700
12.2700	286.2867	11.0700
12.2400	288.8167	11.0700
12.1900	287.3867	11.0700
12.0900	282.4633	11.0700
11.9700	279.8267	11.0700
11.8300	281.5333	11.0700
11.6800	284.2500	11.0700
11.5100	287.2500	11.0700
11.5100	287.9700	11.0700
17.9400	285.1433	11.0700
19.6600	283.5500	11.0700
14.5600	282.2100	11.0700
12.2700	282.4700	11.0700
11.4400	281.6667	11.0700
11.0900	281.8567	11.0700
10.9100	283.0067	11.0700
10.7800	284.5700	11.0700
10.6600	282.8600	11.0700
10.6900	279.0000	11.0700
10.7500	277.0233	11.0700
10.4500	279.2533	11.0700
11.8700	281.8233	11.0700
15.8900	278.4267	11.0700
12.7400	277.5067	11.0700
16.5600	278.7467	11.0700
14.8500	277.4000	11.0700
11.4300	274.9200	11.0700
10.1400	273.8600	11.0700
9.6400	273.9033	11.0700
9.7700	274.5200	11.0700
38.5700	278.7267	11.0700
27.7400	276.6233	11.0700
14.2500	274.1033	11.0700
11.7000	273.4833	11.0700
11.5500	275.1933	11.0700
15.5600	277.0767	11.0700
13.6800	280.4500	11.0700
12.2700	276.6933	11.0700
11.8100	274.2300	11.0700
11.6700	274.6600	11.0700
15.2500	275.8600	11.0700
21.1100	274.8733	11.0700
16.2600	274.3433	11.0700
13.5800	274.8533	11.0700
12.6600	275.5767	11.0700
12.3700	276.7333	11.0700
13.2700	279.1467	11.0700
16.7200	277.3567	11.0700
14.7600	275.2800	11.0700
13.3400	274.3933	11.0700
12.8500	273.6767	11.0700
12.5300	273.3733	11.0700
12.9200	274.2767	11.0700
14.8000	274.5733	11.0700
13.6800	273.6033	11.0700
12.7100	273.2133	11.0700
12.2700	273.1633	11.0700
12.0400	273.1867	11.0700
11.9000	273.2367	11.0700
11.8700	273.2633	11.0700
11.8000	273.1333	11.0700
11.6600	273.2233	11.0700
11.5000	273.3167	11.0700
11.4900	273.2633	11.0700
11.6800	273.3067	11.0700
13.2700	273.2400	11.0700
13.1900	273.2733	11.0700
11.9100	274.2667	11.0700
11.1600	276.9700	11.0700
10.9600	279.1933	11.0700
16.7400	277.8433	11.0700
14.3500	277.5500	11.0700
12.6500	280.2533	11.0700
20.9000	279.4933	11.0700
24.5100	280.1833	11.0700
19.5700	280.9333	11.0700
14.6700	281.8067	11.0700
27.2800	282.1000	11.0700
18.2700	277.1400	11.0700
13.7500	274.2867	11.0700
12.3400	274.0133	11.0700
11.7900	273.6533	11.0700
11.5900	273.4600	11.0700
11.5700	273.2533	11.0700
13.1400	273.2933	11.0700
15.8700	273.7233	11.0700
14.1300	274.0867	11.0700
12.6400	274.1233	11.0700
12.6100	274.7900	11.0700
29.0400	274.2167	11.0700
23.0700	273.4033	11.0700
16.0400	273.3333	11.0700
14.2500	273.4600	11.0700
14.7500	273.3767	11.0700
14.3000	273.2867	11.0700
15.2700	273.3067	11.0700
19.8200	273.3567	11.0700
19.8000	273.3567	11.0700
16.1600	273.5100	11.0700
14.4300	273.3300	11.0700
13.7900	273.3367	11.0700
13.9700	273.3733	11.0700
17.3700	273.3767	11.0700
17.0500	273.9233	11.0700
15.3400	275.4467	11.0700
14.1500	278.3400	11.0700
14.0300	277.9733	11.0700
13.6800	275.6500	11.0700
13.5800	273.9900	11.0700
13.7300	273.7133	11.0700
13.3000	273.9500	11.0700
13.0200	274.0333	11.0700
12.7500	274.7167	11.0700
12.4200	275.5000	11.0700
12.1300	275.6167	11.0700
11.8600	275.4667	11.0700
11.6200	275.5033	11.0700
11.4000	275.7833	11.0700
11.1600	276.5100	11.0700
10.9700	279.6033	11.0700
10.8700	283.3967	11.0700
10.6600	285.6100	11.0700
10.5700	287.1567	11.0700
10.1400	287.9900	11.0700
14.4900	285.8667	11.0700
13.5700	282.5933	11.0700
11.4700	280.9200	11.0700
9.9700	281.6900	11.0700
8.8500	282.9933	11.0700
8.2200	283.8033	11.0700
7.8200	284.5800	11.0700
7.5200	285.5400	11.0700
7.2700	287.7333	11.0700
8.8900	286.8233	11.0700
11.9800	282.8867	11.0700
9.4700	283.9033	11.0700
7.7200	286.7533	11.0700
8.3100	284.0467	11.0700
9.7800	280.2567	11.0700
8.1100	282.6633	11.0700
8.5600	283.3900	11.0700
8.4900	283.0133	11.0700
7.1200	284.5267	11.0700
6.2600	287.9100	11.0700
5.8100	289.4233	11.0700
5.5600	289.1367	11.0700
5.6000	288.7267	11.0700
5.5100	290.9033	11.0700
5.7900	293.4000	11.0700
6.0900	292.3600	11.0700
8.0700	291.4000	11.0700
17.4600	285.3300	11.0700
10.4000	283.8467	11.0700
6.7700	286.2033	11.0700
5.4000	288.8367	11.0700
4.8100	289.5367	11.0700
4.5000	290.2800	11.0700
4.3200	291.9767	11.0700
4.1800	293.3000	11.0700
5.1400	289.4000	11.0700
6.9400	283.8900	11.0700
5.8100	282.9700	11.0700
4.7800	283.7233	11.0700
4.2100	285.5567	11.0700
3.9000	287.0000	11.0700
3.8100	288.2967	11.0700
5.4600	289.7333	11.0700
23.0900	290.7667	11.0700
19.9800	289.2767	11.0700
10.7400	286.5233	11.0700
12.5500	284.6133	11.0700
8.5200	286.9100	11.0700
5.4600	290.0100	11.0700
6.7700	293.1167	11.0700
51.1800	294.0400	11.0700
87.2200	292.9533	11.0700
20.6000	292.8567	11.0700
9.7000	293.8233	11.0700
7.9300	294.0633	11.0700
8.9300	291.8100	11.0700
11.1000	293.3700	11.0700
13.4900	287.3667	11.0700
12.7100	284.8800	11.0700
12.1500	287.0067	11.0700
12.5600	292.2233	11.0700
22.7100	296.4367	11.0700
19.3500	298.2300	11.0700
14.7300	296.3267	11.0700
12.8800	294.0167	11.0700
25.4100	291.8767	11.0700
23.6200	290.8900	11.0700
16.8800	288.8667	11.0700
13.1300	289.9067	11.0700
12.1200	292.4967	11.0700
43.7100	294.1533	11.0700
32.1700	295.9100	11.0700
16.2700	297.9400	11.0700
13.1700	298.4767	11.0700
12.4500	298.4000	11.0700
12.2200	298.7133	11.0700
12.0700	299.0833	11.0700
12.3400	298.8667	11.0700
12.2300	299.2733	11.0700
11.8100	299.3467	11.0700
11.3900	298.8833	11.0700
10.8600	299.2533	11.0700
10.8300	299.7467	11.0700
11.8500	300.2167	11.0700
11.6400	299.2467	11.0700
10.9000	300.0800	11.0700
9.9100	298.1233	11.0700
9.0900	296.9900	11.0700
11.4900	297.4300	11.0700
37.1400	298.1667	11.0700
17.6800	299.4367	11.0700
12.7600	301.1233	11.0700
17.2100	302.3100	11.0700
14.3200	301.9433	11.0700
18.5400	302.0700	11.0700
13.3900	301.9600	11.0700
11.1600	301.9000	11.0700
8.2300	302.3200	11.0700
8.1000	300.8667	11.0700
17.3400	301.3667	11.0700
11.2600	301.8133	11.0700
7.9700	303.2000	11.0700
7.1900	302.9867	11.0700
6.3200	301.8733	11.0700
5.7800	300.7167	11.0700
5.4500	302.2700	11.0700
5.1500	302.2933	11.0700
6.2100	301.5200	11.0700
11.1900	300.6467	11.0700
8.2300	298.6633	11.0700
5.9800	293.5633	11.0700
4.9600	292.7967	11.0700
4.4500	294.3700	11.0700
4.1500	299.3700	11.0700
3.9400	299.7100	11.0700
3.7700	300.3400	11.0700
3.6200	301.9833	11.0700
3.4800	301.8800	11.0700
4.8000	300.0900	11.0700
18.1300	300.0733	11.0700
10.8000	300.8333	11.0700
6.1100	300.1033	11.0700
7.1900	299.6133	11.0700
30.3100	298.2700	11.0700
12.9600	300.2267	11.0700
6.2400	301.8333	11.0700
4.2800	300.9267	11.0700
4.3500	299.6600	11.0700
4.0700	300.9567	11.0700
4.3800	301.8800	11.0700
11.3400	302.0633	11.0700
16.3500	301.7700	11.0700
9.3100	302.3933	11.0700
5.5500	302.5867	11.0700
3.7300	302.8767	11.0700
2.8500	301.8033	11.0700
2.4300	301.2000	11.0700
4.3800	299.8000	11.0700
10.0700	300.5867	11.0700
8.9000	301.2667	11.0700
5.5700	298.3700	11.0700
7.4700	301.3667	11.0700
5.9900	300.7600	11.0700
3.8900	302.3233	11.0700
2.7800	303.0200	11.0700
2.2200	303.3367	11.0700
2.5600	299.1000	11.0700
2.8300	296.6500	11.0700
2.4500	297.9800	11.0700
2.0700	300.5033	11.0700
1.8000	302.1533	11.0700
1.6400	302.2433	11.0700
1.6000	302.4200	11.0700
1.7100	303.5400	11.0700
1.7600	302.9733	11.0700
8.3500	301.2300	11.0700
12.3900	301.9733	11.0700
8.2900	300.3567	11.0700
4.5300	298.0933	11.0700
2.8300	297.6300	11.0700
2.0300	298.4367	11.0700
1.7200	298.2533	11.0700
4.1300	300.1567	11.0700
4.1500	298.6100	11.0700
2.8700	297.0067	11.0700
2.0400	297.1667	11.0700
1.5800	294.6067	11.0700
1.3300	293.5567	11.0700
1.1500	294.5900	11.0700
1.0500	299.0567	11.0700
0.9800	299.6100	11.0700
0.9300	299.9267	11.0700
0.9000	298.2733	11.0700
0.8800	298.4733	11.0700
0.8600	297.2133	11.0700
0.8200	289.8000	11.0700
0.8000	289.2233	11.0700
0.7600	292.0800	11.0700
0.7400	294.5933	11.0700
0.9300	296.4333	11.0700
1.4700	292.0633	11.0700
1.5100	292.2200	11.0700
1.4300	293.0700	11.0700
3.7100	294.3933	11.0700
3.7600	293.4000	11.0700
2.5300	293.3767	11.0700
1.7200	296.5667	11.0700
1.2700	296.9500	11.0700
1.1000	294.4833	11.0700
1.0300	292.7433	11.0700
0.9400	295.9700	11.0700
0.8300	298.2467	11.0700
0.7300	297.8733	11.0700
0.6600	299.2633	11.0700
0.6000	299.0633	11.0700
0.5400	298.4000	11.0700
0.5900	293.0200	11.0700
0.8400	288.9967	11.0700
0.9200	287.9100	11.0700
0.8500	287.9867	11.0700
0.7400	289.1033	11.0700
0.6500	290.9133	11.0700
0.5800	289.7467	11.0700
0.5200	287.1400	11.0700
0.5000	283.1000	11.0700
0.5500	283.9800	11.0700
0.5700	284.3433	11.0700
0.5600	284.0733	11.0700
0.5300	287.4267	11.0700
0.4900	290.8500	11.0700
0.4400	292.5500	11.0700
0.4100	293.2000	11.0700
0.3700	292.9033	11.0700
0.3600	292.8667	11.0700
0.3400	292.8633	11.0700
0.8000	288.9167	11.0700
2.4500	283.8833	11.0700
2.3200	285.2600	11.0700
1.6600	286.8633	11.0700
1.1700	290.7167	11.0700
0.8700	288.8100	11.0700
0.6700	286.8067	11.0700
0.5500	284.4833	11.0700
0.4600	282.7300	11.0700
0.4000	285.9667	11.0700
0.3700	289.7400	11.0700
0.3600	293.0467	11.0700
0.4700	294.1000	11.0700
7.4300	285.6900	11.0700
8.3300	287.3533	11.0700
4.2300	282.1400	11.0700
2.3100	280.2800	11.0700
1.4300	281.7267	11.0700
0.9800	279.9300	11.0700
0.7300	280.9767	11.0700
0.5800	280.6667	11.0700
0.4900	282.8300	11.0700
0.4800	280.5500	11.0700
0.5200	277.9633	11.0700
0.5200	277.1433	11.0700
0.4900	279.5033	11.0700
0.4500	283.3500	11.0700
0.4000	286.7633	11.0700
0.3700	285.4933	11.0700
0.3400	285.3367	11.0700
0.3200	286.6433	11.0700
0.3200	284.5633	11.0700
0.5100	279.2033	11.0700
0.6600	280.8867	11.0700
6.7900	280.5767	11.0700
7.8900	280.5133	11.0700
4.6000	279.3500	11.0700
2.8300	280.7167	11.0700
1.7700	284.9667	11.0700
1.1900	289.7467	11.0700
1.0900	288.4167	11.0700
3.4400	277.2500	11.0700
6.9800	282.3167	11.0700
23.0400	282.0167	11.0700
18.5200	275.7000	11.0700
6.6900	275.3667	11.0700
3.1300	277.0200	11.0700
3.7200	285.1933	11.0700
17.2400	280.6800	11.0700
9.3700	275.9367	11.0700
4.2100	275.0000	11.0700
2.2900	273.6967	11.0700
2.2000	273.1867	11.0700
2.5200	273.1500	11.0700
2.0200	273.1500	11.0700
1.4700	273.1500	11.0700
1.0900	273.1500	11.0700
0.8300	274.3300	11.0700
0.6600	275.3867	11.0700
0.9300	275.5633	11.0700
2.5600	273.1500	11.0700
2.5100	273.1500	11.0700
1.8000	273.1500	11.0700
1.3900	273.1500	11.0700
1.2300	273.1500	11.0700
1.0300	273.1500	11.0700
0.8600	273.1500	11.0700
0.7200	273.4333	11.0700
1.0000	274.3400	11.0700
4.8900	273.9533	11.0700
7.1000	273.4000	11.0700
6.8900	273.3300	11.0700
5.8100	273.3200	11.0700
3.8400	273.1933	11.0700
2.4300	273.1500	11.0700
1.9400	273.1667	11.0700
1.7100	273.5100	11.0700
1.6700	275.4633	11.0700
