3.9000	275.9967	2.8700
2.9400	276.0900	2.1500
1.7500	275.9000	2.1500
1.1400	276.7400	2.1500
0.8300	278.7400	2.1500
0.6600	279.8600	2.1500
0.5600	279.3867	2.1500
0.4800	277.2133	2.1500
0.4600	276.4233	2.1500
3.3100	274.1733	2.1500
7.4200	274.6100	2.1500
14.3300	274.1933	2.1500
18.8800	273.7433	2.1500
14.4600	273.8267	2.1500
9.8000	273.5800	2.1500
7.0300	273.3900	2.1500
4.6400	273.2767	2.1500
3.1100	273.1800	2.1500
2.2300	273.2800	2.1500
3.3700	274.3433	2.1500
9.7700	275.1500	2.1500
11.4600	274.7600	2.1500
7.1200	274.6833	2.1500
5.5300	274.3733	2.1500
4.9100	274.0200	2.1500
6.1900	273.7500	2.1500
6.9700	273.5433	2.1500
6.6500	273.4533	2.1500
5.8000	273.4600	2.1500
6.2500	273.7233	2.1500
5.2400	273.5200	2.1500
3.4800	273.4767	2.1400
3.0700	273.5767	1.5800
3.8400	274.3533	1.5800
8.5800	275.9567	1.5800
17.1200	277.5267	1.5800
23.1000	277.7133	1.5800
14.9700	276.6767	1.5800
6.9900	274.0800	1.5800
4.0900	273.6133	1.5800
2.9300	273.6267	1.5800
3.1500	273.5567	1.5800
3.5000	273.6500	1.5800
2.8700	273.7067	1.5800
2.1900	273.6867	1.5800
1.6900	273.7200	1.5800
1.3600	273.8533	1.5800
1.1300	273.9633	1.5800
1.4400	274.0800	1.5800
26.0800	275.0467	1.5800
44.3000	274.2933	1.5800
34.6200	273.9633	1.5800
29.0300	274.0167	1.5800
51.4700	273.9700	1.5800
28.4000	273.6433	1.5800
16.5700	273.5133	1.5800
14.8300	273.5333	1.5800
14.0500	273.7733	1.5800
11.7800	273.9400	1.5800
10.2800	273.9733	1.6000
8.7100	273.9133	2.4000
7.6600	274.3400	2.4000
7.3300	274.2233	2.4000
9.9000	275.0733	2.4000
81.2300	276.2500	2.4000
74.2900	276.5400	2.4000
49.2200	277.5733	2.4000
52.6600	279.3833	2.4000
44.4500	277.9567	2.4000
27.9900	276.2167	2.4000
18.8500	276.4400	2.4000
15.5800	276.6567	2.4000
21.0100	278.0600	2.4000
26.9800	277.8867	2.4000
19.0700	277.3867	2.4000
14.5400	275.6400	2.4000
13.3300	277.2667	2.4000
23.9600	279.3167	2.4000
37.5500	282.2833	2.4000
40.8900	283.6867	2.4000
47.1000	282.8433	2.4000
40.0000	282.9133	2.4000
28.8500	282.4233	2.4000
19.4200	282.3000	2.4000
17.0200	279.5400	2.4000
25.9900	278.6800	2.4000
18.5600	278.7700	2.4000
14.9800	280.6233	2.4000
14.5000	280.9833	2.4000
13.9800	281.1500	2.4000
13.5200	281.9533	2.5000
13.3400	281.8167	7.1100
13.4300	277.9333	7.1100
14.5000	274.7567	7.1100
16.2000	274.3533	7.1100
16.1100	275.1567	7.1100
14.9100	275.5300	7.1100
15.4600	273.8600	7.1100
16.4300	273.4267	7.1100
16.5800	273.7767	7.1100
21.3100	274.1133	7.1100
24.1400	275.1033	7.1100
23.0500	274.8267	7.1100
20.2400	275.0033	7.1100
22.9200	275.4933	7.1100
25.5500	276.1833	7.1100
23.5000	277.7167	7.1100
18.1100	278.4500	7.1100
16.3100	279.4633	7.1100
25.5700	277.5767	7.1100
37.8100	276.0333	7.1100
33.9200	275.0267	7.1100
34.0600	276.8300	7.1100
29.4900	278.7233	7.1100
21.0000	281.4667	7.1100
19.0500	284.5867	7.1100
18.8700	285.9500	7.1100
18.5600	286.0200	7.1100
18.1900	284.4333	7.1100
18.0800	281.5400	7.1100
18.1400	282.9633	7.3000
18.2700	281.8633	16.2600
18.1200	278.0433	16.2600
16.5700	277.7300	16.2600
12.1700	280.8033	16.2600
11.9800	282.4233	16.2600
11.8000	283.6200	16.2600
11.6100	285.7467	16.2600
11.8500	288.7667	16.2600
11.7300	288.9667	16.2600
11.2900	288.1333	16.2600
10.8100	289.3267	16.2600
10.4000	289.6500	16.2600
10.1200	287.3033	16.2600
9.7200	284.7633	16.2600
9.3900	283.8400	16.2600
10.1900	282.9900	16.2600
10.2000	285.0033	16.2600
9.2600	285.7800	16.2600
8.7600	287.0667	16.2600
8.6200	287.8967	16.2600
8.3000	287.9367	16.2600
7.7700	289.3467	16.2600
7.3100	291.6300	16.2600
6.9900	291.6800	16.2500
6.7200	291.5033	16.2500
6.6700	290.3700	16.2400
6.6700	288.2233	16.2400
6.3800	286.3000	16.2400
6.0000	285.9333	16.2300
5.7100	287.7033	16.2300
5.4800	290.8667	16.2700
5.2700	292.0767	18.5200
5.2000	287.5533	18.5100
5.1300	283.6267	18.5100
4.8800	281.9633	18.5000
4.6700	284.7267	18.5300
4.4900	285.0633	18.5700
4.3400	288.2067	18.5700
4.2100	289.9833	18.5600
4.1400	288.8000	18.5400
4.1900	288.4833	18.5100
4.1200	287.9000	18.5000
3.8900	286.0367	18.5200
3.7000	283.7800	18.3100
3.5400	286.4033	18.1600
3.4100	289.1833	18.0600
3.3700	291.0400	18.0200
3.4300	291.8900	17.9900
3.3900	289.9267	17.9900
3.1900	291.0767	17.9900
3.0000	292.7200	17.9900
2.9000	295.0233	17.9900
2.8500	295.2733	17.9900
2.7500	293.8133	17.9900
2.7200	290.5800	17.9900
2.7800	287.7733	17.9900
2.9000	285.6433	18.3700
4.5300	284.6933	18.5800
15.9500	283.0800	18.5800
12.2400	286.3300	18.5800
7.6200	289.4633	18.9500
5.5400	291.6467	36.5700
4.2400	293.9800	36.5700
3.3400	296.9033	36.5700
2.7500	298.1967	36.5700
2.3700	297.3033	36.5700
2.1000	295.8400	36.5700
1.9300	294.5767	36.5700
1.8600	293.5200	36.5700
1.8700	294.8467	36.5700
1.7600	295.1267	36.5700
1.6400	293.8033	36.5700
1.7000	292.7900	36.5700
1.8000	293.0033	36.5700
1.7400	293.4867	36.5700
1.6500	292.5267	36.5700
1.5300	291.2833	36.5700
1.4200	289.5467	36.5700
1.3200	289.7933	36.5700
1.2300	291.0500	36.5700
1.1700	290.3300	36.5700
1.1200	290.0733	36.5700
1.0800	290.8333	36.5700
1.0500	292.5667	36.5700
1.0000	294.5700	36.5400
0.9700	295.9600	36.3900
0.9100	296.7300	36.3500
0.8700	296.4467	36.3400
0.8500	295.5567	36.3300
0.8600	294.7300	36.3500
0.8700	292.7400	36.3300
0.8400	291.4400	36.3400
0.8000	293.3533	37.9600
0.7500	294.0700	37.9500
0.7100	294.1233	37.9300
0.6800	292.4233	37.8400
0.6800	292.2400	37.8200
0.7100	294.8900	37.7800
0.7000	297.1633	37.7300
0.6600	299.3067	37.5300
0.6000	297.9000	37.4900
0.5600	296.2200	37.4200
0.5300	294.7667	37.6100
0.5500	296.1433	37.5600
0.5900	294.0133	37.5900
0.6000	294.5367	37.4800
0.5600	294.4967	37.2900
0.5000	295.4300	37.0300
0.4500	296.0067	36.9200
0.4100	294.1000	36.9300
0.4000	293.1967	36.9400
0.4400	292.4500	36.9500
0.4500	289.1833	36.9400
0.4200	288.7600	36.9100
0.3700	287.3733	36.8900
0.3500	288.8100	36.8900
0.3300	293.2833	36.9000
0.3500	295.8600	36.8200
0.4400	296.0167	36.5800
0.4400	295.6400	36.5500
0.3900	295.3667	36.5000
0.3400	294.9733	36.4600
0.2900	292.7100	36.2700
0.2600	293.0200	28.3300
0.2500	293.2633	28.1500
0.2600	292.5667	28.1100
0.2700	292.9233	28.1100
0.2800	291.5900	28.0700
0.2700	285.7733	27.9300
0.2500	288.9167	27.7700
0.2300	289.9667	27.9300
0.2200	290.4833	27.7400
0.2300	293.0267	27.5400
0.2300	291.6033	27.5200
0.2200	291.5233	27.5100
0.2300	289.4967	27.5700
0.2400	289.9967	27.5800
0.2800	291.7567	27.6500
0.3200	290.6833	27.6900
0.3700	289.6467	27.7500
0.3900	290.8833	27.7500
0.3600	291.4767	27.7900
0.3300	291.8733	27.8200
0.3100	290.9300	27.6000
0.2700	292.1567	27.6700
0.2600	291.9933	27.6500
0.2500	290.0233	27.6200
2.4600	287.0500	29.0100
16.9300	284.7633	29.6300
10.9900	286.2100	29.6300
5.9500	286.3667	29.6300
4.5200	286.2833	29.3000
5.1400	288.8067	28.3900
5.1700	291.6600	13.4900
3.6900	292.5867	13.4900
2.5400	292.8233	13.4800
1.8100	292.4800	13.4600
1.3400	291.1133	13.4500
1.1100	288.9200	13.4300
1.4800	289.7133	13.4300
1.9400	288.1200	13.3800
1.8000	283.5767	13.3200
1.4700	283.6467	13.2600
1.1700	285.6133	13.1800
0.9400	283.4167	13.1100
0.7800	285.6267	13.0900
0.6600	287.0800	13.0400
0.5700	288.3800	13.0400
0.4900	290.0133	13.0400
0.4400	286.9733	13.0200
0.3900	284.8133	13.0200
0.3500	286.3200	13.0100
0.3300	287.8200	13.0100
0.3000	285.9867	13.0100
0.2800	283.3500	13.0100
0.2700	281.9433	13.0000
0.2600	278.9700	12.9900
0.2400	282.7167	12.9900
0.2300	285.0300	12.9900
0.2300	285.6700	12.9900
0.2300	283.0033	12.9900
0.2300	282.9033	12.9900
1.2100	282.2333	13.2600
34.1900	279.0433	13.7100
27.7100	278.8333	3.3500
15.1200	280.5100	3.3500
7.2800	281.3333	3.3500
3.5300	282.3267	3.3500
2.4700	283.3100	3.3500
1.9100	283.1300	3.3500
1.5000	279.5267	3.3500
1.1900	280.4633	3.3500
0.9600	281.1200	3.3500
0.7900	281.8100	3.3500
0.7900	281.0867	3.3500
12.4600	279.1667	3.3500
45.4300	278.6100	3.3500
34.2100	278.0867	3.3500
18.0000	279.1200	3.3500
11.7800	279.4467	3.3500
7.9000	279.0500	3.3500
5.4200	277.6933	3.3500
4.6400	278.5867	3.3500
3.3600	278.6267	3.3500
3.6300	278.3000	3.3500
29.9400	279.4867	3.3500
42.6500	276.2900	3.3500
23.6300	275.9533	3.3500
55.0300	274.9567	3.3500
33.5800	273.8700	3.3500
17.2500	273.5433	3.3500
11.6900	273.5133	3.3500
9.3300	273.6367	3.3500
11.5900	273.5600	3.3200
12.7300	273.7333	1.9000
36.3000	275.0433	1.9000
58.7800	274.5533	1.9000
28.2700	273.7900	1.9000
16.0100	273.6400	1.9000
19.1800	275.2867	1.9000
20.8900	275.5733	1.9000
14.2300	275.1533	1.9000
10.4600	275.3333	1.9000
9.0300	274.4067	1.9000
8.3500	274.0133	1.9000
7.7200	273.8767	1.9000
7.1600	274.4233	1.9000
9.3000	274.7733	1.9000
18.4800	273.4867	1.9000
14.4500	273.7033	1.9000
16.8700	274.9167	1.9000
33.2600	274.4400	1.9000
23.1100	274.1733	1.9000
24.2300	274.6900	1.9000
22.6400	274.0200	1.9000
16.6700	273.6667	1.9000
16.1300	273.6133	1.9000
15.3000	273.3933	1.9000
11.6200	273.3433	1.9000
9.5000	273.7533	1.9000
9.8400	274.8600	1.9000
11.2400	275.3567	1.9000
16.9400	275.6733	1.9000
24.7200	275.6200	1.9000
31.2400	276.3533	1.8900
39.2200	276.6667	1.4200
41.7700	276.9933	1.4200
82.9500	276.3933	1.4200
44.5700	274.8300	1.4200
20.1400	274.7400	1.4200
22.2300	276.3267	1.4200
51.1300	277.3133	1.4200
37.1100	277.6367	1.4200
31.1500	276.9833	1.4200
23.0900	275.8300	1.4200
20.7200	276.2067	1.4200
21.1000	277.4267	1.4200
21.4300	276.1467	1.4200
21.9100	274.0767	1.4200
23.2400	273.3967	1.4200
24.7100	273.1867	1.4200
25.8700	273.1633	1.4200
26.8200	273.1767	1.4200
27.3900	273.2000	1.4200
24.2900	273.3567	1.4200
23.4000	273.9400	1.4200
25.2600	273.2067	1.4200
25.3700	273.1733	1.4200
24.5900	273.2500	1.4200
30.5100	273.8867	1.4200
32.1500	274.3233	1.4200
42.0900	273.7967	1.4200
38.0200	273.4433	1.4200
31.3700	273.3133	1.4200
25.1000	273.2800	1.4200
22.6500	273.2633	1.4100
22.2700	273.3333	1.0400
22.5400	273.3267	1.0400
22.3400	273.3267	1.0400
24.8200	273.5633	1.0400
30.8800	273.9200	1.0400
32.7000	274.2300	1.0400
27.6000	274.4000	1.0400
32.4600	274.3767	1.0400
34.7300	273.6933	1.0400
27.6300	273.8133	1.0400
24.7900	274.7667	1.0400
31.6000	276.2267	1.0400
29.5600	275.7300	1.0400
26.5800	275.9333	1.0400
29.1300	275.3000	1.0400
25.8000	275.0333	1.0400
26.5100	274.7600	1.0400
30.2300	274.0867	1.0400
27.2000	274.1733	1.0400
58.5700	275.8800	1.0400
88.4600	276.5000	1.0400
51.2700	278.0333	1.0400
42.1000	278.1600	1.0400
32.9800	276.2100	1.0400
31.3800	276.0400	1.0400
28.6200	275.5767	1.0400
29.9800	276.3700	1.0400
27.4500	276.4967	1.0600
25.4700	275.6033	1.5900
21.5500	274.6967	1.5900
20.4700	274.4133	1.5900
20.4000	274.7200	1.5900
20.3800	274.9100	1.5900
22.0900	275.4100	1.5900
46.8100	275.0367	1.5900
51.6200	274.0033	1.5900
39.1200	273.7367	1.5900
31.1600	274.0700	1.5900
54.1200	274.6267	1.5900
44.8700	275.6133	1.5900
43.8300	274.9467	1.5900
34.0400	274.1133	1.5900
28.1100	273.8900	1.5900
26.0100	273.7233	1.5900
26.0000	273.6767	1.5900
27.3400	273.5567	1.5900
29.4200	273.8400	1.5900
30.4500	275.5633	1.5900
41.7800	277.8200	1.5900
39.8800	278.7700	1.5900
37.3400	276.6900	1.5900
41.7400	275.3267	1.5900
38.9500	274.5200	1.5900
39.6200	275.2433	1.5900
33.7800	276.3567	1.5900
27.3400	277.5533	1.5900
25.2100	279.0033	1.5900
22.4900	280.5833	1.5900
22.1700	281.0033	1.6500
21.8500	281.6067	4.6900
21.5000	283.0467	4.6900
21.2000	283.9600	4.6900
20.9000	284.6567	4.6900
20.6000	284.1333	4.6900
20.4600	281.5067	4.6900
19.9900	281.1733	4.6900
19.5300	281.3467	4.6900
19.0600	280.9800	4.6900
28.5000	278.5167	4.6900
30.4500	279.2300	4.6900
22.1100	280.4400	4.6900
18.7800	282.9733	4.6900
17.2800	285.1767	4.6900
17.4600	282.0733	4.6900
18.0400	278.3600	4.6900
20.2800	275.8667	4.6900
24.8400	274.4367	4.6900
25.0200	274.6067	4.6900
26.0200	275.7100	4.6900
27.3300	276.7367	4.6900
20.9600	278.4667	4.6900
15.4000	280.5700	4.6900
12.6300	281.4567	4.6900
11.9600	282.6133	4.6900
11.7200	283.0067	4.6900
16.9400	280.0567	4.6900
28.3900	276.6133	4.6900
27.1200	277.6667	4.6900
25.8800	277.2200	4.9500
23.0300	277.1400	17.1600
18.5000	279.6633	17.1600
13.2600	281.2067	17.1600
11.9000	282.1900	17.1600
12.2200	282.9333	17.1600
12.2000	282.8533	17.1600
10.9000	282.1867	17.1600
10.2400	280.2767	17.1600
9.8500	281.3867	17.1600
9.6300	281.4300	17.1600
11.5400	280.8533	17.1600
12.4300	282.2700	17.1600
10.9900	284.2533	17.1600
9.6900	284.3800	17.1600
8.9300	285.2333	17.1600
8.4200	285.4500	17.1600
8.0700	287.1867	17.1600
7.8100	287.8333	17.1600
7.5900	286.2133	17.1600
19.2300	280.4100	17.1600
34.1300	276.9000	17.1600
25.5500	276.6900	17.1600
17.7100	278.4633	17.1600
13.8200	281.3367	17.1600
12.1900	284.3933	17.1600
9.1600	286.1933	17.1600
7.4700	286.4367	17.1600
6.8000	286.3933	17.1600
6.3700	288.6233	17.1600
6.0900	291.1067	17.1600
5.8900	291.8633	17.2100
5.7300	291.5767	19.6100
5.5700	287.4533	19.6100
5.4000	286.3533	19.6100
5.2700	287.8100	19.6100
5.1200	289.6733	19.6100
5.0000	290.2533	19.6100
4.8800	288.9800	19.6100
4.7600	284.6800	19.6100
4.5900	280.9767	19.6100
4.4300	282.1933	19.6100
4.3300	284.4367	19.6000
4.2300	287.7500	19.6000
4.1500	290.2400	19.6000
4.0500	289.9800	19.6000
3.9700	290.3800	19.6000
3.9000	290.8033	19.6000
3.8300	289.7433	19.6000
3.7500	289.0900	19.6000
3.6700	288.0233	19.6000
3.5900	289.8867	19.5900
3.4900	290.4900	19.5800
3.9100	289.4733	19.6000
4.4200	290.3033	19.6100
4.0400	291.0133	19.6100
3.6600	292.9800	19.6100
3.3900	294.3000	19.6100
3.2100	293.2667	19.6100
3.0800	292.2733	19.6100
2.9800	291.3333	19.6100
2.8900	292.1167	20.0000
2.8000	292.7767	38.5800
2.6700	294.9533	38.5800
2.5300	293.3900	38.5800
2.4200	292.1700	38.5800
2.3400	291.9100	38.5800
2.2600	292.4333	38.5800
2.2300	293.3933	38.5800
2.2700	291.5200	38.5800
2.2100	294.6067	38.5800
2.1000	298.4600	38.5800
1.9800	300.3533	38.5800
1.9000	300.4700	38.5800
1.9000	298.8467	38.5800
1.9800	297.8400	38.5800
1.9400	296.8067	38.5800
1.8300	295.1133	38.5800
1.7300	294.9233	38.5800
1.6300	294.8533	38.5800
1.5400	294.0500	38.5800
1.4800	294.8933	38.5800
1.4600	296.8800	38.5800
1.9900	295.5800	38.5800
3.0400	293.7300	38.5800
2.8700	293.2233	38.5800
2.3700	292.9667	38.5800
1.9500	293.3400	38.5800
1.6700	294.4833	38.5800
1.5100	294.3700	38.5800
1.4600	295.3233	38.5800
1.4000	296.8367	38.5800
1.3000	296.7433	38.6200
1.2000	296.5367	40.3900
1.1200	296.0100	40.3900
1.0400	295.1267	40.3900
0.9800	292.6400	40.3900
0.9300	290.8533	40.3900
0.8800	289.3967	40.3900
0.8400	289.4333	40.3900
0.7900	290.6000	40.3900
0.7400	293.0233	40.3900
0.7000	294.8767	40.3900
0.6700	296.9400	40.3900
0.6700	296.4533	40.3900
0.6800	296.7667	40.3900
0.6500	298.0500	40.3900
0.6200	297.2933	40.3900
0.5900	297.1867	40.3900
0.5600	296.0700	40.3900
0.5600	294.3067	40.3900
0.5600	293.8467	40.3900
0.5400	290.0800	40.3900
0.5000	286.5133	40.3900
0.4700	289.0933	40.3900
0.4400	289.1933	40.2200
0.4100	289.7100	40.2600
0.3900	290.2767	40.2600
0.3600	289.5133	40.1900
0.3500	289.3467	40.1600
0.3100	290.8367	40.1400
0.3000	293.1867	40.1000
0.2900	292.2300	40.0100
0.2800	291.7900	39.8800
0.2700	294.0733	31.1800
0.2600	295.4700	31.1300
0.2500	294.7767	31.0900
0.2400	291.2400	31.0600
0.2300	287.6067	31.0400
0.2200	284.0167	31.0400
0.2200	281.5567	31.1300
0.2200	283.7167	31.1200
0.2000	287.3233	31.0500
0.1900	290.2233	30.9800
0.1900	292.7333	30.9500
0.1800	293.9733	30.9400
0.1700	294.0433	30.9300
0.1700	292.7967	31.0300
0.1700	291.2333	31.0200
0.1900	286.5733	30.9000
0.2100	287.1467	30.2500
0.2100	285.4200	30.1800
0.2100	287.9900	30.1700
0.2100	290.7100	30.1700
0.2000	292.6000	30.1700
0.1800	292.8567	30.1600
0.1700	293.1333	30.1500
0.1600	293.5433	30.1500
0.1500	291.1800	30.1400
0.1300	289.2567	30.1400
0.1300	288.6000	30.1600
0.1300	284.9500	30.7600
0.1300	284.0067	30.4800
0.1300	281.3833	30.0200
0.1300	278.3467	14.2700
0.1400	277.5267	14.2300
0.1600	280.4233	14.2300
0.1800	283.5533	14.2300
0.2800	284.6600	14.2300
0.4200	286.5767	14.5200
0.4700	287.8867	14.6100
0.4900	289.3467	14.2800
0.4600	288.5267	14.2300
0.4200	288.5900	14.2300
0.3900	282.1500	14.2300
0.3600	282.1267	14.2300
0.3400	283.7267	14.2300
0.3200	286.3900	14.2300
0.2900	286.5800	14.2300
0.2700	286.5867	14.2300
0.2700	286.7800	14.2300
0.2600	288.2600	14.2300
0.2500	285.9100	14.2200
0.2500	284.2833	14.2200
0.2400	281.8900	14.2300
0.2400	281.4133	14.2300
0.2300	282.4133	14.2300
0.2300	279.7967	14.2300
0.2200	279.8500	14.2300
0.2200	280.7800	14.2300
0.2200	280.5233	14.2300
0.2100	282.7133	14.2300
0.2100	278.5367	14.2300
0.2000	276.8100	14.2000
0.1900	276.9500	13.9600
0.1900	275.5067	3.5200
0.1900	275.7033	3.5200
0.2100	277.3800	3.5200
0.2100	278.1733	3.5200
0.2200	280.6333	3.5200
0.2200	279.0500	3.5200
0.9300	279.4367	3.5300
62.9300	279.4100	3.5300
95.7700	276.6133	3.5300
50.4100	274.9933	3.5300
34.8400	275.1033	3.5300
20.7000	276.3867	3.5300
25.4000	277.8500	3.5300
23.5500	277.8033	3.5300
15.0300	277.2400	3.5300
11.4300	278.6100	3.5300
9.0900	278.1467	3.5300
7.5000	277.0767	3.5300
6.7300	279.7400	3.5300
6.3000	280.5433	3.5300
6.0500	281.0267	3.5300
5.9100	281.8767	3.5300
5.8300	282.0067	3.5300
5.7900	279.3533	3.5300
5.7600	276.2767	3.5300
5.7300	275.8333	3.5300
5.7000	276.7200	3.5300
3.1000	277.1900	3.5300
0.4500	276.5867	3.5300
0.4200	276.2500	3.5000
0.3900	276.3133	2.0100
0.3800	277.4000	2.0100
0.3600	277.3100	2.0100
0.3500	278.1300	2.0100
0.3500	278.3033	2.0100
0.3600	277.9267	2.0100
0.3500	277.1100	2.0100
0.3500	276.0500	2.0100
0.3500	276.5733	2.0100
0.4400	275.6600	2.0100
1.9600	274.5967	2.0100
3.1700	275.8067	2.0100
5.0100	277.6133	2.0100
85.7300	280.1233	2.0100
155.5400	278.4433	2.0100
94.8700	276.7667	2.0100
79.6000	274.9367	2.0100
31.8000	274.0900	2.0100
15.4600	273.8000	2.0100
13.4200	273.7433	2.0100
16.8600	273.6400	2.0100
18.0700	273.5367	2.0100
14.2300	273.3433	2.0100
10.9600	273.2733	2.0100
9.1700	273.3000	2.0100
8.6100	273.6700	2.0100
28.2800	276.2200	2.0100
115.1500	277.7000	2.0100
96.5200	275.4733	2.0100
45.6800	274.1267	2.0100
39.0800	274.4900	2.0000
44.1500	273.6900	1.5000
28.6900	274.8233	1.5000
29.9700	276.0033	1.5000
38.9500	277.1000	1.5000
49.9900	278.0200	1.5000
39.5600	277.2600	1.5000
37.1300	276.3900	1.5000
43.5200	276.3467	1.5000
52.3100	277.2367	1.5000
61.6400	275.8833	1.5000
82.4900	275.0400	1.5000
76.1300	275.2533	1.5000
118.0700	276.6967	1.5000
128.6700	277.7500	1.5000
99.0400	276.2167	1.5000
89.0200	276.8400	1.5000
89.9200	279.0800	1.5000
91.9800	279.0133	1.5000
91.2000	277.8100	1.5000
89.2800	278.6100	1.5000
87.5900	277.7433	1.5000
88.7900	276.8667	1.5000
130.0300	277.9767	1.5000
118.7200	277.9567	1.5000
99.7400	278.2133	1.5000
95.1900	279.7200	1.5000
83.3300	279.9100	1.5000
79.9700	277.6800	1.5000
75.9400	277.6200	1.5000
68.5900	278.2100	1.5000
66.6200	279.3067	1.4900
63.8800	280.0767	1.1000
71.2000	276.4933	1.1000
64.6000	274.6533	1.1000
57.5500	274.4167	1.1000
53.3000	273.8267	1.1000
50.5200	273.4900	1.1000
48.6600	273.3167	1.1000
47.1300	273.2467	1.1000
45.7000	273.3133	1.1000
43.8400	274.2300	1.1000
42.0200	275.5967	1.1000
40.3100	275.8367	1.1000
40.4300	277.1000	1.1000
54.6000	277.5567	1.1000
46.1400	277.5200	1.1000
72.4600	276.4933	1.1000
88.5000	274.0867	1.1000
51.5800	274.2433	1.1000
41.4700	273.9100	1.1000
40.6100	273.8000	1.1000
38.0000	274.0467	1.1000
35.6000	274.5667	1.1000
34.4300	274.5600	1.1000
35.4300	276.2900	1.1000
41.1700	276.1600	1.1000
37.9700	274.9600	1.1000
32.4200	274.3067	1.1000
34.9200	274.0000	1.1100
33.2200	273.9933	1.6700
30.5100	273.9567	1.6700
29.5200	274.2100	1.6700
31.2100	274.0533	1.6700
32.6500	274.4967	1.6700
34.0300	275.5000	1.6700
30.4700	275.6800	1.6700
26.1400	276.1700	1.6700
24.2000	277.2933	1.6700
23.6600	277.7733	1.6700
30.1800	278.6967	1.6700
27.6200	279.1467	1.6700
23.8100	279.6967	1.6700
42.5900	278.3700	1.6700
160.0800	277.1100	1.6700
161.1600	275.7567	1.6700
59.6000	274.5733	1.6700
35.1800	274.3000	1.6700
26.8700	274.2467	1.6700
30.9400	275.3267	1.6700
36.4600	275.7633	1.6700
35.1300	277.5800	1.6700
36.2100	277.4800	1.6700
41.3300	277.3900	1.6700
31.9500	277.4633	1.6700
44.0000	278.0900	1.6700
83.2400	276.6100	1.6700
44.1000	275.6867	1.6700
30.7600	276.0067	1.6700
27.9400	278.3600	1.6700
27.4100	281.7367	1.7400
28.0300	281.5767	4.9500
36.7600	278.1733	4.9500
38.3900	275.1300	4.9500
37.0100	273.9833	4.9500
34.3100	273.5900	4.9500
39.8500	273.7067	4.9500
49.4500	273.9300	4.9500
61.0500	277.0000	4.9500
53.0500	278.6700	4.9500
36.8300	279.6100	4.9500
29.7400	279.4733	4.9500
29.0200	278.5267	4.9500
129.8300	276.0633	4.9500
104.1300	274.3433	4.9500
57.4300	274.7233	4.9500
45.2100	274.9433	4.9500
43.8000	275.0900	4.9500
42.3200	275.0400	4.9500
42.0500	275.3067	4.9500
39.7900	277.0767	4.9500
37.2200	278.5600	4.9500
48.1400	276.6967	4.9500
44.1600	276.6833	4.9500
57.9900	277.0167	4.9500
129.0800	275.2200	4.9500
83.7200	273.9267	4.9500
70.8600	274.0933	4.9500
72.1200	275.0267	4.9500
79.9700	274.6233	4.9500
72.1600	274.7900	5.3800
60.6000	275.5500	25.7300
74.3400	278.2267	25.7300
82.3800	278.9000	25.7300
99.1200	277.9867	25.7300
96.7400	276.3400	25.7300
69.8700	277.1600	25.7300
68.8600	277.8767	25.7300
86.3300	277.1967	25.7300
98.3200	275.2333	25.7300
87.8600	276.5233	25.7300
77.3300	277.7567	25.7300
68.1700	279.7700	25.7300
63.4300	281.5967	25.7300
60.8300	283.7133	25.7300
58.7900	285.1033	25.7300
56.7300	283.4400	25.7300
54.6600	281.4300	25.7300
52.6000	279.5867	25.7300
50.2700	279.2067	25.7300
47.8800	281.4867	25.7300
45.8300	284.9233	25.7300
43.8300	287.8300	25.7300
41.8200	289.5233	25.7300
40.2800	290.6300	25.7300
38.1900	288.7900	25.7300
36.2400	286.4067	25.7300
34.2600	287.3167	25.7300
32.4000	290.5667	25.7300
30.7500	292.0067	25.7300
29.4500	291.2000	25.7300
27.7500	289.3567	25.8100
26.1300	289.2333	29.4100
24.5100	289.9900	29.4100
22.9100	290.7667	29.4100
21.4300	291.7133	29.4100
20.4200	291.7467	29.4100
19.5000	292.2167	29.4100
18.6700	292.5567	29.4100
17.9300	293.3833	29.4100
17.2300	292.9067	29.4100
16.4100	291.7767	29.4000
15.5800	290.8300	29.4100
14.8400	290.2500	29.4100
14.2400	289.5300	29.4100
13.6300	289.2467	29.4000
13.0800	290.0267	29.4000
12.5800	291.6633	29.4000
12.1300	294.2367	29.4000
11.7300	295.2433	29.4000
11.3800	291.0833	29.4100
11.0800	287.7867	29.4100
10.8000	286.3633	29.4100
10.5400	285.0367	29.4100
10.2700	284.4167	29.4100
10.3200	284.1433	29.4100
10.6000	287.1167	29.4100
10.2400	289.9567	29.4100
9.7800	292.3300	29.4100
9.4300	293.7933	29.4100
9.1600	293.7800	29.4100
8.9500	290.2733	30.0400
8.7500	289.7767	59.8500
8.5400	289.0400	59.8300
8.3500	289.4333	59.8000
8.2000	289.9467	59.7200
8.0700	291.5900	59.7000
7.9700	292.4767	59.6800
7.8800	292.2100	59.6600
7.7800	290.2600	59.6600
7.6800	292.5067	59.6700
7.5800	293.7533	59.6500
7.4900	293.5600	59.6500
7.4000	293.9633	59.6500
7.3100	292.7733	59.6400
7.2300	292.6833	59.6300
7.1600	294.5133	59.6200
7.0800	293.9167	59.6100
7.0100	295.1367	59.6100
6.9500	296.8600	59.6000
6.8800	297.4567	59.5900
6.8100	297.6967	59.5900
6.7600	298.6533	59.5900
6.6900	299.1933	59.5800
6.6400	300.3400	59.5900
6.6100	298.6767	59.7800
6.6800	295.3900	59.8500
6.7600	294.6933	59.8500
6.7300	295.7833	59.8500
6.6400	297.6733	59.8500
6.5500	298.4133	59.8400
6.4600	299.7900	59.8300
6.4700	299.0767	59.8900
6.7700	295.9467	62.6300
6.9400	294.0367	62.6400
17.0500	288.1200	62.6600
17.7200	289.7900	62.6600
12.7400	290.5433	62.6600
9.8200	290.1533	62.6600
8.2900	290.1800	62.6600
7.4400	290.8400	62.6600
6.9400	289.7367	62.6600
6.6300	290.8367	62.6200
6.4100	290.8600	62.5600
6.2600	290.4967	62.4600
6.1500	291.4367	62.3500
6.0500	293.4700	62.2700
5.9800	293.4767	62.2000
5.9100	293.8300	62.1800
5.9600	294.0700	62.0500
6.0700	296.2400	61.7800
6.0800	296.9833	61.6900
6.0400	296.0100	61.5300
5.9800	294.5533	61.4700
7.3800	289.6067	62.6100
22.8800	288.7767	62.6600
18.0300	289.7433	62.6600
12.0200	291.7633	62.6600
9.1800	292.7533	62.6200
3.4800	292.7800	62.5300
2.0600	293.7333	62.3600
1.5400	291.7567	61.8900
1.1800	293.4567	61.5800
0.9500	295.1767	60.8900
0.7900	294.4800	47.6300
0.6800	294.7700	46.9900
0.5900	295.5633	47.0100
0.5500	295.9167	47.9800
0.8500	293.8500	48.0500
1.8300	291.7700	47.9300
1.8300	290.4700	47.9400
1.4600	287.3767	47.6300
1.1200	287.3067	47.4100
0.9700	285.8333	47.5000
1.1100	288.4667	47.2200
1.0800	290.1567	47.0000
0.9100	289.3767	46.8900
0.7600	289.7267	46.8900
0.6100	290.2933	46.8900
0.5100	288.3733	46.8900
0.4200	282.4867	46.8900
0.3600	284.2933	46.8900
0.3200	288.7467	46.8900
0.2800	289.9900	46.8900
0.2400	291.6367	46.8800
0.2300	292.4000	46.8800
0.2200	295.2800	46.8800
0.2200	294.4700	46.8800
0.1900	293.9633	46.8700
0.1800	292.8400	46.8600
0.1600	293.3733	46.8700
0.1500	294.5733	46.8700
0.1600	291.8500	46.8600
0.1600	288.3133	46.3500
0.1600	288.8633	21.9100
0.1600	287.7600	21.9000
0.1800	288.8600	21.9000
0.2000	289.6733	21.9100
0.2300	288.4800	21.9500
0.2700	288.7900	21.9600
0.3000	288.1933	21.9500
0.3200	288.2600	21.9400
0.3100	285.5767	21.9500
0.3200	279.5267	21.9300
0.3200	281.4933	21.9400
0.3200	284.4600	21.9400
0.3900	281.8800	21.9300
0.4100	284.9267	21.9000
0.4000	284.8733	21.9000
0.3800	284.5100	21.8900
0.3600	287.2633	21.8900
0.3500	288.3267	21.8900
0.3400	286.5600	21.8800
0.3300	287.5700	21.8800
0.3100	289.7500	21.8800
0.3100	288.1267	21.8700
0.2900	284.3967	21.8700
0.2900	283.6633	21.8600
0.2700	285.5567	21.8500
0.2600	286.3067	21.8500
0.2500	287.8033	21.8500
0.2500	289.3833	21.8200
0.2500	287.3800	21.8300
0.2300	276.3167	21.7800
0.2300	274.2467	21.5100
0.2300	273.7033	5.3000
0.2800	274.1533	5.2900
0.3300	273.5500	5.3000
2.1200	273.5200	5.3000
5.3800	274.4267	5.3000
7.0700	275.0633	5.3000
8.4300	276.7267	5.3000
11.7000	276.4167	5.3000
19.0200	276.5967	5.3000
36.9400	275.7067	5.3000
23.9700	275.6033	5.3000
17.8700	276.0433	5.3000
13.4400	275.5967	5.3000
6.2000	275.6233	5.3000
5.1000	275.4900	5.3000
9.5900	274.7667	5.3000
9.2700	275.6433	5.3000
8.9600	276.6467	5.3000
8.2600	278.3233	5.3000
5.8100	278.7300	5.3000
3.5300	277.0933	5.3000
2.3300	275.1900	5.3000
1.6600	274.0867	5.3000
1.2800	274.3367	5.3000
1.0900	274.2867	5.3000
0.9500	274.0167	5.3000
0.8200	274.1500	5.3000
0.7400	275.7600	5.3000
0.7100	277.9033	5.3000
4.4200	278.5067	5.2500
10.9400	277.8033	3.0100
18.3900	277.2700	3.0100
17.0700	277.1700	3.0100
9.5700	277.3133	3.0100
5.9300	278.7600	3.0100
9.7800	278.4633	3.0100
42.8100	277.2267	3.0100
40.4200	274.7067	3.0100
20.8800	274.2400	3.0100
14.9500	274.5833	3.0100
29.7200	274.4167	3.0100
25.3900	273.8033	3.0100
19.9500	275.0900	3.0100
26.3100	275.7000	3.0100
33.4500	274.2700	3.0100
20.6000	273.7267	3.0100
13.5200	274.0000	3.0100
9.9400	274.2467	3.0100
8.1900	275.5333	3.0100
8.7400	276.0167	3.0100
13.3900	275.9900	3.0100
13.6400	275.4300	3.0100
11.5100	275.1767	3.0100
15.1700	276.1567	3.0100
45.6500	275.1167	3.0100
31.0800	273.8000	3.0100
16.5600	273.4533	3.0100
11.2200	273.3367	3.0100
9.2500	273.5767	3.0100
48.8400	274.9167	3.0100
38.8200	274.2767	3.0000
23.6500	274.2033	2.2400
40.6500	273.6833	2.2400
23.6100	273.3633	2.2400
13.6400	273.2467	2.2400
9.8800	273.2133	2.2400
8.2300	273.3633	2.2400
7.6800	273.7533	2.2400
14.7200	275.3000	2.2400
32.5700	277.2533	2.2400
32.6400	276.7333	2.2400
24.3300	276.1800	2.2400
16.8800	276.0967	2.2400
13.2000	276.3800	2.2400
11.3300	276.2567	2.2400
10.2300	276.1033	2.2400
9.3200	276.0167	2.2400
9.2900	275.4833	2.2400
9.2800	275.6833	2.2400
9.9600	275.8700	2.2400
11.4400	274.5367	2.2400
11.4700	273.6867	2.2400
10.7300	273.8100	2.2400
10.1700	274.3967	2.2400
10.0600	275.4200	2.2400
10.7300	274.4500	2.2400
11.1200	273.8433	2.2400
11.3300	274.0000	2.2400
21.2500	274.3833	2.2400
19.5700	274.8967	2.2400
16.0800	275.3367	2.2400
16.5900	274.2967	2.2300
14.9500	273.8400	1.6500
13.6800	273.8800	1.6500
32.6400	273.8300	1.6500
29.0900	273.4200	1.6500
20.2300	273.2933	1.6500
16.0300	273.5733	1.6500
19.8800	273.9533	1.6500
20.2000	273.5700	1.6500
16.7800	273.4400	1.6500
15.1700	273.4167	1.6500
14.5500	273.6867	1.6500
16.4400	273.8667	1.6500
14.9600	273.8367	1.6500
11.3800	274.0933	1.6500
11.4000	274.1100	1.6500
20.1100	275.1300	1.6500
129.5100	278.6267	1.6500
268.3800	277.8833	1.6500
131.8900	275.7600	1.6500
105.8000	274.8533	1.6500
122.0200	274.7200	1.6500
117.1400	274.0100	1.6500
110.0700	274.2000	1.6500
100.2000	274.0433	1.6500
115.9500	274.1533	1.6500
221.6800	274.9467	1.6500
142.4900	273.8733	1.6500
128.2700	273.4367	1.6700
136.1100	273.7100	2.5100
145.8600	273.8067	2.5100
136.8300	273.9533	2.5100
128.3300	274.1333	2.5100
116.6500	274.0833	2.5100
115.5200	274.9333	2.5100
118.8400	275.5633	2.5100
117.9900	277.7400	2.5100
126.0500	280.7867	2.5100
128.6900	281.9167	2.5100
120.7100	280.5867	2.5100
115.4200	280.0600	2.5100
113.8300	278.3600	2.5100
121.5500	279.8100	2.5100
124.4600	280.2633	2.5100
122.6400	280.6433	2.5100
113.3400	281.6567	2.5100
108.4800	282.8833	2.5100
111.4700	282.3633	2.5100
108.5000	281.4800	2.5100
106.9700	282.6733	2.5100
108.2800	284.3200	2.5100
104.9300	284.0067	2.5100
92.1700	282.0633	2.5100
85.0100	279.0233	2.5100
111.4600	275.9133	2.5100
99.0000	274.6133	2.5100
81.0100	276.4600	2.5100
68.4400	279.3000	2.5100
61.9300	281.2900	2.5100
56.7100	279.6300	2.6100
51.9400	278.4233	7.4200
47.5700	276.5367	7.4200
43.7700	278.2067	7.4200
40.8300	280.9467	7.4200
38.2300	281.2000	7.4200
35.5600	280.5233	7.4200
32.8700	280.6100	7.4200
30.4800	281.7967	7.4200
28.3800	282.3267	7.4200
26.3500	282.5000	7.4200
24.5200	282.5400	7.4200
23.1400	283.0700	7.4200
21.8900	282.2733	7.4200
20.7300	279.5933	7.4200
19.9600	278.1933	7.4200
23.9300	277.1433	7.4200
22.0200	276.8633	7.4200
20.6000	276.1367	7.4200
20.5700	276.2133	7.4200
20.3300	276.3967	7.4200
21.8500	276.4667	7.4200
25.3300	276.4267	7.4200
20.1800	278.3267	7.4200
16.3600	280.5967	7.4200
14.8500	282.6233	7.4200
13.9800	284.8167	7.4200
13.3700	287.4100	7.4200
12.9100	286.7667	7.4200
12.5200	282.2067	7.4200
12.0300	281.5400	7.9300
11.5200	285.2867	31.9100
11.0700	287.2233	31.9100
10.7500	288.9233	31.9100
10.5500	288.3300	31.9100
10.3600	286.3767	31.9100
10.0100	284.3067	31.9100
9.6700	283.0733	31.9100
9.7000	281.7833	31.9100
10.7500	281.8433	31.9100
11.2100	281.1567	31.9100
25.4000	278.0900	31.9100
21.2600	278.0933	31.9100
14.7800	280.4633	31.9100
11.4800	282.7033	31.9100
9.9400	284.5733	31.9100
9.1500	285.0133	31.9100
8.6900	283.8600	31.9100
8.6100	281.4133	31.9100
10.9700	280.7600	31.9100
10.8700	282.7200	31.9100
10.8300	282.4433	31.9100
12.0000	281.9300	31.9100
12.1300	283.0933	31.9100
10.5600	283.5733	31.9100
9.2700	284.5733	31.9100
8.5100	285.7133	31.9100
8.0600	286.8733	31.9100
9.7700	283.5800	31.9100
18.2100	281.3633	31.9100
15.8200	282.8133	31.9100
11.9500	285.2567	32.0000
9.8700	287.1967	36.4600
8.7200	289.0667	36.4600
8.0600	290.3867	36.4600
7.6700	290.2767	36.4600
7.4300	290.4533	36.4600
7.2600	288.7433	36.4600
7.1300	287.2500	36.4600
7.0500	283.3267	36.4600
8.0700	282.7367	36.4600
10.3800	281.4633	36.4600
11.4600	283.5500	36.4600
9.9600	284.5867	36.4600
8.6800	286.9067	36.4600
7.9300	288.1633	36.4600
7.4800	289.2100	36.4600
7.2000	289.6367	36.4600
7.0000	290.4700	36.4600
6.8700	291.5933	36.4600
6.8000	291.1433	36.4600
6.7400	290.8633	36.4600
6.6800	291.4400	36.4600
6.6100	292.7633	36.4500
6.5600	292.9900	36.4500
6.5100	292.5267	36.4500
6.4700	292.1333	36.4500
6.4300	291.6567	36.4500
6.4100	291.6700	36.4500
6.4000	293.9400	36.4600
6.6500	293.3267	36.4600
7.2000	292.3233	37.2400
7.7200	291.2133	73.9500
8.9500	291.2700	74.2100
8.5000	292.3400	74.2100
7.7100	292.6367	74.2000
7.1400	293.5233	74.1700
6.7700	295.0900	74.0900
6.5300	295.0400	74.0100
6.3700	293.7533	73.9600
6.2500	292.2667	73.9300
6.1700	291.2233	73.8600
1.6200	291.7900	73.7800
0.9600	293.6667	73.7400
0.9200	293.9633	73.7100
0.8600	294.4033	73.6900
0.8100	294.0000	73.6100
0.7800	294.5433	73.5400
0.7300	295.7433	73.4800
0.7000	293.2667	73.4500
0.6700	292.0133	73.4500
0.6500	291.3900	73.3800
0.6400	293.6267	73.2900
0.6300	295.0133	73.1900
0.6000	296.1133	73.1000
0.5800	297.3533	73.2400
0.5700	296.2667	73.2200
0.5400	295.5233	73.4000
0.5200	294.6467	73.3800
0.5100	294.9167	73.2400
0.4900	294.4533	73.1200
0.4700	292.7733	73.0300
0.4600	292.5267	72.9800
0.4300	292.2600	75.1200
0.4200	289.1833	75.1200
0.3900	288.7900	75.1200
0.3700	290.5500	75.1200
0.3600	289.5667	75.1200
0.3300	288.8033	75.1200
0.3200	289.8200	75.1200
0.3100	293.6800	75.1200
0.2800	295.5800	75.1200
0.2700	294.9200	75.1200
0.2600	296.7067	75.1200
0.2400	296.7033	75.1200
0.2300	296.9267	75.1200
0.2200	295.3567	75.1200
0.2100	294.1333	75.1200
0.2000	292.8067	75.1200
0.1900	292.7767	75.1200
0.1900	293.7333	75.1200
0.1800	296.2667	75.1200
0.1700	294.7133	75.1200
0.1700	293.6700	75.1200
0.1500	290.8867	75.1100
0.1400	287.4100	75.1200
0.1500	287.9267	75.1200
0.1500	288.0433	75.1200
0.1500	285.8033	75.1200
0.1600	286.9933	75.1200
0.1600	289.9133	75.1200
0.1600	292.7967	75.1200
0.1400	294.3933	75.1200
0.1400	294.3033	74.7700
0.1300	292.8700	58.1400
0.1300	288.8633	58.1400
0.1300	284.3900	58.1400
0.1300	285.6200	58.1400
0.1300	289.9400	58.1300
0.1300	292.5100	58.1300
0.1300	293.6733	58.1300
0.1300	293.7333	58.1200
0.1300	293.2167	58.1200
0.1300	292.5133	58.1200
0.1300	293.1333	58.0900
0.1200	292.0467	58.0300
0.1200	287.1200	57.9600
0.1200	284.3733	57.9300
0.1200	286.8167	57.9000
0.1200	289.1267	57.9100
0.1200	289.5867	57.9000
0.1200	283.6800	57.8800
0.1200	279.4600	57.9100
0.6000	277.7867	59.8300
3.4700	280.3467	59.6300
3.9100	284.1233	58.4300
2.7800	287.2133	58.1400
1.9000	288.6900	58.1400
1.3600	289.7933	58.1400
1.0000	289.3367	58.1400
0.7800	290.0300	58.1300
0.6100	290.0567	58.0900
0.4800	289.4800	58.0300
0.3900	288.0333	57.3800
0.3400	288.1000	26.8900
0.3100	289.2067	26.7400
0.2900	288.8467	26.7000
0.2900	289.6033	26.7000
0.3300	289.1000	26.7000
0.4000	288.3433	26.6800
0.4800	287.6633	26.6700
0.5100	287.6833	26.6600
0.5100	283.9567	26.8400
0.6300	280.8967	27.0000
0.8100	281.2833	26.9300
0.8200	285.0000	26.9000
0.7600	287.6733	26.8600
0.6500	288.2733	26.8200
0.5700	289.5400	26.7600
0.4900	288.7500	26.7100
0.4500	281.7467	26.9600
15.0800	276.2967	27.3400
22.9500	276.1933	27.3400
46.5100	276.2633	27.3400
41.2900	275.6367	27.3400
23.8300	275.5233	27.3400
16.4700	276.3433	27.3400
27.9000	276.3433	27.3400
20.3300	276.3267	27.3400
15.9200	276.3267	27.3400
28.3100	274.9967	27.3400
18.9100	274.8067	27.3400
12.4700	274.8933	27.3400
10.0100	276.3200	27.3400
9.1400	275.9233	26.9100
5.3500	275.5600	6.5700
3.8800	276.1367	6.5700
5.9600	277.1567	6.5700
14.6500	275.5433	6.5700
12.8100	276.7533	6.5700
7.9300	277.9700	6.5700
5.3100	279.1133	6.5700
3.1900	280.7367	6.5700
2.0900	279.2000	6.5700
1.5200	279.5700	6.5700
5.9700	277.9733	6.5700
10.8900	277.1433	6.5700
7.7200	278.4500	6.5700
4.8100	278.3567	6.5700
3.1200	278.7100	6.5700
2.1500	279.9867	6.5700
1.5800	280.3767	6.5700
1.2200	279.4500	6.5700
0.9900	276.9667	6.5700
0.8200	274.7600	6.5700
0.7100	273.8167	6.5700
0.6100	274.3933	6.5700
0.5400	275.5333	6.5700
0.5000	276.5100	6.5700
0.4500	278.1167	6.5700
2.5800	275.1633	6.5700
6.8600	275.0367	6.5700
13.3200	273.7133	6.5700
9.5300	273.4267	6.5700
5.6300	273.3567	6.5100
4.2600	273.4167	3.7400
3.7400	273.3300	3.7400
2.7600	273.2533	3.7400
2.0100	273.3100	3.7400
1.9200	273.3767	3.7400
2.1800	273.3067	3.7400
10.2900	274.4900	3.7400
46.4300	275.5700	3.7400
82.0400	277.0800	3.7400
66.5900	277.8700	3.7400
32.4200	278.5567	3.7400
18.6800	279.2867	3.7400
14.3100	278.4667	3.7400
12.0100	277.7267	3.7400
9.8400	276.7500	3.7400
8.0800	275.0167	3.7400
7.0500	274.9867	3.7400
6.5100	276.1700	3.7400
6.2200	276.1700	3.7400
6.0500	277.0600	3.7400
5.9500	274.9033	3.7400
5.8900	273.7933	3.7400
5.8600	273.3600	3.7400
2.0700	273.7767	3.7400
0.6700	274.4000	3.7400
0.6600	274.2433	3.7400
0.7200	274.7067	3.7400
6.4200	275.6633	3.7400
16.9900	274.7733	3.7400
19.9400	273.8633	3.7400
13.8000	273.5033	3.7200
7.4800	273.4567	2.7800
4.5400	273.4733	2.7800
3.0900	273.6033	2.7800
2.3600	273.6833	2.7800
2.0400	273.6067	2.7800
1.8200	273.4900	2.7800
1.6300	273.5367	2.7800
21.8300	273.6633	2.7800
25.2700	273.3433	2.7800
11.9000	273.3600	2.7800
7.0200	273.4500	2.7800
5.7100	273.3533	2.7800
4.4000	273.4900	2.7800
3.3500	274.0100	2.7800
3.3100	275.6800	2.7800
12.4200	276.7867	2.7800
30.3700	276.9867	2.7800
29.6300	276.8467	2.7800
29.8100	277.6800	2.7800
29.2900	278.2833	2.7800
25.0300	278.0967	2.7800
20.9800	277.2300	2.7800
18.4200	276.8700	2.7800
17.9700	276.8733	2.7800
18.3400	276.6933	2.7800
35.2500	276.1967	2.7800
55.4000	275.4000	2.7800
34.5700	274.6167	2.7800
26.8200	273.9133	2.7800
17.7900	273.7233	2.7800
12.7300	273.9200	2.7700
10.4100	274.1667	2.0500
9.6100	274.2433	2.0500
9.5700	274.5100	2.0500
9.6700	274.9633	2.0500
10.0100	274.7333	2.0500
10.8200	274.4467	2.0500
10.7500	274.4200	2.0500
11.1300	273.9833	2.0500
11.3600	273.8900	2.0500
10.8700	274.3167	2.0500
10.6100	274.3200	2.0500
6.3900	274.8367	2.0500
6.5900	276.1967	2.0500
31.9800	276.4900	2.0500
44.2100	275.8300	2.0500
34.2900	275.7033	2.0500
24.8300	275.2567	2.0500
22.8400	275.4133	2.0500
24.3700	275.7000	2.0500
29.9500	275.6933	2.0500
39.0300	275.0400	2.0500
28.0800	276.1200	2.0500
25.2400	276.2800	2.0500
23.3700	275.9367	2.0500
20.4600	275.8733	2.0500
19.5500	276.2433	2.0500
16.2700	276.1900	2.0500
23.4600	276.0033	2.0700
30.2600	275.2167	3.1100
24.7400	275.3433	3.1100
29.2800	275.0700	3.1100
21.3400	275.4467	3.1100
22.4400	276.5200	3.1100
27.5800	277.4400	3.1100
28.8100	278.8300	3.1100
34.8600	280.8933	3.1100
33.1100	282.8667	3.1100
27.1700	282.5000	3.1100
23.9400	282.2500	3.1100
23.7300	282.9300	3.1100
24.3100	281.9067	3.1100
21.1400	279.2567	3.1100
19.4200	278.5100	3.1100
22.9800	278.2700	3.1100
25.5900	278.0600	3.1100
25.2400	277.2967	3.1100
28.5400	277.3800	3.1100
56.2200	275.3400	3.1100
60.0900	274.2867	3.1100
64.8700	275.1600	3.1100
77.9200	275.6000	3.1100
54.2900	274.7867	3.1100
43.9400	274.2933	3.1100
38.4000	274.8600	3.1100
45.0200	276.6733	3.1100
110.8600	276.2700	3.1100
87.9700	274.7033	3.1100
55.1400	274.4533	3.1100
46.1400	275.0867	3.2400
48.7900	277.2100	9.2000
51.8300	277.6933	9.2000
50.4900	277.2533	9.2000
52.7600	274.8200	9.2000
56.8300	274.7300	9.2000
56.5800	277.8667	9.2000
62.8800	278.9333	9.2000
66.1000	275.9300	9.2000
60.8900	274.2900	9.2000
58.2800	274.9433	9.2000
55.1500	276.8900	9.2000
54.7400	277.1833	9.2000
49.8600	275.7267	9.2000
47.5900	274.6867	9.2000
48.2300	275.8000	9.2000
54.2400	279.2467	9.2000
46.9100	280.4067	9.2000
43.6100	278.3700	9.2000
42.2600	276.8400	9.2000
41.2400	276.5633	9.2000
40.4700	276.7100	9.2000
39.1700	278.7733	9.2000
41.9700	280.0367	9.2000
54.6200	277.9967	9.2000
47.8700	277.0567	9.2000
40.9500	279.5600	9.2000
36.3400	281.6733	9.2000
36.4000	280.1867	9.2000
37.0900	279.0667	9.2000
36.7100	279.6200	9.4800
35.8300	280.1967	22.5100
35.9400	279.7633	22.5100
32.1600	281.2167	22.5100
29.9200	282.5033	22.5100
36.4600	281.8133	22.5100
43.9600	280.3033	22.5100
37.7600	279.0167	22.5100
31.7700	279.3533	22.5100
72.1900	277.8067	22.5100
82.7900	275.7767	22.5100
57.0900	275.9633	22.5100
50.2600	279.2567	22.5100
38.1100	282.2833	22.5100
33.3000	284.1567	22.5100
32.4200	285.4833	22.5100
40.6400	282.7667	22.5100
59.1800	279.2333	22.5100
58.4600	278.2767	22.5100
147.7700	280.0300	22.5100
89.4100	280.6267	22.5100
52.5700	281.5033	22.5100
44.9200	283.8567	22.5100
43.1900	284.4133	22.5100
42.2800	285.0933	22.5100
41.3700	286.6833	22.5100
40.6100	288.3833	22.5100
39.4500	289.8700	22.5100
38.0700	290.0133	22.5100
36.7200	285.8200	22.5100
35.4500	284.9533	22.5100
34.3700	287.1433	22.5800
33.3300	286.7400	25.7300
31.9600	284.6167	25.7300
30.4900	284.4833	25.7300
29.2700	285.6200	25.7300
28.1600	285.4767	25.7300
27.1100	282.3367	25.7300
26.4900	279.8100	25.7300
26.3800	280.1133	25.7300
43.5900	280.9633	25.7300
57.2000	282.6200	25.7300
38.1900	284.0200	25.7300
27.8300	284.0133	25.7300
23.7800	285.3000	25.7300
22.0100	288.1167	25.7300
20.9800	288.3333	25.7300
20.2400	287.8300	25.7300
30.8900	281.7500	25.7300
37.1400	278.6000	25.7300
26.5000	279.6233	25.7300
21.4200	282.2100	25.7300
19.0700	284.9967	25.7300
17.8500	285.9633	25.7300
17.0800	287.4933	25.7300
16.5100	288.7867	25.7300
16.0300	289.5100	25.7300
15.6000	289.2300	25.7300
15.1200	289.2133	25.7300
14.6400	289.0700	25.7300
14.2000	289.7867	25.7300
13.7200	291.7100	26.2900
13.2000	293.5533	52.3700
12.7000	294.1000	52.3700
12.2600	293.7133	52.3600
11.8900	293.6833	52.3500
11.5400	294.2567	52.3500
11.2300	292.5067	52.3500
10.9500	292.5000	52.3500
10.7000	291.6533	52.3500
10.4700	290.2167	52.3500
10.2700	289.0500	52.3700
10.0600	290.9067	52.3700
9.8700	294.2067	52.3700
9.6800	296.0533	52.3600
9.4900	295.7400	52.3600
9.3000	296.7933	52.3500
9.1300	296.8033	52.3500
5.7700	297.3133	52.3500
4.6400	297.6700	52.3500
4.4700	297.7067	52.3500
4.3100	296.3233	52.3500
4.1600	296.9367	52.3500
4.0200	295.7567	52.3500
3.8800	293.9733	52.3500
3.7500	295.2400	52.3500
3.6000	293.3300	52.3500
3.4700	293.8700	52.3500
3.3100	295.6467	52.3400
3.1800	295.5933	52.3400
3.0600	295.2167	52.3400
2.9500	294.8667	52.3400
2.8500	295.2767	52.3900
2.7700	294.4433	54.8100
2.6900	293.1000	54.8100
2.6000	293.3600	54.8100
2.5000	294.8867	54.8100
2.4000	296.0633	54.8100
2.3200	295.9233	54.8100
2.2600	296.3233	54.8100
2.1800	295.9733	54.8100
2.1100	295.4400	54.8100
2.0400	294.7067	54.7800
1.9600	294.1700	54.7400
1.8900	293.9200	54.6600
1.8000	293.1767	54.6100
1.7200	293.6400	54.5900
1.6500	294.7067	54.5800
1.5900	293.0633	54.6600
1.5400	292.9567	54.6500
1.4900	292.5200	54.6200
1.4600	292.2267	54.5900
1.4200	293.0667	54.5800
1.3800	293.8333	54.5700
1.3300	294.3333	54.5500
1.2900	294.5800	54.5400
1.2500	293.9833	54.5200
1.2000	293.0500	54.5000
1.1500	293.3367	54.4800
1.1100	293.7800	54.4600
1.0700	295.0367	54.4500
1.0300	293.4500	54.2700
0.9900	289.1200	54.2000
0.9500	290.5233	53.8200
0.9000	292.4167	42.1200
0.8600	293.2167	42.1100
0.8400	292.5633	42.1000
0.8300	291.2667	42.0900
0.8100	289.7733	42.0500
0.8000	289.3467	42.0400
0.7700	289.9433	42.0200
0.7500	290.1033	41.9600
0.8500	287.3800	41.9800
4.3400	283.9467	42.2800
13.4100	282.4133	42.3600
8.8300	282.4667	42.3500
5.9900	283.8300	42.2100
3.9600	285.3700	41.8900
2.6900	287.0200	41.7200
1.9500	286.4800	41.5800
1.4900	284.2900	42.1100
1.2600	284.2867	42.0100
1.1000	287.3433	41.7600
0.9700	289.9667	41.5200
0.8400	290.7267	42.0800
0.7500	289.6500	42.2400
0.6500	287.5967	42.1300
0.5800	280.9133	42.2800
0.5400	281.1067	42.0600
0.5000	285.0733	41.6600
0.4900	285.5733	42.1300
0.7300	287.1400	42.3800
0.9000	288.3667	42.3400
0.8800	290.3267	41.3100
0.8000	289.1133	19.2800
0.7600	283.7967	19.2900
1.0000	279.9900	19.3000
2.0400	278.6800	19.3000
2.5400	279.9233	19.3000
2.2100	282.7267	19.3000
1.7500	285.2233	19.3000
1.3700	284.6233	19.3000
1.1000	282.3633	19.3000
0.9000	283.6867	19.3000
0.7700	286.2400	19.3000
0.6600	284.4733	19.3000
0.5800	287.8267	19.3000
0.5300	287.6667	19.3000
0.5200	282.7867	19.3000
2.3400	280.0033	19.3000
3.4500	283.7333	19.3000
2.7500	285.7367	19.3000
2.0200	283.8500	19.2900
1.5100	282.5100	19.2900
1.1800	284.1700	19.2900
0.9500	285.3767	19.2700
0.7900	286.2900	19.2600
0.6800	286.0100	19.2500
0.6000	284.2933	19.2500
0.5400	280.5700	19.2500
2.0200	278.2167	19.3000
5.0600	277.1600	19.3000
6.9400	278.5133	19.3000
6.4400	278.2833	19.3000
4.3300	280.3367	18.9900
2.8900	282.3067	4.6300
2.0700	281.4567	4.6300
8.9300	277.0533	4.6300
16.7400	275.1933	4.6300
20.9300	275.1100	4.6300
14.5700	277.1000	4.6300
13.1400	277.5500	4.6300
53.7800	277.9533	4.6300
70.4300	278.9167	4.6300
28.6900	280.0800	4.6300
14.3400	280.2100	4.6300
9.9500	278.7433	4.6300
8.1000	279.3133	4.6300
6.1400	279.8467	4.6300
1.6000	278.8467	4.6300
1.2200	277.9533	4.6300
0.9900	279.1900	4.6300
0.8300	279.5700	4.6300
0.7100	282.7133	4.6300
0.6300	280.3967	4.6300
0.5800	280.8400	4.6300
0.5300	278.7900	4.6300
0.5000	279.6733	4.6300
0.4800	280.4167	4.6300
0.5700	281.0767	4.6300
14.9400	274.4833	4.6300
14.9400	273.5233	4.6300
7.6100	273.5933	4.6300
6.8900	274.0467	4.6300
22.5100	274.7200	4.5900
37.9600	276.3033	2.6400
108.6100	277.4867	2.6400
55.5100	274.9233	2.6400
21.6200	274.0933	2.6400
12.4500	274.1000	2.6400
9.5800	274.2500	2.6400
8.2300	274.8500	2.6400
7.8100	274.8467	2.6400
8.8400	274.5633	2.6400
9.2400	274.6000	2.6400
8.7800	274.1933	2.6400
7.8500	274.1833	2.6400
4.4900	274.4000	2.6400
1.8100	273.9233	2.6400
1.5900	273.5933	2.6400
1.4600	273.7633	2.6400
1.4400	274.0300	2.6400
1.9600	274.7100	2.6400
49.1900	276.5833	2.6400
109.6000	277.8900	2.6400
51.2300	278.7333	2.6400
73.8300	280.0333	2.6400
95.6000	280.0367	2.6400
55.4400	279.8600	2.6400
28.4600	279.8667	2.6400
50.0000	277.7967	2.6400
70.3500	275.3567	2.6400
108.4600	277.9800	2.6400
199.2000	277.2300	2.6400
141.2600	274.9967	2.6400
243.3700	278.6933	2.6200
295.4300	276.9800	1.9600
284.1500	275.5900	1.9600
241.5000	274.7567	1.9600
201.7000	274.2900	1.9600
180.5400	275.5333	1.9600
174.0000	276.9833	1.9600
156.8600	277.7400	1.9600
137.5900	275.1467	1.9600
129.2200	274.2267	1.9600
126.1500	274.9100	1.9600
120.5200	276.3167	1.9600
121.9800	275.4400	1.9600
99.2900	276.5433	1.9600
98.4900	276.8167	1.9600
124.1000	274.4900	1.9600
95.5400	273.5067	1.9600
91.2700	274.3000	1.9600
112.2500	274.7033	1.9600
104.1900	273.6367	1.9600
82.6000	273.3300	1.9600
73.8600	273.4033	1.9600
76.5600	273.5333	1.9600
72.1800	273.3333	1.9600
71.2500	273.7567	1.9600
68.1900	274.0767	1.9600
68.1700	274.4167	1.9600
68.3600	273.7700	1.9600
65.2900	273.4900	1.9600
72.2600	273.6967	1.9600
68.8100	274.3233	1.9600
100.5000	274.8100	1.9500
74.9200	274.8533	1.4500
88.5900	276.3967	1.4500
95.8500	276.8267	1.4500
75.7600	277.1600	1.4500
77.2700	275.2967	1.4500
59.7500	275.0433	1.4500
56.6400	276.2033	1.4500
57.6700	276.9200	1.4500
55.7600	277.0333	1.4500
51.2200	276.8833	1.4500
49.2600	276.8000	1.4500
48.1600	277.3533	1.4500
47.1300	277.4400	1.4500
45.8300	276.9533	1.4500
43.2600	275.1333	1.4500
41.1000	273.9267	1.4500
39.9800	273.5833	1.4500
39.6200	273.4600	1.4500
38.7800	273.3600	1.4500
37.2400	273.3200	1.4500
35.8400	273.3333	1.4500
37.5400	273.6033	1.4500
58.3200	274.4067	1.4500
52.4200	275.2367	1.4500
44.1300	275.7300	1.4500
37.2000	276.4900	1.4500
82.1300	277.2267	1.4500
371.4800	278.3433	1.4600
153.7400	275.6267	2.2000
72.8800	274.5533	2.2000
58.9100	273.8033	2.2000
61.0400	273.5067	2.2000
59.6800	273.5333	2.2000
110.0400	274.8933	2.2000
108.9600	274.2967	2.2000
75.2700	273.6067	2.2000
64.6300	273.7000	2.2000
62.4100	273.4800	2.2000
60.2300	273.4433	2.2000
58.6500	273.3933	2.2000
57.7100	273.3867	2.2000
56.0400	273.4267	2.2000
54.5900	273.4367	2.2000
55.4800	273.4667	2.2000
66.7700	273.5800	2.2000
80.1700	273.6467	2.2000
66.6000	273.5867	2.2000
60.6700	273.6400	2.2000
55.7000	273.8000	2.2000
56.4500	273.8467	2.2000
64.0000	274.8900	2.2000
76.8800	276.2867	2.2000
101.9300	276.4300	2.2000
115.6500	274.5700	2.2000
69.3300	274.5367	2.2000
57.1700	275.5000	2.2000
69.9300	274.8767	2.2000
60.9300	274.0700	2.2000
59.1200	274.7700	2.2900
74.0800	274.2167	6.4900
76.1000	273.7833	6.4900
138.1200	275.5267	6.4900
235.9600	276.5233	6.4900
135.7400	275.7767	6.4900
90.9400	275.0367	6.4900
86.1100	276.1600	6.4900
102.4000	276.8700	6.4900
95.4300	275.3367	6.4900
88.9300	275.4133	6.4900
90.8700	275.0667	6.4900
141.1400	276.2000	43.2700
173.1100	277.4500	185.1700
135.0100	279.2333	142.1300
138.9500	279.0400	145.3700
147.6600	275.4600	168.8000
173.4200	273.8833	189.6600
150.0500	273.7867	160.6000
152.4300	275.5133	159.0500
160.9300	279.1433	167.0100
148.9400	281.1433	156.1400
155.6500	280.9800	164.5900
167.3300	278.9800	178.1000
152.3700	279.0700	159.6700
148.4100	279.6267	154.4100
134.5600	280.9500	141.1900
120.0800	282.8800	126.0200
109.8200	284.4767	115.3300
101.4200	286.0333	107.4800
93.7800	286.6267	99.6300
85.8500	285.8967	90.7300
77.2200	285.0600	81.6800
69.7300	283.6433	73.7900
63.7600	283.3567	67.5500
58.6100	283.1867	62.1100
54.1700	283.5700	57.4900
50.4000	284.1167	53.4500
47.3000	284.2667	50.1900
44.1400	283.4000	46.8300
40.8800	283.4367	43.3400
37.7900	285.2000	40.1600
35.0300	286.9267	39.2900
32.6900	287.1567	39.2900
30.6600	287.2533	39.2900
28.7700	289.0067	39.2900
27.1200	290.5067	39.2900
25.7600	292.4533	39.2900
24.0900	293.3167	39.2900
21.9900	291.7567	39.2900
22.4700	287.1833	39.2900
27.1600	285.3833	39.2900
34.4400	283.5833	39.2900
31.9900	280.9367	39.2900
23.3900	281.1767	39.2900
18.6200	282.0933	39.2900
15.9100	282.9967	39.2900
17.4200	280.5067	39.2900
30.2900	278.0267	39.2900
28.5600	279.2667	39.2900
18.3800	281.6733	39.2900
14.3800	284.5333	39.4000
12.5500	286.8067	44.9000
11.6000	287.4067	44.9000
11.0600	287.8933	44.9000
10.9900	289.4067	44.9000
10.6800	289.9633	44.9000
10.2700	291.8300	44.9000
9.9400	290.8067	44.9000
9.7000	289.0967	44.9000
9.4900	287.8467	44.9000
9.3100	287.7700	44.9000
9.1400	288.3133	44.9000
8.9900	287.3200	44.9000
8.8600	285.0233	44.9000
9.8700	282.7433	44.9000
11.7000	284.0067	44.9000
10.7300	286.6667	44.9000
9.7000	289.7300	44.9000
9.0300	290.8933	44.9000
8.6200	289.6333	44.9000
8.3300	290.2533	44.9000
8.1300	290.9600	44.9000
7.9700	291.6733	44.9000
7.8400	294.5767	44.9000
7.7300	295.7967	44.9000
7.6300	297.1000	44.9000
7.5500	298.1733	44.9000
7.4800	298.5067	44.9000
7.7000	297.3600	44.9000
9.0600	294.5100	44.9000
9.7000	293.1000	45.8700
9.0100	293.3400	91.3800
8.2600	293.8067	91.3800
7.7600	293.8067	91.3800
7.4300	293.2700	91.3800
7.2100	292.2933	91.3800
7.0500	291.4833	91.3800
6.9300	291.2733	91.3800
6.8300	294.9767	91.3800
7.5800	295.6267	91.3800
9.6500	296.5500	91.3800
9.2300	295.9000	91.3800
8.3500	294.8100	91.3800
7.7000	294.7933	91.3800
7.2600	293.6567	91.3800
6.9700	294.7567	91.3800
6.7700	296.3167	91.3800
6.6300	297.1967	91.3800
6.5000	297.9367	91.3800
6.4100	298.3067	91.3800
6.3200	298.3200	91.3700
6.2600	299.1900	91.3700
6.2400	299.6467	91.3800
6.2700	300.0733	91.3800
6.2700	300.1167	91.3800
6.2500	299.8300	91.3800
6.2400	300.0033	91.3800
6.2200	299.6033	91.3800
6.1600	298.1000	91.3800
6.0900	296.3567	91.3800
6.0300	294.3100	91.3800
5.9900	293.1267	91.4600
5.9500	291.6833	95.5200
5.9100	292.8733	95.4000
5.8700	294.2467	95.3600
5.8400	293.0733	95.2600
5.8100	293.6967	95.2300
5.7800	293.6400	95.2000
5.7600	293.2733	95.0900
5.7400	289.6600	95.2300
5.7200	290.7233	95.2200
5.7100	293.8633	95.0400
3.9400	292.3967	95.0000
0.5300	290.8767	94.9900
0.5200	291.3600	94.9700
0.4900	292.6700	94.9500
0.4600	291.6033	94.9300
0.4500	290.1900	94.8900
0.4200	288.8033	94.8800
0.4000	291.3867	94.8500
0.3800	293.6433	94.8300
0.3600	293.7200	94.8200
0.3400	292.6733	94.8100
0.3200	292.1933	94.7900
0.3100	292.1033	94.7500
0.2900	291.6133	94.5100
0.2800	290.9200	94.2200
0.2600	289.9467	94.4200
0.2500	291.9233	94.1400
0.2200	294.5233	93.8500
0.2100	293.1533	93.5300
0.2000	290.5400	93.4500
0.1900	289.2867	92.9200
0.1800	292.3433	73.2200
0.1700	294.3000	73.2500
0.1800	293.7800	73.2400
0.1700	293.6867	73.2700
0.1800	294.3500	73.2300
0.1700	294.8267	73.1700
0.1600	293.1533	73.0800
0.1600	293.3633	72.9900
0.1600	289.9233	73.0400
0.1500	288.9400	73.0700
0.1500	293.1867	72.9600
0.1500	295.0567	72.8600
0.1500	295.3700	72.7800
0.1300	290.7600	72.7400
0.1300	281.9000	72.9000
0.1300	278.9600	73.4200
0.1400	284.0200	73.4100
0.1400	289.2700	73.2400
0.1400	288.0867	73.0300
0.1400	282.1167	72.8500
0.1400	285.6233	72.7500
0.1400	282.3967	72.0900
0.1300	282.1233	71.5900
0.1300	284.3667	71.5900
0.1300	286.3267	71.5800
0.1300	288.6167	71.5800
0.1200	290.5667	71.5800
0.1200	291.5400	71.5800
0.1200	291.4967	71.5800
0.1200	289.9367	70.7900
0.1300	286.9967	33.5400
0.1300	284.6833	33.6000
0.1500	283.9633	33.6500
0.1700	282.2067	33.6400
0.2700	281.7500	33.6500
0.7100	280.6900	33.6700
1.2600	284.0100	33.6700
1.7400	284.2267	33.6700
1.7000	285.2200	33.6700
1.4300	282.3367	33.6700
1.1500	282.7533	33.6700
0.9300	284.6333	33.6700
0.7600	285.5100	33.6700
0.6400	286.3967	33.6700
0.5500	286.0400	33.6600
0.4800	282.0567	33.6600
0.5300	277.2433	33.6700
0.7700	277.4900	33.6500
0.8800	281.1100	33.6300
0.8500	283.0133	33.6300
0.7400	282.9767	33.6700
0.6400	283.8667	33.6500
0.5500	286.6433	33.6300
0.4700	286.2433	33.6300
0.4300	279.4467	33.6200
0.3800	277.6567	33.6200
0.3500	280.4433	33.6000
0.3100	282.4333	33.5900
0.2800	284.0700	33.5900
0.2700	281.1500	33.5800
0.2600	279.5800	32.9900
0.2500	280.3733	8.0800
0.2900	280.1067	8.0900
7.5500	279.4067	8.0900
11.3500	278.8700	8.0900
7.0500	280.2967	8.0900
4.3300	282.2133	8.0900
2.8400	283.9233	8.0900
2.1600	283.5700	8.0900
3.6900	280.0100	8.0900
3.9500	278.0567	8.0900
3.0700	278.2033	8.0900
5.6100	275.8100	8.0900
7.6000	275.7667	8.0900
25.3100	276.6667	8.0900
28.4700	277.1567	8.0900
14.8900	278.9133	8.0900
9.8000	278.6567	8.0900
6.4500	278.8200	8.0900
4.0600	279.8400	8.0900
2.6900	280.8533	8.0900
7.6000	280.2067	8.0900
26.2900	277.9633	8.0900
18.5500	276.0567	8.0900
12.6500	274.9200	8.0900
6.8400	274.8033	8.0900
4.5500	274.6600	8.0900
4.3700	274.3600	8.0900
5.9300	273.7033	8.0900
4.7900	273.4600	8.0900
3.3200	273.5300	8.0100
4.4600	274.4833	4.6000
5.9800	274.0700	4.6000
4.7600	273.9200	4.6000
3.9600	274.5967	4.6000
4.9200	276.7133	4.6000
4.5000	276.3000	4.6000
3.0300	276.2100	4.6000
1.9300	277.6900	4.6000
1.5500	277.6533	4.6000
11.4500	276.0100	4.6000
22.2400	274.2933	4.6000
17.5700	275.3867	4.6000
24.8200	276.9867	4.6000
40.0300	278.9000	4.6000
24.1900	278.1933	4.6000
16.5500	275.5600	4.6000
9.1200	274.6467	4.6000
5.4500	274.1533	4.6000
3.5700	273.7900	4.6000
2.4500	273.6900	4.6000
2.1900	274.5067	4.6000
9.2100	274.4833	4.6000
12.0600	273.9833	4.6000
9.5500	275.2833	4.6000
9.8600	276.4667	4.6000
8.1400	276.8367	4.6000
36.0900	276.5800	4.6000
46.3500	274.3033	4.6000
21.6700	273.7233	4.6000
12.8600	273.8767	4.6000
10.0000	274.3967	4.5800
9.9800	274.5500	3.4300
10.4800	274.7767	3.4300
8.4500	276.8100	3.4300
5.9600	275.7500	3.4300
8.8800	273.6767	3.4300
6.5300	273.5300	3.4300
7.8600	273.8333	3.4300
9.8300	274.9133	3.4300
9.5500	275.0600	3.4300
9.1100	275.7033	3.4300
6.6500	274.4867	3.4300
4.0100	273.5233	3.4300
2.6300	273.3600	3.4300
1.8900	273.2767	3.4300
1.4800	273.2000	3.4300
1.2400	273.1633	3.4300
1.1600	273.2700	3.4300
1.2600	273.2467	3.4300
1.3700	273.6200	3.4300
1.5900	273.8867	3.4300
1.3900	273.4833	3.4300
1.2000	273.4833	3.4300
1.0800	274.2233	3.4300
1.0300	274.9333	3.4300
0.9800	275.2267	3.4300
0.9600	275.1400	3.4300
0.9400	275.2467	3.4300
0.9300	274.7033	3.4300
0.9300	274.5567	3.4300
0.9300	275.0067	3.4300
0.9400	274.7433	3.4100
0.9600	274.5433	2.5300
0.9700	274.6900	2.5300
0.9900	276.2500	2.5300
1.0000	278.5200	2.5300
1.1000	279.2200	2.5300
1.4400	279.4167	2.5300
1.5000	278.5867	2.5300
6.3600	276.1333	2.5300
33.9900	276.8300	2.5300
83.8800	277.5867	2.5300
100.2000	277.4333	2.5300
57.3300	275.6167	2.5300
25.4300	274.9400	2.5300
15.3800	274.9700	2.5300
15.0200	276.0833	2.5300
13.0700	276.9133	2.5300
10.7900	277.6233	2.5300
9.9800	278.5133	2.5300
9.7200	275.3433	2.5300
9.7500	275.2600	2.5300
9.8300	274.9367	2.5300
11.5100	274.4833	2.5300
22.1600	273.6333	2.5300
20.3200	273.4333	2.5300
18.0700	273.5233	2.5300
19.0600	273.4200	2.5300
15.9100	273.4433	2.5300
13.7000	273.4733	2.5500
10.9500	273.4967	3.8300
7.1600	273.7700	3.8300
7.6100	274.3267	3.8300
19.5200	274.7133	3.8300
30.4600	276.2467	3.8300
49.1300	277.4333	3.8300
51.9200	277.9433	3.8300
44.1400	276.8467	3.8300
38.1400	276.9900	3.8300
35.3200	277.0367	3.8300
40.3400	279.3633	3.8300
49.8600	282.4567	3.8300
43.4400	283.5800	3.8300
29.2200	283.4100	3.8300
20.4600	282.3267	3.8300
18.7000	283.2800	3.8300
18.7700	284.4167	3.8300
19.1400	283.2900	3.8300
19.5200	281.3800	3.8300
19.9100	279.1567	3.8300
27.3300	276.0033	3.8300
25.9300	276.7300	3.8300
22.3500	279.7333	3.8300
21.2600	281.6900	3.8300
20.9400	281.8300	3.8300
16.5100	278.9033	3.8300
36.6500	274.8500	3.8300
38.4500	273.9500	3.8300
29.3100	274.5800	3.8300
25.1100	277.0600	3.8300
18.5500	278.9033	3.9900
16.7800	279.8433	11.3300
16.3200	279.2967	11.3300
16.0200	280.7500	11.3300
15.6300	282.3067	11.3300
15.4300	283.3067	11.3300
15.2800	286.1633	11.3300
15.0900	283.9900	11.3300
14.8900	280.1500	11.3300
14.5400	279.2167	11.3300
15.0200	276.6333	11.3300
15.1000	276.8700	11.3300
21.4300	274.2200	11.3300
21.2900	275.3267	11.3300
19.9100	277.6167	11.3300
28.1700	277.0433	11.3300
22.5200	277.4733	11.3300
16.0800	279.7833	11.3300
17.3400	277.2200	11.3300
22.8900	275.6100	11.3300
19.4200	275.1767	11.3300
17.3500	276.4633	11.3300
22.4200	276.2800	11.3300
37.0100	275.9700	11.3300
37.2100	278.8300	11.3300
25.6800	281.2067	11.3300
18.2600	281.3767	11.3300
13.0200	283.4933	11.3300
12.5100	286.0433	11.3300
12.4000	287.1833	11.3300
12.1900	286.6700	11.5600
11.9500	283.9767	22.2300
16.9900	280.2967	22.2300
36.0800	276.6167	22.2300
25.8500	276.2533	22.2300
20.4300	276.4567	22.2300
16.6500	278.2000	22.2300
13.7900	282.0367	22.2300
12.3400	285.0900	22.2300
11.6700	286.5633	22.2300
11.2900	286.8067	22.2300
11.0000	285.4000	22.2300
10.7500	284.6767	22.2300
10.5100	282.7833	22.2300
10.2600	283.8733	22.2300
9.9700	286.3000	22.2300
9.6300	288.0600	22.2300
9.3100	286.9633	22.2300
9.0300	286.6333	22.2300
8.7400	286.2000	22.2300
8.4800	285.5967	22.2200
8.1700	282.3633	22.2200
7.8400	280.7467	21.9400
7.4900	281.3300	21.6100
7.1500	284.5833	21.5800
6.8800	286.5100	21.5800
6.6400	287.3400	21.5800
6.4300	288.0333	21.5800
6.2200	286.4167	21.5800
6.0100	287.3767	21.5800
5.8100	289.7833	21.5800
5.6200	290.8500	21.6400
5.4600	292.6267	24.5900
5.3400	292.0167	24.5900
5.1900	290.6633	24.5900
5.0300	289.8867	24.5900
4.8800	286.5300	24.5900
8.2700	279.5133	24.5900
10.9300	278.0467	24.6000
8.2600	281.4700	24.5900
6.2600	285.5300	24.5900
5.2600	287.7133	24.5900
4.6900	286.5867	24.5900
4.3100	287.7133	24.5900
4.0400	289.8267	24.5900
3.8500	290.9300	24.5900
3.6900	291.2433	24.5900
3.5700	291.7267	24.5900
3.4500	289.1767	24.5900
3.3400	289.9300	24.5900
3.2200	292.0433	24.5900
3.1100	291.2133	24.5900
3.0200	290.8767	24.5900
2.9200	291.4000	24.5900
2.8500	290.6000	24.5900
2.7600	288.5967	24.5900
2.6900	286.9933	24.5900
2.5900	290.5000	24.5900
2.5200	291.4667	24.5900
2.4400	290.4967	24.5900
2.3700	289.2300	24.5900
2.3200	289.0400	25.1000
2.2600	290.2667	48.5400
2.1500	290.4467	48.2900
2.0300	292.2867	48.2900
1.9400	295.7967	48.2900
1.8600	299.0733	48.5000
1.7800	299.2633	48.4500
1.7200	298.1867	48.4700
1.6600	297.0500	48.4900
1.6000	297.8467	49.0000
1.5600	297.5300	49.9600
1.5100	297.7600	49.9800
1.4700	295.8033	49.9900
1.4700	294.3267	49.9800
1.4400	294.8500	49.9700
1.3900	294.5233	49.9700
1.3500	294.2000	49.9700
1.2900	293.3467	49.9600
1.3100	290.4833	49.9800
11.1300	286.0400	50.0000
10.4600	288.8433	50.0000
5.8300	290.1233	50.0000
3.6800	291.7600	50.0000
2.6500	293.5600	50.0000
2.0700	294.4433	50.0000
1.7100	294.9400	49.9900
1.4600	295.0600	49.9800
1.2800	295.8133	49.9800
1.1500	295.9400	49.9700
1.0500	295.7800	49.9600
0.9600	296.0833	49.9300
0.9000	296.9167	49.7700
0.8300	297.8233	51.6300
0.7700	298.3100	51.4900
0.7300	298.0467	51.5300
0.6900	296.2267	52.0600
0.6500	292.4567	51.8000
0.6200	288.9767	51.4100
0.5900	288.2000	51.2400
0.5700	290.1633	51.0700
0.5300	291.8567	50.8900
0.5100	291.2133	50.5500
0.5000	292.2200	50.5500
0.4700	290.7867	50.5500
0.4500	290.9067	50.5500
0.4100	293.4900	50.5500
0.3900	294.1667	50.5400
0.3800	292.2367	50.5100
0.3500	290.2100	50.4800
0.3300	289.9200	50.4900
0.3100	289.3933	50.4900
0.3000	289.7967	50.4400
0.3000	293.2800	50.2900
0.2900	293.9400	50.2600
0.2800	293.7533	50.2400
0.2600	295.2933	50.2200
0.2400	296.2333	50.2800
0.2300	293.7333	50.2700
0.2200	293.0533	50.2000
0.2100	294.1433	50.1500
0.2000	296.2967	50.1300
0.1900	296.8500	50.1800
0.1800	295.5633	50.1600
0.1800	294.8600	39.7800
0.1900	294.3000	39.7000
0.1900	294.5633	39.6200
0.1900	291.7933	39.1900
0.1900	286.3500	39.1300
0.3200	290.1067	39.1300
0.4500	293.3967	39.1300
0.4700	292.3733	39.1300
0.4500	292.8933	39.1300
0.4000	292.6733	39.1300
0.3400	292.7700	39.1300
0.3000	294.0233	39.1300
0.2700	288.4400	39.0800
0.2400	283.3700	38.9300
0.2200	284.7833	38.9300
0.2000	285.9000	38.9600
0.1900	286.4333	38.8700
0.1800	286.7700	38.6900
0.1700	284.5600	38.5300
0.2100	283.0567	39.4700
1.0300	288.3400	39.7600
1.4800	288.2667	39.9200
1.6000	284.0800	40.5100
6.0900	281.4967	40.5100
5.7900	282.1567	40.5100
3.8100	284.1200	40.5100
2.5100	286.4600	39.9300
1.7200	285.4767	39.1400
1.7400	279.8533	39.2700
3.7700	281.0200	38.8200
4.3600	284.1600	18.4400
6.8300	283.5833	18.4400
5.6700	285.3267	18.4400
3.7700	283.6500	18.4400
3.8800	280.9033	18.4400
8.6100	277.7400	18.4400
9.5800	278.4933	18.4400
8.0900	281.3667	18.4400
4.9000	282.8400	18.4400
4.5700	282.1200	18.6800
19.5900	279.7600	19.0500
12.9800	280.3633	19.0500
7.7400	279.8633	19.0500
5.8600	281.8333	19.0500
4.8100	282.2600	19.0500
3.5800	280.4833	19.0500
3.8700	278.4767	19.0500
4.7600	277.4900	19.0500
4.5700	280.1467	19.0500
11.6400	278.4867	19.0500
16.3600	276.5367	19.0500
8.5200	278.3600	19.0500
4.7600	281.5433	18.9300
2.9400	283.7467	18.4800
1.9700	284.6867	18.4400
1.4100	283.5300	18.4400
1.0500	283.8133	18.4400
0.8400	284.8733	18.4400
0.6800	285.0733	18.4400
1.7800	282.1567	18.6500
9.4100	280.3100	18.3700
7.8900	280.6433	4.5800
5.0900	280.7300	4.5800
10.8400	281.4333	4.5800
10.7300	281.4167	4.5800
7.6800	282.5000	4.5800
4.7300	282.7467	4.5800
3.0200	283.1400	4.5800
2.0500	283.6867	4.5800
1.4800	283.0700	4.5800
1.1300	281.0967	4.5800
0.8900	279.9900	4.5800
0.7400	277.5000	4.5800
0.6100	281.1300	4.5800
0.5400	280.8467	4.5800
6.3100	283.0233	4.5800
10.0300	282.1033	4.5800
6.4800	282.1567	4.5800
4.3000	281.9700	4.5800
3.0800	281.4900	4.5800
2.2500	278.7000	4.5800
1.6800	275.9533	4.5800
1.2900	275.5833	4.5800
1.0200	275.0867	4.5800
1.4300	275.5133	4.5800
3.4900	277.1600	4.5800
3.5100	276.4933	4.5800
2.4400	276.9933	4.5800
1.7000	275.1333	4.5800
1.2400	276.2800	4.5800
0.9400	274.7667	4.5400
0.7600	273.6267	2.6000
0.6300	273.2433	2.6000
0.5800	276.6567	2.6000
0.6200	281.5367	2.6000
0.6900	280.1867	2.6000
0.7000	277.5600	2.6000
5.8900	275.1400	2.6000
12.3500	273.7300	2.6000
8.0400	273.4400	2.6000
5.3500	273.5333	2.6000
10.1300	273.4033	2.6000
10.5600	273.2733	2.6000
6.9400	273.4333	2.6000
4.4700	273.4633	2.6000
2.8200	273.6733	2.6000
1.9600	273.6733	2.6000
1.6000	273.8033	2.6000
1.5700	274.3133	2.6000
2.1400	273.7633	2.6000
1.6200	273.8500	2.6000
1.1400	273.1500	2.6000
1.0800	273.5400	2.6000
13.1200	275.8433	2.6000
57.4400	277.1700	2.6000
56.4100	275.0233	2.6000
24.7600	274.0367	2.6000
13.2900	273.7267	2.6000
9.5300	273.6467	2.6000
7.8900	273.7833	2.6000
7.1800	274.0600	2.6000
7.0800	273.6700	2.5900
6.5000	273.5867	1.9400
2.4400	274.6500	1.9400
2.3700	274.8633	1.9400
8.0300	275.5300	1.9400
88.7500	275.2300	1.9400
51.3100	273.9767	1.9400
21.0300	273.6033	1.9400
12.3200	273.5467	1.9400
10.1500	273.5300	1.9400
10.9800	273.8633	1.9400
24.4300	274.8133	1.9400
25.0100	274.4733	1.9400
31.7700	274.9067	1.9400
27.9300	274.6833	1.9400
23.0200	275.3267	1.9400
15.9500	274.4333	1.9400
10.6300	274.0000	1.9400
8.7300	273.9600	1.9400
10.6500	274.0967	1.9400
13.1000	274.0867	1.9400
10.7600	273.4467	1.9400
8.1600	273.3833	1.9400
7.0200	273.3433	1.9400
6.4900	273.3600	1.9400
6.1900	273.4967	1.9400
22.7300	274.5667	1.9400
70.7800	274.7967	1.9400
69.0600	274.3733	1.9400
35.5500	273.6933	1.9400
16.3200	273.4933	1.9400
10.7000	273.5333	1.9300
10.1000	273.5700	1.4300
10.5700	273.4600	1.4300
9.1200	273.5033	1.4300
8.1000	273.4700	1.4300
7.4200	273.4733	1.4300
6.9700	273.7533	1.4300
6.6800	274.3667	1.4300
8.5100	274.2400	1.4300
14.5800	274.2733	1.4300
20.1200	274.8867	1.4300
23.7600	277.2633	1.4300
22.6300	277.0667	1.4300
22.6300	277.3100	1.4300
17.3800	275.8167	1.4300
11.7200	275.0267	1.4300
10.2100	275.1600	1.4300
12.4400	275.8733	1.4300
13.7600	275.7500	1.4300
11.8700	275.0200	1.4300
9.6500	274.8200	1.4300
9.5800	274.0700	1.4300
11.9600	273.7400	1.4300
16.6000	273.6400	1.4300
19.0800	273.7100	1.4300
54.3300	274.5033	1.4300
42.1200	274.2533	1.4300
24.5300	274.5967	1.4300
17.3900	275.5800	1.4400
14.1800	277.1033	2.1700
15.1100	275.3533	2.1700
13.8200	274.6300	2.1700
12.6300	275.4000	2.1700
12.5700	275.3233	2.1700
11.9900	275.2833	2.1700
11.4700	276.2767	2.1700
12.8500	278.2133	2.1700
15.2700	276.9433	2.1700
15.6700	277.4267	2.1700
24.2300	278.7733	2.1700
25.3200	278.7633	2.1700
24.1500	278.9567	2.1700
39.0100	276.7167	2.1700
31.1400	274.7000	2.1700
21.5500	274.0800	2.1700
17.2700	274.2533	2.1700
15.8300	276.2467	2.1700
23.3400	276.9433	2.1700
33.5700	275.7900	2.1700
28.8800	275.6867	2.1700
18.3500	276.4767	2.1700
18.9300	278.1400	2.1700
28.2500	278.6567	2.1700
32.6400	278.3667	2.1700
33.5700	277.4133	2.1700
23.2200	276.4433	2.1700
15.9600	276.3967	2.1700
14.1500	274.6667	2.1700
17.6500	274.7833	2.1700
18.1300	274.5600	2.2600
16.1400	275.1367	6.4100
22.7400	276.2067	6.4100
27.4400	277.5900	6.4100
24.5200	278.2667	6.4100
20.0000	276.1967	6.4100
17.2900	276.3833	6.4100
18.1600	275.2933	6.4100
19.7300	275.0667	6.4100
16.3600	274.9067	6.4100
15.9600	275.8400	6.4100
17.5400	277.7000	6.4100
22.4100	280.2667	6.4100
26.6600	284.0867	6.4100
30.4000	284.1467	6.4100
31.8800	277.3233	6.4100
27.0100	275.4033	6.4100
43.4900	277.7100	6.4100
54.2500	281.0100	6.4100
44.2800	278.6467	6.4100
41.0100	274.4900	6.4100
38.7600	273.8000	6.4100
36.4400	274.7733	6.4100
35.6000	274.6400	6.4100
41.3400	274.8100	6.4100
37.4500	276.9433	6.4100
30.6700	279.3300	6.4100
26.5400	281.9067	6.4100
23.9100	283.9567	6.4100
22.1800	283.5633	6.4100
20.7500	280.2267	6.6100
19.3900	277.6867	15.8900
17.9200	277.9500	15.8900
16.7500	280.5533	15.8900
15.8900	281.1467	15.8900
15.2000	282.9533	15.8900
14.6500	285.1700	15.8900
13.9500	283.3567	15.8900
13.2200	281.2333	15.8900
12.4800	281.0200	15.8900
11.8400	281.5567	15.8900
11.3200	283.4633	15.8900
10.8700	279.8833	15.8900
10.2800	280.1867	15.8900
9.7500	283.3000	15.8900
9.6300	285.7033	15.8900
9.7600	288.9167	15.8900
9.0900	292.2033	15.8900
8.1700	292.2633	15.8900
7.5600	291.5933	15.8800
7.1300	291.0333	15.8800
6.8700	283.5367	15.8900
6.6000	279.2667	15.8900
6.1000	279.3833	15.8900
11.4000	279.5633	15.8900
27.7500	278.9700	15.8900
25.2200	280.4067	15.8900
23.6200	280.4033	15.8900
19.0300	280.6567	15.8900
16.4400	281.0167	15.8900
12.8200	282.1800	15.8900
7.8000	284.7033	15.9400
6.1100	285.4933	18.1600
5.0900	286.2167	18.1600
4.4800	285.5967	18.1600
4.1200	282.9567	18.1600
3.9000	281.6433	18.1600
3.7100	283.1800	18.1600
3.5200	281.2967	18.1600
3.3800	282.9800	18.1600
3.2300	286.3600	18.1600
3.1100	285.9867	18.1600
3.0100	282.4367	18.1600
2.9100	284.1767	18.1600
2.8200	287.1533	18.1500
2.7200	290.6267	18.1400
2.6400	290.6767	18.1300
2.5800	290.8467	18.1200
2.5300	290.4933	18.1000
2.4500	289.6300	18.0900
2.4000	289.8033	18.0900
2.3300	291.4500	18.0800
2.2800	292.3900	18.0800
2.2700	291.5667	18.1500
2.4000	290.8967	18.1600
2.3700	291.2600	18.1600
2.2600	292.4533	18.1600
2.1400	291.3367	18.1600
2.0400	292.6900	18.1600
1.9600	295.2833	18.1400
1.8900	295.4500	18.1400
1.8300	294.0800	18.5100
1.7600	293.2133	35.7400
1.6600	294.0600	35.7400
1.5800	293.2967	35.7400
1.4800	291.8067	35.7400
1.4300	291.5400	35.7400
1.3800	293.1567	35.7400
1.3400	294.8633	35.7400
1.2900	295.9567	35.7400
1.2300	296.8667	35.7400
1.1800	297.9033	35.7400
1.1400	296.3333	35.7400
1.0900	296.2200	35.7400
1.0500	297.0200	35.7400
1.0200	296.6767	35.7400
0.9800	295.0900	35.7400
0.9600	294.7233	35.7400
0.9200	294.5500	35.7400
0.8900	294.3767	35.7400
0.8600	295.0333	35.7400
0.8400	295.8567	35.7400
0.8100	295.5633	35.7400
0.7800	293.4033	35.7400
0.7500	293.5500	35.7400
0.7200	294.4800	35.7400
0.6900	295.3133	35.7400
0.6600	295.1100	35.7400
0.6300	294.3867	35.7400
0.6100	291.6767	35.7400
0.5800	293.0200	35.7400
0.5600	291.2633	35.7400
0.5400	292.9800	35.7800
0.5200	292.7200	37.4200
0.5000	292.3033	37.4200
0.4700	292.4767	37.4200
0.4500	293.3567	37.4200
0.4300	293.5133	37.4100
0.4000	295.0400	37.3300
0.4300	295.2533	37.4200
0.5300	292.9900	37.4100
0.5500	289.6500	37.3500
0.5200	290.2900	37.3100
0.4600	292.0133	37.2700
0.4200	294.9633	37.2300
0.3800	295.1267	37.2000
0.3400	297.4667	37.1600
0.3100	298.5867	37.1200
0.2900	298.5767	37.1000
0.2800	298.4500	37.2100
0.3800	294.1200	37.2800
0.4800	288.5867	37.2700
0.5100	288.6267	37.1700
0.4700	290.5200	37.0800
0.4300	292.0967	37.0100
0.3800	294.6767	36.9500
0.3300	295.5367	36.9200
0.3100	292.9800	36.9000
0.2700	289.4533	36.8700
0.2400	292.4767	36.8100
0.2100	293.4467	36.7700
0.1900	294.7933	36.7500
0.1800	295.4267	36.7400
0.1600	288.1167	36.5600
0.1400	281.9500	28.5500
0.1300	285.9167	28.5300
0.1300	289.5967	28.5300
0.1200	292.1900	28.5300
0.1200	292.5033	28.5000
0.1200	293.2500	28.5000
0.1100	294.0767	28.5000
0.1100	293.6033	28.4800
0.1100	291.8800	27.9400
0.1000	289.7267	27.9400
0.1000	290.3133	27.9400
0.1000	291.9733	27.9400
0.1000	292.3233	27.9300
0.0900	293.4233	27.9000
0.0900	294.6900	27.8800
0.0900	294.2800	27.8700
0.0900	293.4100	27.8700
0.0900	289.8367	27.9200
0.0800	288.2633	27.9200
0.0800	284.3000	27.9600
0.0900	284.3767	27.9600
0.0900	283.4433	27.9700
0.1100	285.8800	27.9700
0.1500	289.0067	27.9700
0.1600	289.0400	27.9700
0.1600	289.5500	27.9700
0.1500	290.4033	27.9700
0.1300	291.3967	27.9600
0.1200	293.0600	27.9300
0.1100	291.6667	27.6400
0.1200	290.4233	13.1800
0.1400	288.5867	13.1800
0.1700	283.9167	13.1800
20.9600	281.1933	13.4700
39.8500	279.8133	13.6200
22.0000	280.9967	13.6200
12.9800	283.9333	13.6200
5.0000	284.3867	13.6200
2.9500	283.3533	13.6200
1.9700	280.8200	13.4900
1.4100	277.2067	13.2000
1.0600	276.6733	13.1800
0.8300	277.4833	13.1800
0.6600	282.2167	13.1800
0.5600	285.5000	13.1800
0.4800	285.7100	13.1800
0.4200	287.7567	13.1800
0.3600	287.3933	13.1800
0.3300	284.3800	13.1800
0.3000	283.6733	13.1800
0.2800	280.3800	13.1800
0.2700	281.5567	13.1800
0.2400	284.6300	13.1600
0.2300	287.4000	13.1400
0.2100	286.9100	13.1400
0.2100	287.6467	13.1400
0.2000	286.9233	13.1300
0.2000	288.2500	13.1200
0.1800	285.8967	13.1200
0.1800	285.1467	13.1200
2.4000	282.5333	13.2100
30.8100	280.6667	3.2700
101.0400	280.4100	3.2700
66.7600	278.0667	3.2700
44.3800	276.0767	3.2700
32.8500	274.5900	3.2700
17.0300	276.0767	3.2700
13.4900	278.2733	3.2700
11.2300	279.6533	3.2700
8.9500	278.4700	3.2700
8.6800	277.5600	3.2700
8.0800	277.8133	3.2700
7.3500	280.4967	3.2700
6.8800	280.8533	3.2700
6.5500	281.0000	3.2700
2.7100	281.2667	3.2700
1.0100	283.2133	3.2700
0.8200	284.0933	3.2700
0.6900	283.7700	3.2700
0.6000	282.4733	3.2700
0.5300	279.5933	3.2700
0.4900	276.1700	3.2700
0.4600	277.7800	3.2700
0.4500	277.2567	3.2700
0.4400	277.4633	3.2700
0.4300	278.9000	3.2700
0.4100	279.8233	3.2700
0.4000	280.2800	3.2700
0.4100	278.0667	3.2700
0.4100	279.6133	3.2700
0.4000	281.3100	3.2400
0.4000	282.1267	1.8600
0.4000	280.0967	1.8600
0.3900	277.0900	1.8600
0.3900	276.8033	1.8600
0.3900	275.3000	1.8600
0.3900	276.3333	1.8600
0.3900	278.0667	1.8600
0.4000	275.9033	1.8600
0.3900	274.2567	1.8600
0.3800	276.2767	1.8600
0.3800	278.0967	1.8600
0.3800	277.1300	1.8600
0.3800	276.0700	1.8600
0.4300	273.1500	1.8600
0.4900	273.1500	1.8600
0.5300	273.1500	1.8600
0.5300	273.1500	1.8600
0.5300	273.1500	1.8600
0.5200	273.1500	1.8600
0.5200	273.1500	1.8600
0.5200	273.9500	1.8600
8.8000	274.0433	1.8600
13.8700	273.3400	1.8600
7.7900	273.3600	1.8600
6.1800	273.4967	1.8600
6.2000	273.3500	1.8600
4.2900	273.3200	1.8600
3.4300	274.0800	1.8600
15.3300	275.7367	1.8600
28.0200	275.2300	1.8600
20.8300	275.0800	1.8500
13.4600	274.9933	1.3900
14.6300	275.8100	1.3900
28.1400	274.6133	1.3900
19.7700	273.6633	1.3900
12.6000	273.5500	1.3900
10.1100	274.3233	1.3900
18.0900	275.8467	1.3900
21.9900	276.7800	1.3900
16.9100	275.2400	1.3900
7.8800	274.8533	1.3900
5.4500	275.9733	1.3900
8.7100	276.7400	1.3900
13.6500	276.1700	1.3900
11.6900	277.9233	1.3900
7.2300	278.2867	1.3900
4.9200	277.6933	1.3900
4.2600	277.4567	1.3900
4.3000	275.9333	1.3900
4.2700	275.2500	1.3900
4.0400	274.8833	1.3900
4.1500	276.0333	1.3900
7.2600	276.9800	1.3900
22.9900	275.4533	1.3900
23.2500	275.7600	1.3900
30.7200	275.4133	1.3900
26.4400	273.9267	1.3900
15.7400	273.5667	1.3900
9.5500	274.0933	1.3900
9.8100	274.1700	1.3900
8.3300	274.7300	1.3900
6.9100	275.6367	1.3800
5.8500	275.8167	1.0200
4.4700	276.4833	1.0200
5.3200	277.9967	1.0200
7.3000	278.4800	1.0200
8.1800	277.7400	1.0200
6.5000	275.4200	1.0200
7.6000	274.9633	1.0200
7.3000	274.7300	1.0200
5.0600	274.4800	1.0200
3.6500	274.1800	1.0200
2.8800	273.9933	1.0200
2.4300	273.4900	1.0200
2.2900	273.5000	1.0200
2.3200	273.7033	1.0200
2.3200	273.5067	1.0200
2.6700	273.6033	1.0200
7.5000	273.6100	1.0200
9.1600	273.4567	1.0200
7.7200	273.6533	1.0200
9.3000	274.0633	1.0200
13.8100	274.7367	1.0200
20.0500	276.6500	1.0200
157.0200	277.4767	1.0200
118.4600	276.1833	1.0200
55.1400	275.2433	1.0200
25.4200	274.5933	1.0200
20.2100	274.2033	1.0200
17.3400	275.0300	1.0300
23.1200	277.3100	1.5500
150.8300	277.6567	1.5500
103.8300	275.5700	1.5500
55.3400	274.1500	1.5500
43.7200	273.5267	1.5500
41.6400	273.4867	1.5500
40.5800	273.5267	1.5500
42.6200	273.9300	1.5500
45.0100	273.8800	1.5500
42.0300	273.5867	1.5500
39.1800	273.8933	1.5500
44.3000	274.8733	1.5500
41.6300	275.8200	1.5500
39.6000	276.7567	1.5500
41.6300	276.3600	1.5500
48.4800	275.8567	1.5500
61.8700	276.3000	1.5500
60.3400	277.4367	1.5500
57.4900	279.3900	1.5500
62.4200	279.9500	1.5500
64.1300	279.8233	1.5500
61.0800	276.6567	1.5500
47.7600	274.3633	1.5500
43.4200	273.9700	1.5500
47.4900	275.2167	1.5500
48.6400	276.1767	1.5500
47.9200	276.4833	1.5500
50.0100	278.6800	1.5500
55.0400	278.6933	1.5500
44.9300	276.0067	1.5500
45.3800	276.6367	1.6100
55.8500	276.9633	4.5800
48.6500	277.3367	4.5800
45.4900	276.3100	4.5800
44.3900	275.1100	4.5800
43.2200	275.7767	4.5800
41.9700	277.6833	4.5800
40.6000	279.8867	4.5800
39.1800	278.2333	4.5800
38.7500	276.2933	4.5800
40.1500	275.7167	4.5800
44.0700	275.8700	4.5800
39.6000	277.0967	4.5800
34.6200	278.7467	4.5800
32.1100	277.6400	4.5800
30.2300	275.6000	4.5800
28.7000	275.8533	4.5800
27.5400	277.8133	4.5800
26.5800	280.3067	4.5800
25.7400	282.8100	4.5800
24.8800	284.6233	4.5800
24.0700	287.2900	4.5800
23.2300	288.3067	4.5800
22.4300	287.1100	4.5800
18.4500	282.8167	4.5800
26.8900	279.1600	4.5800
23.4500	278.1933	4.5800
18.2000	278.0467	4.5800
16.0900	277.9800	4.5800
19.2800	277.5267	4.5800
17.1900	278.1400	4.8200
16.3900	279.9067	15.8800
60.7200	280.0067	15.8800
67.6900	279.0533	15.8800
53.3500	279.1100	15.8800
57.0400	279.8533	15.8800
53.1200	280.7133	15.8800
35.2800	280.9233	15.8800
26.4700	281.1500	15.8800
21.9600	282.0100	15.8800
20.4800	283.2467	15.8800
19.9100	284.4600	15.8800
19.5700	283.8600	15.8800
19.2800	282.6100	15.8800
18.9800	283.3967	15.8800
18.6900	284.2067	15.8800
18.3400	286.7800	15.8800
17.9600	290.2733	15.8800
17.5600	292.0967	15.8800
17.1800	291.6900	15.8800
16.8000	289.4733	15.8800
16.4600	289.2900	15.8800
16.0900	289.6367	15.8700
14.8400	290.2300	15.8700
11.3700	289.6700	15.8700
11.0000	289.6867	15.8700
10.7000	290.1267	15.8800
10.3500	291.0767	15.8800
11.9000	292.3700	15.8800
14.2000	292.9333	15.8800
13.1900	292.9233	15.8800
14.2500	291.5933	15.9200
12.9700	290.8100	18.1400
10.4400	290.2900	18.1400
11.3000	288.4400	18.1400
17.7700	287.3567	18.1400
32.4700	285.4533	18.1400
28.2300	283.2400	18.1400
21.7700	283.5800	18.1400
15.7600	284.7400	18.1400
12.8300	286.0867	18.1400
9.7300	286.5600	18.1400
9.7200	285.2100	18.1400
11.4700	284.9200	18.1400
11.6100	285.2967	18.1400
14.7500	284.6033	18.1400
14.7000	285.3667	18.1400
9.9600	286.6000	18.1400
7.4200	288.6067	18.1400
6.0700	289.5600	18.1400
5.3300	290.7633	18.1400
4.9000	290.3633	18.1400
5.7500	285.3067	18.1400
7.9700	283.7833	18.1400
6.5900	287.0667	18.1400
5.2400	290.6800	18.1400
4.5000	291.4700	18.1400
4.0900	290.7700	18.1400
3.8400	292.0000	18.1400
3.6400	294.9267	18.1400
3.4900	295.1100	18.1400
3.3700	294.4733	18.5000
3.2500	293.9133	35.7100
3.0800	294.2800	35.7100
2.9700	294.1767	35.7100
2.8600	294.1500	35.7100
2.7600	293.4567	35.7100
2.6700	290.7367	35.7100
2.5700	289.0100	35.7100
2.4800	288.3733	35.7100
2.4000	288.3533	35.7100
2.3200	289.0533	35.7100
2.2500	289.8667	35.7100
2.1700	289.7133	35.7100
2.1000	288.2533	35.7100
2.0300	290.6433	35.7100
1.9600	293.1633	35.7100
1.9000	294.6500	35.7100
1.8400	295.1967	35.7100
1.7700	296.9633	35.7100
1.7100	297.2800	35.7100
1.6600	298.3433	35.7100
1.6000	297.0300	35.7100
1.5500	295.9233	35.7100
1.5000	296.7167	35.7100
1.4500	296.9933	35.7100
1.4100	296.1467	35.7100
1.3600	296.4367	35.7100
1.3200	297.3267	35.7100
1.2600	297.7033	35.7100
1.5500	298.2067	35.7100
4.5100	297.3967	35.7100
6.0100	296.3367	35.7400
4.0600	296.7133	37.3800
2.7600	295.5167	37.3800
2.4300	294.2067	37.3800
2.2500	293.5633	37.3800
1.9100	291.9133	37.3800
1.6000	288.9933	37.3800
4.0800	284.4433	37.3800
7.6000	285.8733	37.3800
5.2700	288.4667	37.3800
3.4800	291.7067	37.3800
2.4500	294.3200	37.3800
1.8500	293.7867	37.3800
1.4700	293.4367	37.3800
1.2200	291.6000	37.3800
1.0600	290.0267	37.3800
0.9300	291.4367	37.3800
0.8200	293.1933	37.3800
0.7400	293.7267	37.3800
0.6800	296.0433	37.3800
0.6200	297.6833	37.3800
0.5700	296.9867	37.3700
0.5400	296.1767	37.3500
0.5100	294.1467	37.2000
0.4700	290.5733	37.2000
0.4500	290.8567	37.0900
0.4100	291.4200	37.0200
0.3800	292.5600	36.9600
0.3600	294.2433	36.9100
0.3300	294.3000	36.8700
0.3200	293.3733	36.8200
0.3100	291.5833	36.6300
0.3000	290.6600	28.6300
0.3100	292.5267	28.6100
0.3000	293.4400	28.6000
0.2900	292.8200	28.5900
0.2800	291.3233	28.5600
0.2700	287.4167	28.5600
0.2700	286.5433	28.5700
0.2700	288.7000	28.5500
0.2500	292.1267	28.5400
0.2400	293.6400	28.5200
0.2300	296.2667	28.5200
0.2200	296.7867	28.5200
0.2100	292.5533	28.5700
0.3300	286.0400	28.9500
2.4600	286.6133	29.4500
3.2700	290.7233	29.0800
2.5600	291.2467	28.8500
1.8400	292.4733	28.4700
1.3300	292.9133	27.9400
1.0000	291.4900	27.9100
0.7800	290.6867	27.9000
0.6200	290.7400	27.8900
0.4900	293.2967	27.8800
0.4100	294.9233	27.8800
0.3400	295.2367	27.8700
0.3000	295.2500	27.8700
0.2600	295.3633	27.8600
0.2300	294.1633	27.8600
0.2100	287.2133	27.8600
0.1800	278.0400	27.5500
0.1700	279.5433	13.1400
0.1800	283.2567	13.1400
0.1900	281.7133	13.1400
0.1900	276.2767	13.1400
0.1800	275.8467	13.1700
0.1900	278.2567	13.1700
0.2100	281.0633	13.1700
0.2100	284.5400	13.1700
0.2200	284.0533	13.1700
0.2200	284.0400	13.1700
0.2200	284.8467	13.1700
0.2200	282.9733	13.1700
0.9500	280.5833	13.2900
65.1000	280.3967	13.6100
57.9500	279.6067	13.6100
26.4600	282.4100	13.6100
14.7600	285.1500	13.6100
10.3800	286.2100	13.6100
8.3900	284.7933	13.6100
8.4500	281.9733	13.6100
8.9000	282.6767	13.6100
8.0200	283.4733	13.6100
7.2000	283.6233	13.6100
2.2500	284.5133	13.6100
1.2200	282.5133	13.6100
0.9600	283.6200	13.6100
0.7700	278.1300	13.5700
0.6500	274.1467	13.2300
0.5700	275.2633	13.1700
0.5000	279.6200	13.1700
0.4600	283.9767	12.9600
0.4200	284.1100	3.2700
0.3900	285.3167	3.2700
0.3800	286.5933	3.2700
0.3700	284.9400	3.2700
0.3700	282.4367	3.2700
0.3700	279.1500	3.2700
1.1000	275.8100	3.2700
2.7100	275.7000	3.2700
3.1000	276.5933	3.2700
2.5400	277.1133	3.2700
3.0300	278.4767	3.2700
3.9800	276.8633	3.2700
5.7600	275.6100	3.2700
5.4000	275.0267	3.2700
3.9300	275.2500	3.2700
2.6400	275.8700	3.2700
1.8500	277.0267	3.2700
1.8800	275.8800	3.2700
4.3200	275.7067	3.2700
5.4000	276.6533	3.2700
10.7500	274.7333	3.2700
12.3000	274.4333	3.2700
9.0800	274.5000	3.2700
5.9500	275.1000	3.2700
5.2800	275.9200	3.2700
8.9100	276.4667	3.2700
9.4800	277.4933	3.2700
10.3300	274.6100	3.2700
8.1400	274.2833	3.2700
5.4300	274.3833	3.2400
4.0300	276.1400	1.8600
2.6200	275.6067	1.8600
1.7900	275.0167	1.8600
1.3100	275.0367	1.8600
1.0100	274.8833	1.8600
0.8100	273.4033	1.8600
0.6900	273.1500	1.8600
0.6000	273.1500	1.8600
0.5500	273.1500	1.8600
0.5100	273.1633	1.8600
0.5600	273.3333	1.8600
5.0500	273.8167	1.8600
40.2500	274.1700	1.8600
34.2200	273.9633	1.8600
21.2800	273.9067	1.8600
26.4500	274.9867	1.8600
33.1900	275.1333	1.8600
21.9800	274.9600	1.8600
18.2000	275.2467	1.8600
18.8300	275.7000	1.8600
30.6400	275.8733	1.8600
24.5200	274.7267	1.8600
15.6600	273.7767	1.8600
11.5300	273.6367	1.8600
10.0500	273.6167	1.8600
8.7800	273.7000	1.8600
7.6300	273.6967	1.8600
7.4400	273.6333	1.8600
8.0000	273.5933	1.8600
7.8800	273.3133	1.8600
6.8200	273.5200	1.8500
5.3200	274.8833	1.3800
18.5600	274.7767	1.3800
16.3600	274.6667	1.3800
8.8800	274.7800	1.3800
6.3300	275.6300	1.3800
6.5400	276.6100	1.3800
10.0800	276.3433	1.3800
11.5300	274.6867	1.3800
12.5900	276.3800	1.3800
10.7000	276.1033	1.3800
7.9800	276.5300	1.3800
15.1900	277.6233	1.3800
63.6900	276.7300	1.3800
52.4800	274.9933	1.3800
26.1700	275.6867	1.3800
17.4700	276.3267	1.3800
13.9000	276.4633	1.3800
27.9500	276.0000	1.3800
43.6700	274.7833	1.3800
41.1700	273.9333	1.3800
27.7200	273.6533	1.3800
18.5200	273.4933	1.3800
13.1700	273.4033	1.3800
10.2600	273.3500	1.3800
9.8400	273.7467	1.3800
31.4300	274.8100	1.3800
41.2400	274.4500	1.3800
22.7400	273.9233	1.3800
14.7800	273.8900	1.3800
13.1300	273.9967	1.3800
13.1600	273.8833	1.3800
12.4900	274.1300	1.0200
11.7400	274.5367	1.0200
12.7600	274.3733	1.0200
13.9800	274.2433	1.0200
21.8100	274.9800	1.0200
31.1600	274.7700	1.0200
25.3500	274.8100	1.0200
18.9900	274.6300	1.0200
15.5400	274.1600	1.0200
17.0300	273.9267	1.0200
17.7800	273.9667	1.0200
16.1500	274.4367	1.0200
15.8900	274.6400	1.0200
15.5100	275.8400	1.0200
16.8000	277.2533	1.0200
19.3200	277.5567	1.0200
21.8000	277.8767	1.0200
21.4000	278.2000	1.0200
19.5400	277.2567	1.0200
17.5200	275.7033	1.0200
14.7800	274.6133	1.0200
13.8300	273.5400	1.0200
14.5500	273.5100	1.0200
22.3000	274.0700	1.0200
33.8600	274.2900	1.0200
26.1200	274.8767	1.0200
39.5000	274.8833	1.0200
40.5200	274.7267	1.0300
26.3800	275.1133	1.5500
22.4700	275.5933	1.5500
29.8100	274.9767	1.5500
32.4200	273.7500	1.5500
29.1800	274.2367	1.5500
25.2000	275.0433	1.5500
24.3200	275.7967	1.5500
28.1100	275.6900	1.5500
29.4900	274.4700	1.5500
25.7600	273.9267	1.5500
23.5900	273.8567	1.5500
22.8500	274.4400	1.5500
38.6800	274.5533	1.5500
40.6800	273.7433	1.5500
29.5400	274.2867	1.5500
29.4700	276.9067	1.5500
37.8100	278.8967	1.5500
44.6400	279.6233	1.5500
39.5100	278.5033	1.5500
44.1000	279.9300	1.5500
42.4500	279.4667	1.5500
36.3800	278.4233	1.5500
31.6000	277.3267	1.5500
30.8000	278.3133	1.5500
35.3500	277.6133	1.5500
39.3000	275.0033	1.5500
38.6600	275.0600	1.5500
41.7400	277.1033	1.5500
42.7300	278.0800	1.5500
56.9700	276.2000	1.5500
55.3800	274.1267	1.6100
52.1300	273.7733	4.5800
50.3800	273.7700	4.5800
49.9300	273.7367	4.5800
51.9900	273.7033	4.5800
47.6400	273.8767	4.5800
45.1000	273.7200	4.5800
50.0300	274.5800	4.5800
59.8800	277.4100	4.5800
60.2800	276.5500	4.5800
49.4900	276.8633	4.5800
47.4600	276.9000	4.5800
54.8100	275.9367	4.5800
52.1600	275.0667	4.5800
58.5700	275.3367	4.5800
53.5500	275.6800	4.5800
50.3400	277.9267	4.5800
50.7000	278.2667	4.5800
47.2400	280.0167	4.5800
40.2500	281.5300	4.5800
39.7000	280.5633	4.5800
60.0900	276.9967	4.5800
53.4800	275.4167	4.5800
46.7500	277.3233	4.5800
39.3500	279.6400	4.5800
35.9800	280.2333	4.5800
34.1700	282.1867	4.5800
40.4000	281.6400	4.5800
90.8900	276.0233	4.5800
62.8800	274.3800	4.5800
46.4200	274.5267	4.8600
46.8200	275.8367	18.2200
43.3900	277.2767	18.2200
37.1900	279.5533	18.2200
35.2700	280.6433	18.2200
34.4400	279.7567	18.2200
33.3100	277.6733	18.2200
32.2300	277.9433	18.2200
30.5300	279.6000	18.2200
27.4700	280.1867	18.2200
30.7700	278.5000	18.2200
42.9700	275.2167	18.2200
51.0400	276.5333	18.2200
39.7400	279.0200	18.2200
30.6000	281.0800	18.2200
27.4000	283.2700	18.2200
23.2500	284.4933	18.2200
22.7200	284.7967	18.2200
23.7000	281.7367	18.2200
24.4700	280.7433	18.2200
28.4500	279.3700	18.2200
28.3400	279.3033	18.2200
25.8800	277.2000	18.2200
28.8900	276.3500	18.2200
24.7700	277.0800	18.2200
20.5000	277.2200	18.2200
27.1700	277.6867	18.2200
36.1900	277.4300	18.2200
34.5000	276.7967	18.2200
29.7200	278.0533	18.2200
23.8500	280.9900	18.2200
19.1100	283.4767	18.2700
16.2300	283.8267	20.8200
15.4100	284.8633	20.8200
16.4800	285.3133	20.8200
19.6200	285.3767	20.8200
18.1600	285.9933	20.8200
15.3900	287.6000	20.8200
13.8300	288.1533	20.8200
12.9600	288.8467	20.8200
12.3500	288.6033	20.8200
11.8400	286.0033	20.8200
11.3200	284.1333	20.8200
10.7800	284.9933	20.8200
10.2500	286.9300	20.8200
9.7900	289.2867	20.8200
9.3400	288.2767	20.8200
8.8300	283.3700	20.8200
8.3800	282.2367	20.8200
8.0000	284.6100	20.8200
7.6500	284.3967	20.8200
7.3400	283.3800	20.8200
7.2000	283.9067	20.8200
6.9600	286.1267	20.8200
6.6500	289.4800	20.8200
6.3600	289.6567	20.8200
6.1300	289.3867	20.8200
5.9300	289.9433	20.8200
5.7100	291.6200	20.8200
5.5100	293.6400	20.8200
5.3000	293.4933	20.8200
5.1100	290.8733	21.2600
4.9000	288.9100	42.0900
4.6600	287.9600	41.7200
4.4400	286.4133	41.4900
4.2400	287.2700	41.3100
4.0700	289.5933	41.1400
3.9300	290.9867	41.1300
3.7800	292.2300	41.1800
3.7300	293.6633	41.5500
3.9800	294.3633	41.7700
4.4600	294.6967	42.3000
4.6500	293.9333	42.3300
4.2100	293.8767	42.3200
3.7200	293.1900	42.3100
3.3800	292.4467	42.3000
3.1400	294.1733	42.2400
2.9800	296.0133	41.9600
2.8400	296.4467	41.7100
2.7200	296.0567	41.3300
2.6200	294.2533	41.1000
2.5100	294.3500	40.9700
2.4100	293.3567	40.9700
2.3300	293.2433	40.9700
2.2400	294.6100	40.9700
2.1600	295.6567	40.9700
2.0900	296.2600	40.9700
2.0600	295.6767	40.9700
2.0000	294.2567	40.9700
1.9500	293.5133	40.9700
1.8900	292.9600	40.9700
1.8000	292.9633	40.9700
1.7300	292.1700	41.0100
1.6600	291.9567	42.8900
1.6000	292.1533	42.8900
1.5200	292.3100	42.8900
1.4700	293.1067	42.8900
1.4100	293.5100	42.8900
1.3600	293.1067	42.8900
1.3100	292.6233	42.8900
1.2600	292.7800	42.8900
1.2200	292.0600	42.8900
1.2000	291.2300	42.8900
1.1900	290.1433	42.8900
1.1600	289.8133	42.8900
1.1200	291.7600	42.8900
1.0600	292.8767	42.8900
1.0200	293.7433	42.8900
1.1400	294.5767	42.8900
1.6800	295.5667	42.8900
1.7100	292.6433	42.8900
1.4800	292.2167	42.8900
1.2700	292.9467	42.8900
1.0900	291.6333	42.8900
0.9700	289.1200	42.8900
0.8700	289.3633	42.8900
0.8000	292.7333	42.8900
0.7300	296.1600	42.8900
0.6800	296.4733	42.8900
0.6300	290.8933	42.8900
0.6000	287.2000	42.8900
1.5900	281.7467	42.8900
3.5300	282.1067	42.8900
3.0200	283.5967	42.6900
2.2500	287.1433	33.2000
1.7200	290.7367	33.2000
1.3600	293.2333	33.2000
1.1000	292.8100	33.2000
0.9300	290.5933	33.2000
0.8000	288.1567	33.2000
0.6800	288.9600	33.1900
0.6100	285.2200	33.1800
1.1200	281.1900	33.2000
3.1700	282.6433	33.2000
2.9500	285.9433	33.2000
2.1500	288.0567	33.2000
1.5400	288.6633	33.2000
1.1500	288.1767	33.2000
0.9000	289.1467	33.2000
0.7200	288.8400	33.1900
0.6000	289.7233	33.1000
0.5200	287.8300	33.0500
0.4500	285.7633	33.1000
0.5000	282.9633	33.1900
0.6900	285.0300	33.1900
0.7500	285.4533	33.1800
0.7200	285.1933	33.1500
0.6400	288.4033	32.9800
0.5500	290.6900	32.8800
0.4800	291.9800	32.8700
0.4000	292.8600	32.8400
0.3300	294.6000	32.8100
0.3000	294.7167	32.7900
0.2500	295.1833	32.4000
0.2400	295.0600	15.1300
0.2400	294.1300	15.1000
0.2200	290.8633	15.1500
2.8200	284.8833	15.6100
11.9100	281.7533	15.6100
15.8100	282.2867	15.6100
13.6700	282.6667	15.6100
10.4900	282.4133	15.6100
4.8400	283.6867	15.6100
3.1800	285.3167	15.6100
2.2300	286.7100	15.6100
1.6600	285.3433	15.5700
1.2800	286.0600	15.3900
1.0100	288.2167	15.2400
0.8400	288.2133	15.1300
0.7000	286.8367	15.1100
0.6000	285.2067	15.1100
0.8400	283.0600	15.5700
1.8200	284.5767	15.6000
1.8900	284.9033	15.5600
1.5600	284.3700	15.2600
1.2600	281.5233	15.1700
1.4900	280.6167	15.5400
24.5400	281.4133	15.6100
96.9700	281.2233	15.6100
45.2800	277.8433	15.6100
18.7400	276.6367	15.6100
11.4500	277.9333	15.6100
9.1500	278.7700	15.6100
8.3200	279.2433	15.6100
8.4500	278.2533	15.3700
8.8700	279.5233	3.7500
8.1700	282.1600	3.7500
2.7000	283.7633	3.7500
1.8200	284.7933	3.7500
1.3900	285.4800	3.7500
1.1000	284.7300	3.7500
1.9900	282.5200	3.7500
30.7700	276.9067	3.7500
24.1900	274.9933	3.7500
15.2400	274.8300	3.7500
9.1900	274.6267	3.7500
7.5200	276.1200	3.7500
6.2000	276.1867	3.7500
3.9700	277.8200	3.7500
2.6400	278.9500	3.7500
1.9100	279.3967	3.7500
1.4600	278.5067	3.7500
1.1500	279.1033	3.7500
0.9400	276.9900	3.7500
2.4000	274.9633	3.7500
5.6900	273.6267	3.7500
4.7600	273.5733	3.7500
3.3700	273.6400	3.7500
2.4300	273.5567	3.7500
1.8700	273.3933	3.7500
1.5200	273.4367	3.7500
1.2900	273.5500	3.7500
1.4700	273.4300	3.7500
1.8600	273.2967	3.7500
1.7800	273.4067	3.7200
1.5800	274.0400	2.1300
6.4000	275.9500	2.1300
31.2000	276.2900	2.1300
42.8300	276.1767	2.1300
31.9900	275.9933	2.1300
45.5300	276.3000	2.1300
53.2700	275.1533	2.1300
25.1000	275.7600	2.1300
21.7600	276.7833	2.1300
20.2800	276.7367	2.1300
21.3800	276.8967	2.1300
16.5400	278.0100	2.1300
12.7800	278.6567	2.1300
13.5800	278.5833	2.1300
31.9300	275.6700	2.1300
24.6500	273.9367	2.1300
15.1800	273.5700	2.1300
23.2000	274.3533	2.1300
44.7100	274.4833	2.1300
50.9400	274.0033	2.1300
27.0900	273.5733	2.1300
15.6900	273.6167	2.1300
17.8500	273.8267	2.1300
17.8900	273.6167	2.1300
15.6100	273.8333	2.1300
23.9000	274.2533	2.1300
26.0000	273.5500	2.1300
19.4800	273.7333	2.1300
31.2000	274.7567	2.1300
33.8000	273.8867	2.1300
