0.1500	273.1500	0.0800
0.1500	273.1500	0.1100
0.1500	273.1600	0.1100
0.1500	273.5600	0.1100
0.1500	275.1500	0.1100
0.1600	276.9700	0.1100
0.1700	277.4900	0.1100
0.1700	275.5800	0.1100
0.1800	274.1600	0.1100
0.1900	274.6500	0.1100
0.2100	274.7200	0.1100
0.2300	276.0900	0.1100
0.2600	275.9600	0.1100
0.3100	274.7800	0.1100
0.3600	274.0100	0.1100
0.4200	273.4600	0.1100
0.4800	273.1600	0.1100
0.5300	273.1500	0.1100
0.5800	273.1600	0.1100
0.6200	273.2200	0.1100
0.6500	273.1800	0.1100
0.6600	273.5800	0.1100
0.6700	273.5900	0.1100
0.6600	273.9500	0.1100
0.6400	274.1500	0.1100
0.6200	273.7200	0.1100
0.5900	274.2500	0.1100
0.5600	273.4600	0.1100
0.5300	273.4100	0.1100
0.5000	273.1600	0.1100
0.4700	274.5200	0.1100
0.4400	274.5200	0.1000
0.4200	273.5400	0.0700
0.4300	273.8300	0.0700
0.4600	275.6700	0.0700
0.5000	274.2400	0.0700
0.5700	275.3800	0.0700
0.6400	275.8700	0.0700
0.7300	274.1900	0.0700
1.0000	275.3800	0.0700
1.7300	276.0300	0.0700
2.7300	276.1100	0.0700
3.3200	275.9100	0.0700
3.3900	275.7600	0.0700
3.1800	275.6500	0.0700
2.8700	275.6200	0.0700
2.5600	275.3100	0.0700
2.2900	275.2400	0.0700
2.1000	275.1800	0.0700
1.9300	275.2600	0.0700
1.7800	275.5200	0.0700
1.6500	275.9900	0.0700
1.5400	276.4200	0.0700
1.4400	276.7100	0.0700
1.3500	277.4100	0.0700
1.2700	277.9200	0.0700
1.1900	278.0100	0.0700
1.1200	278.4200	0.0700
1.0600	278.6300	0.0700
1.0100	278.2200	0.0700
0.9600	278.1000	0.1000
0.9400	278.2700	0.1000
0.9800	278.3800	0.1000
1.0800	278.6800	0.1000
1.2200	278.8300	0.1000
1.4000	279.1800	0.1000
1.6000	279.7400	0.1000
1.8100	280.4400	0.1000
1.9600	281.1700	0.1000
2.0200	281.9900	0.1000
1.9700	282.2900	0.1000
1.8800	282.1000	0.1000
1.7900	282.3600	0.1000
1.7000	282.8300	0.1000
1.6400	283.2300	0.1000
1.6400	283.0300	0.1000
1.7300	282.7600	0.1000
1.9500	282.3300	0.1000
2.2000	281.9000	0.1000
2.3400	281.8500	0.1000
2.3300	282.2800	0.1000
2.2000	282.8800	0.1000
2.0200	283.7800	0.1000
1.8300	284.7000	0.1000
1.6400	284.9600	0.1000
1.4700	284.9900	0.1000
1.3400	285.3600	0.1000
1.2300	285.6900	0.1000
1.1500	286.3500	0.1000
1.1000	286.6000	0.1000
1.0600	286.9700	0.1100
1.0200	287.1000	0.2100
0.9900	288.0500	0.2100
0.9500	289.1200	0.2100
0.9000	290.4200	0.2100
0.8500	291.6400	0.2100
0.8000	292.6100	0.2100
0.7500	293.4500	0.2100
0.7200	294.0700	0.2100
0.7000	287.7100	0.2100
0.7100	289.4500	0.2100
0.7300	291.0200	0.2100
0.7800	290.6200	0.2100
0.9400	289.4900	0.2100
1.3400	288.0100	0.2100
1.8700	287.2200	0.2100
2.5100	286.8900	0.2100
3.3500	286.1200	0.2100
4.0100	285.7200	0.2100
4.1200	285.7000	0.2100
3.8300	286.2900	0.2100
3.3800	287.2700	0.2100
2.9300	288.2000	0.2100
2.5500	288.8100	0.2100
2.3000	289.5800	0.2100
2.1800	290.2000	0.2100
2.1300	291.1400	0.2100
2.2400	292.2300	0.2100
2.7200	292.9300	0.2100
3.4400	292.9600	0.2100
3.8500	292.9700	0.2200
3.7900	293.2400	0.5700
3.4400	293.7500	0.5700
3.0000	293.7800	0.5600
2.5700	293.7000	0.5700
2.2100	293.6900	0.5700
2.0300	293.8600	0.5700
2.3600	293.2500	0.5700
3.1400	291.9100	0.5700
4.5000	290.7800	0.5700
6.4300	289.9800	0.5700
7.2400	289.7700	0.5700
6.6600	290.0700	0.5700
5.6100	290.9200	0.5700
4.6000	292.1400	0.5700
3.7500	293.6200	0.5700
3.0800	295.2200	0.5700
2.5500	296.9400	0.5700
2.1300	298.4400	0.5700
1.7900	299.9700	0.5700
1.5200	301.2800	0.5700
1.3000	302.3700	0.5700
1.1200	302.6600	0.5700
0.9700	302.1700	0.5700
0.8500	301.0800	0.5700
0.7600	299.3000	0.5700
0.6800	289.5500	0.5700
0.6100	293.3000	0.5700
0.5600	293.9100	0.5700
0.5300	292.2600	0.5700
0.5100	291.1900	0.5700
0.5700	289.9400	0.5700
0.8000	296.0700	0.8500
1.1800	296.5400	0.8500
1.8200	296.6700	0.8500
2.8200	296.5000	0.8500
3.6900	296.5100	0.8500
3.9600	296.8900	0.8500
3.7800	297.5700	0.8500
3.4400	298.5500	0.8500
3.1300	299.7500	0.8500
2.8900	301.0100	0.8500
2.7200	302.3400	0.8500
2.6000	303.7100	0.8500
2.4800	304.9400	0.8500
2.3600	305.7300	0.8500
2.2100	306.3400	0.8500
2.0600	306.9500	0.8500
1.9200	307.6700	0.8500
1.8300	308.5300	0.8400
1.8400	309.2800	0.8400
1.9600	309.4400	0.8300
2.0900	309.1100	0.8300
2.1300	308.7400	0.8300
2.0500	308.7100	0.8300
1.8800	309.0900	0.8200
1.6900	309.8600	0.8200
1.4800	310.7900	0.8200
1.3100	312.1100	0.8200
1.1500	313.5700	0.8200
1.0000	315.0800	0.8200
0.8800	315.9300	0.8300
0.7300	312.7900	1.5800
0.6000	300.5800	1.5900
0.5000	301.8500	1.5900
0.4100	301.8200	1.5900
0.3600	302.1400	1.5900
0.3500	302.9600	1.5800
0.3400	305.3300	1.5700
0.3300	304.8200	1.5600
0.3200	304.2700	1.5500
0.3000	302.1900	1.5400
0.3200	300.7800	1.5400
0.3500	301.3400	1.5700
0.4100	301.0100	1.6300
0.5900	299.3400	1.6700
1.2900	305.6600	1.6800
3.0300	306.2700	1.6800
4.5300	306.4300	1.6800
4.9100	306.5600	1.6700
4.8200	306.7600	1.6700
4.6400	306.8800	1.6700
4.3400	307.2000	1.6500
3.8400	307.7400	1.6400
3.2900	308.4900	1.6500
2.8000	309.3200	1.6600
2.3700	310.2400	1.6900
2.0600	311.1900	1.7100
3.1200	308.5000	2.7100
5.5300	305.2100	9.7100
5.3700	305.8200	7.3700
5.5200	306.8000	6.3000
5.5300	307.4300	5.7600
5.1600	307.8600	5.3800
4.5200	308.3100	4.7900
3.8400	308.6900	4.1300
3.2800	309.1700	3.5200
2.8500	309.6500	2.9900
2.6300	310.2000	2.6200
2.7300	310.6900	2.5000
2.9600	310.8600	2.6000
3.0100	310.8300	2.6900
2.7800	310.8000	2.6500
2.3900	310.5700	2.4100
1.9700	311.0000	2.0400
1.5900	311.7900	1.7200
1.2800	312.7500	1.6400
1.0500	313.3700	1.7300
0.9000	313.4900	1.7700
0.7800	312.3300	1.7700
0.6800	301.5800	1.7700
0.6000	298.4500	1.7200
0.5000	300.0600	1.7200
0.4000	302.9200	1.7200
0.3000	302.8300	1.7200
0.2200	300.4500	1.7200
0.1700	298.4900	1.7300
0.1600	298.6400	1.7600
0.1500	298.7600	1.7400
0.1200	300.2200	1.6900
0.0900	300.4600	1.6800
0.0500	299.9300	1.6800
0.0300	298.8300	1.6700
0.0100	297.1200	1.6600
0.0000	298.0700	1.3200
0.0000	298.9500	1.3300
0.0000	301.1400	1.3400
0.0000	299.2600	1.3400
0.0000	298.2300	1.3400
0.0000	297.2600	1.3300
0.0000	296.4200	1.3300
0.0000	286.9500	1.3500
0.0000	285.7400	1.3600
0.0000	291.4100	1.3500
0.0400	294.2600	1.3400
0.1600	297.3200	1.3300
0.3300	296.7400	1.3200
0.4500	295.9400	1.3200
0.5900	291.8800	1.3300
0.8100	294.7700	1.3600
1.0500	297.8100	1.3500
1.2400	298.8600	1.3800
1.4700	298.5700	1.3900
2.1300	297.6800	1.3900
3.6700	296.2600	1.3800
5.6900	295.1000	1.3600
6.5400	294.4400	1.3500
6.0400	294.1500	1.3500
5.0500	294.0000	1.3500
4.0600	293.9500	1.3300
3.2200	294.1700	1.3200
2.5400	294.7100	1.3200
1.9900	295.4100	1.3200
1.5600	296.2500	1.3300
1.2500	297.2400	2.2500
1.0300	298.1400	2.2500
0.8600	298.6000	2.2400
0.7100	291.7800	2.2400
0.6000	281.0400	2.2400
0.5200	281.0600	2.2400
0.4500	287.3500	2.2300
0.3900	292.2000	2.2300
0.3400	292.0000	2.2200
0.3000	287.1800	2.2500
0.2800	284.5200	2.2500
0.2600	285.6900	2.2400
0.2400	281.1700	2.2600
0.2400	284.3600	2.2600
0.2400	282.0000	2.2600
0.2600	279.7200	2.2700
0.3300	285.5000	2.2600
0.4600	287.9400	2.2600
0.6500	282.4800	2.2500
0.8400	287.3700	2.2500
1.0200	288.3900	2.2400
1.1900	288.8400	2.2200
1.3200	288.9900	2.2000
1.3800	289.1400	2.1900
1.3700	288.9400	2.1900
1.2900	288.5800	2.1900
1.1800	288.2800	2.1900
1.0500	288.1500	2.1900
0.9200	288.4300	2.1800
0.8000	288.4600	2.1800
0.6800	289.2000	2.1500
0.6000	289.4600	0.7100
0.5400	286.3100	0.7100
0.4800	285.8300	0.7100
0.4300	286.2300	0.7100
0.3900	285.6800	0.7000
0.3500	287.7100	0.7000
0.3200	288.4100	0.7000
0.2900	282.9200	0.7100
0.2700	279.4600	0.7200
0.2500	282.3700	0.7200
0.2300	281.4300	0.7200
0.2100	283.7600	0.7200
0.2000	285.2500	0.7200
0.1900	285.7900	0.7200
0.1800	286.3000	0.7200
0.1700	285.2100	0.7200
0.1700	284.6000	0.7200
0.1600	282.9800	0.7200
0.1600	277.1700	0.7200
0.1500	277.3200	0.7200
0.1500	281.7500	0.7200
0.1500	282.6200	0.7200
0.1500	280.8700	0.7200
0.1600	279.2600	0.7400
0.1700	276.2100	0.7400
0.1800	275.2000	0.7400
0.2000	273.1500	0.7400
0.2200	273.1500	0.7400
0.2600	273.1600	0.7400
0.3100	273.6200	0.7300
0.3700	274.5200	0.3300
0.4400	275.8300	0.3300
0.5200	278.5800	0.3300
0.6100	279.2600	0.3300
0.7300	276.2000	0.3300
0.8500	277.1700	0.3300
0.9700	277.6000	0.3300
1.0700	277.5000	0.3300
1.1300	277.1500	0.3300
1.1500	276.8200	0.3200
1.1200	276.4800	0.3200
1.0700	276.3300	0.3300
1.0000	276.1700	0.3300
0.9300	275.7800	0.3300
0.8600	275.4900	0.3300
0.7800	275.3300	0.3300
0.7200	276.0200	0.3300
0.6600	276.8200	0.3300
0.6000	274.5300	0.3300
0.5500	275.6500	0.3300
0.5100	274.8200	0.3300
0.4700	274.6600	0.3300
0.4300	273.3000	0.3300
0.4000	273.1700	0.3300
0.3700	273.2300	0.3300
0.3500	273.4100	0.3300
0.3400	273.9100	0.3300
0.3400	273.9300	0.3300
0.3400	273.4900	0.3300
0.3400	273.1500	0.3300
0.3500	273.1500	0.3300
0.3600	273.1500	0.4100
0.3700	273.1500	0.4100
0.3800	273.1500	0.4100
0.3800	273.7200	0.4100
0.3800	275.3200	0.4100
0.3700	274.6100	0.4100
0.3600	274.8000	0.4000
0.3500	279.1800	0.4000
0.3300	282.8700	0.4000
0.3200	279.3900	0.4000
0.3000	275.6400	0.4000
0.2900	275.6000	0.4000
0.2700	277.2700	0.4000
0.2600	275.8300	0.4000
0.2400	273.9100	0.4000
0.2300	273.1600	0.4000
0.2200	273.3100	0.4000
0.2100	273.1700	0.4000
0.2000	273.1500	0.4000
0.1900	273.3600	0.4000
0.1800	274.4600	0.4000
0.1700	276.5900	0.4000
0.1700	275.5900	0.4000
0.1600	273.6300	0.4000
0.1500	274.0400	0.4000
0.1500	277.7400	0.4000
0.1400	280.5700	0.4000
0.1400	276.4000	0.4000
0.1300	273.3400	0.4000
0.1300	273.1500	0.4000
0.1300	273.1500	0.4000
0.1200	273.1500	0.2700
0.1200	273.1500	0.2700
0.1200	273.1500	0.2700
0.1100	273.1500	0.2700
0.1100	273.1500	0.2700
0.1100	273.1500	0.2700
0.1100	273.4000	0.2700
0.1100	275.1800	0.2700
0.1100	277.5500	0.2700
0.1100	273.3300	0.2700
0.1100	275.0600	0.2700
0.1100	276.3300	0.2700
0.1100	274.5400	0.2700
0.1200	276.4300	0.2700
0.1200	276.0100	0.2700
0.1200	277.1400	0.2700
0.1200	278.9300	0.2700
0.1300	281.6500	0.2700
0.1300	281.0400	0.2700
0.1300	278.4200	0.2700
0.1300	279.8400	0.2700
0.1300	278.2100	0.2700
0.1300	284.7700	0.2700
0.1300	283.0400	0.2700
0.1300	273.4900	0.2700
0.1300	273.1500	0.2700
0.1300	273.1700	0.2700
0.1300	273.9600	0.2700
0.1200	274.6700	0.4000
0.1200	273.1500	0.4000
0.1200	273.1500	0.4000
0.1200	273.8500	0.4000
0.1100	276.8300	0.4000
0.1100	280.2200	0.4000
0.1100	276.2700	0.4000
0.1100	277.5300	0.4000
0.1100	273.5100	0.4000
0.1100	273.8300	0.4000
0.1200	275.6700	0.4000
0.1400	279.7100	0.4000
0.1700	285.6300	0.4000
0.2400	276.0500	0.4000
0.3600	273.6600	0.4000
0.5000	274.2100	0.4000
0.6400	275.3900	0.4000
0.7400	282.3300	0.4000
0.7900	281.8000	0.4000
0.8000	282.0200	0.4000
0.7800	282.4500	0.4000
0.7500	281.7900	0.4000
0.7100	280.2600	0.4000
0.6600	277.4300	0.4000
0.6200	273.3400	0.4000
0.5800	274.1800	0.4000
0.5400	279.7800	0.4000
0.5000	285.8500	0.4000
0.4700	284.4800	0.4000
0.4500	281.5800	0.4000
0.4300	283.5900	0.4100
0.4100	286.2300	0.8100
0.4000	281.2000	0.8100
0.4000	273.3100	0.8100
0.4000	275.9900	0.8100
0.4100	281.1200	0.8200
0.4300	285.1300	0.8100
0.4400	287.5100	0.8100
0.4500	285.8100	0.8100
0.4600	283.3700	0.8200
0.4500	289.6600	0.8200
0.4400	291.8800	0.8200
0.4400	288.5400	0.8200
0.4300	290.5900	0.8200
0.4200	292.9700	0.8200
0.4200	295.6100	0.8200
0.4300	296.2700	0.8200
0.4400	288.9800	0.8200
0.4700	292.8200	0.8200
0.5000	284.8600	0.8200
0.5400	280.0400	0.8200
0.5600	278.8400	0.8200
0.5800	284.9500	0.8200
0.5800	290.8300	0.8200
0.5600	288.5800	0.8200
0.5400	280.4900	0.8200
0.5100	283.0900	0.8200
0.4900	282.9800	0.8200
0.4600	282.7100	0.8200
0.4300	289.6000	0.8200
0.4200	290.3700	0.8500
0.4400	285.7900	2.2000
0.4600	279.9700	2.1900
0.4900	286.0600	2.1900
0.5200	288.8900	2.1900
0.5500	289.0600	2.1900
0.5800	295.0600	2.1900
0.6100	293.1200	2.1900
0.6400	292.4000	2.1800
0.6700	283.7400	2.1800
0.6800	283.9100	2.1600
0.6800	286.8000	2.1600
0.6600	284.9200	2.1600
0.6400	285.7700	2.1700
0.6000	290.5300	2.1600
0.5600	294.5600	2.1600
0.5200	290.7300	2.1600
0.4900	283.7200	2.1800
0.4500	285.4200	2.1800
0.4300	287.8700	2.1800
0.4300	288.3400	2.1800
0.4400	289.6700	2.1800
0.4500	293.5000	2.1700
0.4900	290.1000	2.1700
0.5500	283.4100	2.1800
0.6400	282.9200	2.2000
0.7400	295.6100	2.2000
0.8300	297.3500	2.2000
0.8800	299.3700	2.2000
0.9000	301.4400	2.2000
0.8800	303.3100	2.2000
0.8500	305.0600	2.2200
0.8000	306.7400	3.3100
0.7500	308.3600	3.3000
0.7000	301.7600	3.3000
0.6500	291.7700	3.2900
0.6000	288.7200	3.3000
0.5800	293.8700	3.2900
0.6100	299.2300	3.2800
0.7200	298.6100	3.2700
1.2300	299.8300	3.2600
2.6000	300.7900	3.2300
3.8500	300.1000	3.2400
4.0900	299.9200	3.2800
3.7300	300.3700	3.3000
3.2200	301.0100	3.3000
2.7400	302.1000	3.2400
2.3400	303.3700	3.2800
2.0200	304.8100	3.2200
1.7500	306.4600	3.2100
1.5200	308.2000	3.2100
1.3200	310.0800	3.2100
1.1600	311.8500	3.2100
1.0300	313.6300	3.2100
0.9200	314.9000	3.2100
0.8300	315.6400	3.2100
0.7500	315.8900	3.2100
0.6900	304.5900	3.2100
0.6600	301.7000	3.2100
0.6500	302.4700	3.2100
0.6800	303.4600	3.2000
0.7100	303.5800	3.2500
0.6900	303.4100	6.3900
0.6400	302.9700	6.2600
0.5600	303.2900	6.2300
0.4700	301.4700	6.1800
0.3700	298.9800	6.1600
0.2700	298.0700	6.2400
0.2200	299.4300	6.3600
0.2200	300.4100	6.3400
0.3200	302.7600	6.2700
0.5400	302.5300	6.2400
0.7500	301.2400	6.3100
0.8700	304.7600	6.3600
0.9300	306.5700	6.2900
1.0300	306.7800	6.2300
1.1100	307.1700	6.1700
1.1100	308.3400	6.1300
1.0200	310.0700	6.0900
0.8700	311.9300	6.0700
0.7100	308.5700	6.0400
0.5400	305.4600	6.0100
0.4000	305.0400	5.9800
0.2800	300.9100	6.2400
0.1900	298.7400	6.3700
0.1200	301.4400	6.3600
0.0600	304.9400	6.3100
0.0200	304.2600	6.2100
0.0000	303.9500	6.1700
0.0000	303.9600	6.2500
0.0000	301.7600	6.4100
0.0000	304.2800	6.3900
0.0000	305.2600	6.3300
0.0000	303.5000	6.3400
0.0000	296.1600	6.2400
0.0000	301.4400	6.1600
0.0000	302.7400	6.1500
0.0000	301.7700	6.2800
0.0000	301.8400	6.2700
0.0100	300.5900	6.1900
1.1500	300.5800	1.0200
6.3900	301.6500	2.1800
9.4600	302.1300	6.3000
8.9900	302.4600	6.5700
7.4700	302.9800	6.5800
5.9700	303.4500	6.6200
4.7300	303.7500	6.6500
3.7500	304.0600	6.3200
2.9800	304.5900	3.1800
2.3700	305.4700	2.4700
1.9000	306.2700	1.9100
1.5100	307.1400	1.5000
1.2000	308.3200	1.1400
0.9400	309.4500	0.8400
0.7200	306.5900	0.6400
0.5500	299.7700	0.5100
0.4100	298.3500	0.4500
0.3200	296.1100	0.3700
0.2500	297.4600	0.3000
0.2100	296.7600	0.2400
0.2000	295.1000	0.2100
0.3000	296.4600	0.2000
0.6200	295.2100	0.2900
1.4500	297.7200	0.6300
3.0800	300.1200	1.6600
5.3900	300.7200	3.6800
7.2400	300.5600	5.2400
7.4300	300.3400	5.2500
6.4800	300.3400	5.2100
5.2800	300.6200	5.1800
4.1900	301.1000	5.1700
3.3000	301.7700	5.0800
2.5900	302.5800	4.3700
2.0600	303.0200	2.1800
1.7200	303.1500	1.9100
1.4800	302.7300	1.6200
1.3300	302.7300	1.4300
1.2700	302.5900	1.3500
1.2800	302.0700	1.2600
1.3400	301.3600	1.2400
1.4400	300.6400	1.2800
1.5500	300.1900	1.3500
1.6200	299.9100	1.4300
1.6200	299.4300	1.4700
1.5300	299.3100	1.4400
1.3700	299.3600	1.3100
1.1800	299.4200	1.1100
0.9800	299.5800	0.9200
0.8000	299.7100	0.7200
0.6300	287.4300	0.5800
0.4900	286.0100	0.4500
0.3700	290.1400	0.3600
0.2800	291.9700	0.2900
0.2000	294.5000	0.2400
0.1500	292.5300	0.1800
0.1300	283.4700	0.1600
0.1200	282.2000	0.1500
0.1100	286.9500	0.1400
0.1100	287.1000	0.1300
0.1200	288.7200	0.1200
0.1300	285.5500	0.1200
0.1500	290.0900	0.1300
0.1700	287.6600	0.1400
0.1900	290.7500	0.1500
0.2100	292.0900	0.1700
0.2400	287.5800	0.1900
0.2900	281.2100	0.2200
0.3500	284.6400	0.2400
0.4300	283.4300	0.2400
0.5000	282.3700	0.2400
0.5500	280.8000	0.2300
0.5600	285.8300	0.2300
0.5400	284.2300	0.2300
0.5100	283.2700	0.2300
0.4600	283.9900	0.2300
0.4100	280.0000	0.2300
0.3700	273.6600	0.2300
0.3400	273.2900	0.2400
0.3100	275.5300	0.2400
0.2900	279.2600	0.2400
0.2700	278.4100	0.2400
0.2500	277.7800	0.2400
0.2400	280.2300	0.2400
0.2300	274.3600	0.2400
0.2600	273.1500	0.2400
0.4000	273.1500	0.0800
0.7300	273.3400	0.0800
1.4600	274.4200	0.0800
2.8700	274.6600	0.0800
4.2600	274.8700	0.0800
4.7400	275.0600	0.0800
4.5500	275.2800	0.0800
4.1200	275.6300	0.0800
3.7000	276.3000	0.0800
3.3600	277.1800	0.0800
3.1000	277.8100	0.0800
2.8900	278.2700	0.0800
2.6800	278.4700	0.0800
2.4600	278.8700	0.0800
2.2400	279.2800	0.0800
2.0200	279.5900	0.0800
1.8100	279.7900	0.0800
1.6300	280.2100	0.0800
1.4600	280.4300	0.0800
1.3200	280.7500	0.0800
1.2000	281.3400	0.0800
1.1000	281.8100	0.0800
1.0100	282.1300	0.0800
0.9400	282.3200	0.0800
0.8700	281.4500	0.0800
0.8100	280.2300	0.0800
0.7500	278.4800	0.0800
0.7000	275.5300	0.0800
0.6400	278.8900	0.0800
0.5900	277.1400	0.0800
0.5500	276.1300	0.0300
0.5100	279.4000	0.0300
0.4700	275.0900	0.0300
0.4300	273.3100	0.0300
0.4000	273.9600	0.0300
0.3700	275.5900	0.0300
0.3500	276.2300	0.0300
0.3200	275.3800	0.0300
0.3000	274.3200	0.0300
0.2800	276.2100	0.0300
0.2600	276.7700	0.0300
0.2500	276.5300	0.0300
0.2300	275.0700	0.0300
0.2200	277.0300	0.0300
0.2100	279.7600	0.0300
0.2000	281.3700	0.0300
0.1900	277.5000	0.0300
0.1800	277.9900	0.0300
0.1700	275.6000	0.0300
0.1600	274.4000	0.0300
0.1500	273.9900	0.0300
0.1400	273.6200	0.0300
0.1400	273.4100	0.0300
0.1300	273.1500	0.0300
0.1300	273.3200	0.0300
0.1200	273.4300	0.0300
0.1200	273.9200	0.0300
0.1100	277.7000	0.0300
0.1100	280.6500	0.0300
0.1000	280.8700	0.0300
0.1000	275.9300	0.0300
0.1000	275.6600	0.0400
0.0900	273.8300	0.0400
0.0900	276.1400	0.0400
0.0900	280.5800	0.0400
0.0900	277.5100	0.0400
0.0800	275.6600	0.0400
0.0800	277.0800	0.0400
0.0800	281.5600	0.0400
0.0900	277.9500	0.0400
0.0900	273.3200	0.0400
0.1000	273.1500	0.0400
0.1200	274.0000	0.0400
0.1500	276.3000	0.0400
0.2100	277.6900	0.0400
0.2800	274.4200	0.0400
0.3600	273.3200	0.0400
0.4200	273.1600	0.0400
0.4600	273.2600	0.0400
0.4800	274.6000	0.0400
0.4800	278.7600	0.0400
0.4600	275.6400	0.0400
0.4400	273.1500	0.0400
0.4200	273.1500	0.0400
0.3900	273.5900	0.0400
0.3600	274.9900	0.0400
0.3400	273.7300	0.0400
0.3100	276.2500	0.0400
0.2900	282.6800	0.0400
0.2700	276.4600	0.0400
0.2500	278.0100	0.0400
0.2400	282.3500	0.0400
0.2200	284.2500	0.0300
0.2100	286.1800	0.0300
0.1900	275.2400	0.0300
0.1800	273.1500	0.0300
0.1700	273.1500	0.0300
0.1600	273.1500	0.0300
0.1500	273.1500	0.0300
0.1500	273.1500	0.0300
0.1400	273.1600	0.0300
0.1400	273.5300	0.0300
0.1500	274.8400	0.0300
0.1600	275.3600	0.0300
0.1800	277.0700	0.0300
0.2000	278.3700	0.0300
0.2200	274.6800	0.0300
0.2600	274.0000	0.0300
0.2900	276.5700	0.0300
0.3200	279.5900	0.0300
0.3600	277.5500	0.0300
0.3900	277.9200	0.0300
0.4200	279.6400	0.0300
0.4400	277.0000	0.0300
0.4600	274.1100	0.0300
0.4700	273.1500	0.0300
0.4700	273.1500	0.0300
0.4700	273.1600	0.0300
0.4600	273.3900	0.0300
0.4400	273.6800	0.0300
0.4300	274.3200	0.0400
0.4200	274.8100	0.0400
0.4000	276.5000	0.0400
0.3900	276.4000	0.0400
0.3900	273.2200	0.0400
0.3900	276.1900	0.0400
0.4000	281.0900	0.0400
0.4300	280.5100	0.0400
0.4700	274.8700	0.0400
0.5100	274.5100	0.0400
0.5500	282.0500	0.0400
0.5800	286.7500	0.0400
0.5900	287.0900	0.0400
0.5900	288.4000	0.0400
0.5700	290.3200	0.0400
0.5500	289.3900	0.0400
0.5200	289.4900	0.0400
0.4900	285.1300	0.0400
0.4600	281.6800	0.0400
0.4900	277.8600	0.0400
0.7400	277.3000	0.0400
1.3800	277.8800	0.0400
3.3700	278.9500	0.0400
7.1200	279.1600	0.0400
8.5400	279.2200	0.0400
7.6400	279.6200	0.0400
6.2700	280.3000	0.0400
5.0600	280.7200	0.0400
4.1300	281.1100	0.0400
3.4500	281.1500	0.0400
2.9900	281.2400	0.0400
2.7300	282.0400	0.0900
2.6100	283.1300	0.0900
2.5500	284.2500	0.0900
2.4400	285.1600	0.0900
2.2800	285.4600	0.0900
2.0900	285.5300	0.0900
1.9100	285.7300	0.0900
1.8300	285.3700	0.0900
1.8400	285.1800	0.0900
1.8600	285.1500	0.0900
1.8300	285.7400	0.0900
1.7600	286.9800	0.0900
1.6700	288.4200	0.0900
1.5800	290.0800	0.0900
1.5000	291.6800	0.0900
1.4000	292.9000	0.0900
1.3200	293.6700	0.0900
1.2900	294.4700	0.0900
1.3200	294.4500	0.0900
1.4000	293.7100	0.0900
1.5400	292.9500	0.0900
1.8100	292.1900	0.0900
2.2300	291.5400	0.0900
2.6400	290.7800	0.0900
2.9300	290.2500	0.0900
3.0800	290.0900	0.0900
3.1500	290.3400	0.0900
3.3100	290.7500	0.0900
3.7400	291.2500	0.0900
4.2100	291.7000	0.0900
4.5100	291.7300	0.2300
4.6200	291.5200	0.2300
4.5700	291.2600	0.2300
4.6000	291.3200	0.2300
4.8800	291.6300	0.2300
5.1400	291.9500	0.2300
5.0200	292.1200	0.2300
4.5600	292.1700	0.2300
3.9900	292.3100	0.2300
3.4900	292.4700	0.2300
3.2000	292.1600	0.2300
3.4500	291.8500	0.2300
4.8300	291.1600	0.2300
7.3000	290.1700	0.2300
8.6800	289.3800	0.2300
8.1700	289.0500	0.2300
6.9300	289.4200	0.2300
5.7200	290.2900	0.2300
4.7000	291.4400	0.2300
3.8900	292.2300	0.2300
3.2800	292.8000	0.2300
2.8000	293.6900	0.2300
2.4300	294.9200	0.2300
2.1500	296.4300	0.2300
1.9400	297.9200	0.2300
1.7700	299.3200	0.2300
1.6400	300.6000	0.2300
1.5200	301.9900	0.2300
1.3900	303.2200	0.2300
1.2700	304.7800	0.2300
1.1500	306.2500	0.2300
1.0400	307.1400	0.3400
0.9300	307.5100	0.3400
0.8500	307.4800	0.3400
0.7800	306.3600	0.3400
0.7400	304.1700	0.3400
0.7300	301.4600	0.3400
0.7700	299.7900	0.3400
0.9000	297.8000	0.3400
1.2600	296.1800	0.3400
1.9600	295.6900	0.3400
2.8500	296.1700	0.3400
3.5600	296.9100	0.3400
3.8400	297.6100	0.3400
3.7500	298.1000	0.3400
3.4700	298.7000	0.3400
3.1500	299.6000	0.3400
2.9000	300.7000	0.3400
3.0800	301.2700	0.3400
3.2200	301.3900	0.3400
3.2300	301.8000	0.3400
3.1200	302.5200	0.3400
2.9200	303.4700	0.3400
2.7200	304.5900	0.3400
2.5500	305.9000	0.3400
2.4300	306.9300	0.3400
2.4000	307.3500	0.3400
2.4100	307.3300	0.3400
2.3900	307.3200	0.3400
2.2900	307.6600	0.3400
2.1100	308.1300	0.3500
1.9100	308.8500	0.7000
1.7100	309.7300	0.6900
1.4700	310.7000	0.6700
1.2700	312.0000	0.6700
1.1500	313.1900	0.6400
1.1100	314.1400	0.6500
1.0900	314.8400	0.6500
1.0800	315.4000	0.6500
1.0700	316.0100	0.6600
1.0300	316.4700	0.6400
0.9500	316.9800	0.6200
0.8500	317.6000	0.6100
0.7800	318.2000	0.6000
0.7700	318.6800	0.6000
0.8100	318.7300	0.5900
0.8700	318.6100	0.5800
0.9000	318.6800	0.5700
0.8800	318.8900	0.5700
0.8200	319.5000	0.5600
0.7200	316.8000	0.5600
0.6400	305.2600	0.5800
0.5700	299.9600	0.5800
0.5400	297.8700	0.5800
0.5400	300.8400	0.5800
0.5600	304.7500	0.5700
0.6000	306.2000	0.5700
0.6400	303.5600	0.5700
0.6800	299.8500	0.5600
0.6900	298.7200	0.5800
0.6700	300.4700	0.6300
0.6400	300.8300	0.6300
0.6200	301.6900	0.6500
0.6200	300.0100	0.6500
0.6900	298.1100	0.6600
0.8700	304.0200	0.6800
1.1400	308.7300	0.6600
1.3900	310.4700	0.6500
1.5300	311.2100	0.6500
1.6000	311.7800	0.6600
1.6300	312.1800	0.6700
1.6500	312.6700	0.6900
1.7100	313.0900	0.7100
1.6800	313.4200	0.7100
1.5600	313.6700	0.7000
1.4100	313.9600	0.6900
1.2500	314.3800	0.6900
1.0800	314.9600	0.6900
0.9100	315.6900	0.6600
0.7500	314.0000	0.6500
0.6100	302.0000	0.6600
0.5200	302.3600	0.6800
0.4500	304.4800	0.6800
0.3900	302.9600	0.6600
0.3400	303.1900	0.6600
0.2900	302.3500	0.6500
0.2400	302.6400	0.6300
0.1900	302.8300	0.6300
0.1400	301.1000	0.6400
0.1000	300.2100	0.6400
0.0700	297.4800	0.6400
0.0500	291.8400	0.7000
0.0400	289.4300	0.7000
0.0400	289.2300	0.5500
0.0500	293.9700	0.5500
0.0800	296.6100	0.5500
0.1100	295.5200	0.5500
0.1600	297.1200	0.5500
0.3200	298.2600	0.5500
0.7200	296.1800	0.5500
1.2200	298.4300	0.5500
1.5300	300.6100	0.5400
1.6400	301.6300	0.5500
1.7000	302.1000	0.5600
1.7700	301.8700	0.5700
1.8400	301.3100	0.5600
1.8700	300.2900	0.5500
1.8700	299.7800	0.5400
1.8400	299.7000	0.5400
1.7600	300.1100	0.5300
1.6300	300.7200	0.5300
1.4500	300.9200	0.5300
1.2500	300.9600	0.5300
1.0400	301.1500	0.5300
0.8500	301.0500	0.5300
0.6900	295.5300	0.5300
0.5400	294.1700	0.5300
0.4100	288.5900	0.5300
0.3100	294.8300	0.5200
0.2200	290.0800	0.5200
0.1500	287.5200	0.5200
0.0900	285.1800	0.5200
0.0500	282.3400	0.5500
0.0300	280.7800	2.0500
0.0300	285.5400	2.0500
0.0200	288.2100	2.0500
0.0100	289.0600	2.0400
0.0100	288.6000	2.0400
0.0100	291.0600	2.0400
0.0000	292.2600	2.0400
0.0000	294.0400	2.0400
0.0000	295.3000	2.0400
0.0000	295.3800	2.0400
0.0000	290.5000	2.0700
0.0000	285.3800	2.1000
0.0000	286.8900	2.0900
0.0000	282.8400	2.1000
0.0000	284.5800	2.1100
0.0000	284.2400	2.1100
0.0000	285.3000	2.1000
0.0000	294.0800	2.0700
0.0000	295.1100	2.0600
0.0000	295.7000	2.0600
0.0000	293.5700	2.0500
0.0000	295.2000	2.0500
0.0000	295.6100	2.0400
0.0000	290.8800	2.0400
0.0000	282.8600	2.0400
0.0000	278.0800	2.0300
0.0000	286.4500	2.0300
0.0000	288.1100	2.0300
0.0000	287.2400	2.0200
0.0000	285.5300	2.0200
0.0000	275.5100	1.9900
0.0000	275.5700	0.6600
0.0000	279.2900	0.6600
0.0000	276.2500	0.6700
0.0000	274.6200	0.6700
0.0000	274.2500	0.6700
0.0000	274.5800	0.6700
0.0000	276.3600	0.6700
0.0000	275.5300	0.6700
0.0000	276.6400	0.6700
0.0000	279.9000	0.6700
0.0000	286.1100	0.6700
0.0000	281.8600	0.6700
0.0000	276.8800	0.6700
0.0000	279.3300	0.6700
0.0000	282.1900	0.6700
0.0000	283.4900	0.6700
0.0000	282.0800	0.6700
0.0000	281.9000	0.6700
0.0000	281.8700	0.6700
0.0000	285.3700	0.6700
0.0000	278.7900	0.6700
0.0100	273.6700	0.6700
0.0100	273.1500	0.6700
0.0200	273.1600	0.6700
0.0400	273.3800	0.6700
0.0500	273.5200	0.6700
0.0700	273.2900	0.6700
0.0900	273.1500	0.6700
0.1100	274.4500	0.6700
0.1200	279.9500	0.6600
0.1300	279.4200	0.3000
0.1300	275.5600	0.3000
0.1400	276.3800	0.3000
0.1400	276.6500	0.3000
0.1300	273.7100	0.3000
0.1300	273.8400	0.3000
0.1300	276.8800	0.3000
0.1300	282.0800	0.3000
0.1200	274.1400	0.3000
0.1200	273.2200	0.3000
0.1200	273.1500	0.3000
0.1100	273.1500	0.3000
0.1100	273.1500	0.3000
0.1100	274.5100	0.3000
0.1100	275.6100	0.3000
0.1100	273.9700	0.3000
0.1100	275.0200	0.3000
0.1100	275.6200	0.3000
0.1100	274.7400	0.3000
0.1100	276.2300	0.3000
0.1400	280.7300	0.3000
0.2000	278.8600	0.3000
0.3400	275.2300	0.3000
0.5600	276.2100	0.3000
0.7700	276.3700	0.3000
0.9100	275.9400	0.3000
0.9600	276.1000	0.3000
0.9500	276.0300	0.3000
0.8900	275.8000	0.3000
0.8300	275.5000	0.3000
0.7600	275.6900	0.3100
0.6900	275.9100	0.3800
0.6300	278.5300	0.3800
0.5700	277.1400	0.3800
0.5200	273.1500	0.3800
0.4800	273.1500	0.3800
0.4400	273.1500	0.3800
0.4000	273.1500	0.3800
0.3800	273.5900	0.3800
0.3600	273.8500	0.3800
0.3700	274.8200	0.3700
0.4100	277.4800	0.3700
0.4800	278.0400	0.3700
0.6400	276.8100	0.3700
0.9300	276.4700	0.3700
1.3400	276.8000	0.3700
1.8000	277.0800	0.3700
2.2300	277.3400	0.3700
2.5300	277.3800	0.3700
2.6600	277.2300	0.3700
2.6400	277.1500	0.3700
2.5000	277.1800	0.3700
2.2900	277.2000	0.3700
2.0500	277.0000	0.3700
1.8200	277.0800	0.3700
1.6100	276.9900	0.3700
1.4200	277.0400	0.3700
1.2500	276.6500	0.3700
1.1100	276.2500	0.3800
0.9800	275.8700	0.3800
0.8700	275.5500	0.3700
0.7800	275.5700	0.3700
0.7000	274.3000	0.2500
0.6300	273.2400	0.2500
0.5700	273.6700	0.2500
0.5100	273.4300	0.2500
0.4700	273.1500	0.2500
0.4300	273.1500	0.2500
0.4000	273.1500	0.2500
0.3900	273.1700	0.2500
0.4100	273.3300	0.2500
0.5200	273.2600	0.2500
0.7000	273.2000	0.2500
0.9600	273.6500	0.2500
1.4000	273.6600	0.2500
2.0100	273.7900	0.2500
2.6300	274.0000	0.2500
3.0100	274.2100	0.2500
3.0600	274.5100	0.2500
2.8900	274.9400	0.2500
2.6200	275.8600	0.2500
2.3300	276.8300	0.2500
2.0500	277.5400	0.2500
1.8000	278.4600	0.2500
1.5800	279.3100	0.2500
1.4000	279.5300	0.2500
1.2400	279.8700	0.2500
1.1000	280.0600	0.2500
0.9800	280.4000	0.2500
0.8800	281.0200	0.2500
0.7900	281.7800	0.3700
0.7100	277.9700	0.3700
0.6400	274.3200	0.3700
0.5800	275.0700	0.3700
0.5300	275.0800	0.3700
0.4800	276.1200	0.3700
0.4400	279.0700	0.3700
0.4100	282.7200	0.3700
0.3900	282.6000	0.3700
0.3700	283.5500	0.3700
0.3600	277.5500	0.3700
0.3600	279.4800	0.3700
0.3800	284.4100	0.3700
0.4100	280.7100	0.3700
0.4500	281.8800	0.3700
0.4800	278.0600	0.3700
0.5100	284.0800	0.3700
0.5300	286.6100	0.3700
0.5300	286.9000	0.3700
0.5200	288.9000	0.3700
0.5000	278.9300	0.3700
0.4700	279.2900	0.3700
0.4500	284.0500	0.3700
0.4200	290.6800	0.3700
0.3900	292.3400	0.3700
0.3700	290.6600	0.3700
0.3400	291.2400	0.3700
0.3200	282.1400	0.3700
0.3000	281.6400	0.3700
0.2800	282.0400	0.3700
0.2600	282.9200	0.3800
0.2400	285.7500	0.7500
0.2300	286.1500	0.7500
0.2100	284.9900	0.7500
0.2000	283.7300	0.7400
0.1900	286.2900	0.7400
0.1800	288.6900	0.7400
0.1700	288.9300	0.7500
0.1700	285.8700	0.7500
0.1600	283.3300	0.7500
0.1600	279.6500	0.7600
0.1700	278.5700	0.7600
0.1800	276.1500	0.7600
0.2200	275.6300	0.7600
0.3000	283.2000	0.7600
0.4500	290.8000	0.7600
0.6700	288.3400	0.7600
0.9300	290.2900	0.7600
1.2200	293.0300	0.7600
1.4800	294.0800	0.7600
1.6300	294.4600	0.7600
1.6500	294.6700	0.7600
1.6000	294.8400	0.7600
1.5300	294.4400	0.7600
1.5900	294.0100	0.7600
1.8500	292.9800	0.7600
2.2900	291.7700	0.7600
3.1600	290.5700	0.7600
4.4100	289.4600	0.7600
5.1000	288.9500	0.7600
4.9200	288.4300	0.7900
4.3300	287.9000	2.0500
3.6900	287.8700	2.0500
3.1000	288.4400	2.0500
2.6100	289.4900	2.0500
2.2100	290.9600	2.0500
1.8900	292.7700	2.0500
1.6400	294.7200	2.0500
1.4300	296.8100	2.0500
1.2700	298.9200	2.0400
1.1300	300.9300	2.0300
1.0200	302.8400	2.0400
0.9200	304.2200	2.0500
0.8300	303.6900	2.0500
0.7600	299.5200	2.0500
0.7000	291.4200	2.0400
0.6600	291.8800	2.0400
0.6200	293.5800	2.0400
0.6000	290.7700	2.0500
0.5800	293.7600	2.0500
0.5700	295.8800	2.0500
0.5500	296.1300	2.0500
0.5400	297.6600	2.0500
0.5300	294.1300	2.0500
0.5300	294.2000	2.0500
0.5300	289.0000	2.0500
0.5300	287.7600	2.0500
0.5500	295.2000	2.0500
0.6000	296.8600	2.0500
0.7000	297.6200	2.0500
0.8800	297.9800	2.0300
1.2600	299.4900	2.0500
1.9000	299.4700	3.0300
2.4900	299.1500	3.0200
2.7300	299.2200	3.0400
2.6800	299.7800	3.0500
2.5000	300.8400	3.0700
2.2800	302.0900	3.0800
2.0800	303.4900	2.9900
1.8700	305.0800	2.9900
1.6800	306.8200	2.9900
1.5300	308.4000	2.9900
1.4600	309.6900	3.0300
1.4900	310.4000	3.0000
1.5900	310.5000	3.0100
1.7200	310.2700	3.0000
1.8800	310.4100	3.0400
2.0900	310.5300	3.0800
2.3000	309.9900	3.0800
2.4800	308.5700	3.0800
2.6300	306.1000	3.0800
2.8100	304.2300	3.0800
3.1500	302.8800	3.0800
3.7100	301.2500	3.0800
4.3100	300.1100	3.0800
4.6200	299.2000	3.0800
4.5200	298.7100	3.0800
4.1600	298.5000	3.0800
3.7100	298.5700	3.0800
3.2500	299.1000	3.0800
2.8400	299.9800	3.0800
2.4800	301.2500	3.1400
2.1300	302.5500	6.0600
1.8600	303.1600	6.0900
1.7700	304.6700	6.2600
1.7800	305.9800	6.2600
1.8400	307.0100	6.2600
1.9400	307.4100	6.2600
2.0800	307.1700	6.2600
2.1800	306.8800	6.2600
2.1400	307.1500	6.2600
1.9800	308.0800	6.2600
1.8100	309.2100	6.2600
1.7100	310.3500	6.2600
1.7300	311.2900	6.0900
1.7600	312.0200	6.0500
1.6900	312.7000	6.0400
1.5600	313.4700	6.0500
1.4400	313.8200	6.0600
1.3900	313.8100	6.0600
1.3800	313.4100	6.0600
1.3400	313.1500	6.0600
1.2400	312.9600	6.0600
1.1000	312.8100	6.0500
1.0000	311.7200	6.0600
1.0300	308.1400	6.0600
1.2800	302.7900	6.0600
1.7400	298.7400	6.0600
2.5600	296.1800	6.0600
3.9600	295.0500	6.0600
4.9700	295.0400	6.0600
4.9200	295.5800	6.0600
4.2900	296.4100	6.0700
3.5700	297.5300	6.2300
2.9200	299.0500	6.2200
2.3600	300.8600	6.2200
1.9000	302.7400	6.2100
1.5300	304.7500	6.2000
1.2100	306.6900	6.1900
0.9700	308.2600	6.2300
0.7900	309.1400	6.2300
0.6800	297.5800	6.2300
0.8100	298.0400	6.2300
2.0000	301.7000	6.2300
4.0400	301.6200	6.2300
4.8600	301.0300	6.2300
4.4500	300.9500	6.2300
3.6700	301.2400	6.2300
2.9200	301.9500	6.2300
2.3100	302.9300	6.2300
1.8300	304.1000	6.2300
1.4500	305.0700	6.2200
1.1400	305.1200	6.2300
0.8900	305.5700	6.2300
0.6900	300.8100	6.2300
0.5300	299.1800	6.2200
0.4000	299.1100	6.2100
0.3100	298.0800	6.2000
0.2500	297.1000	6.1800
0.2100	292.1500	6.1700
0.1900	288.3300	6.1300
0.1800	292.9000	6.1100
0.2000	297.6200	6.1000
0.2300	298.7400	6.0500
0.2700	298.2400	4.7700
0.3400	296.9800	4.7500
0.4100	297.2900	4.7300
0.4600	297.7000	4.7200
0.4900	296.9900	4.7300
0.5200	291.6500	4.7500
0.5300	293.4600	4.7300
0.5000	295.2200	4.7200
0.4600	296.7100	4.7100
0.4100	298.0600	4.6900
0.3800	297.5900	4.6800
0.4000	298.3200	2.0300
0.4600	301.3300	0.3200
0.5400	297.8000	0.3600
0.6300	293.6000	0.4300
0.7300	295.2200	0.5300
0.8300	300.3100	0.6300
0.9300	302.2800	0.7300
1.0400	302.5200	0.8300
1.2500	301.7100	0.9500
1.6900	300.9400	1.1900
2.2200	299.4900	1.6800
2.6000	297.9700	2.2600
2.8800	296.7900	2.6400
3.0300	295.8700	2.9100
2.9800	295.6300	2.9900
2.7900	295.7600	2.9000
2.5700	296.1000	2.7100
2.3700	296.2500	2.4700
2.1600	296.2700	2.1800
1.9600	296.3400	0.2400
1.7800	296.2600	0.2400
1.6200	296.2700	0.2400
1.4700	296.3700	0.2400
1.3400	296.3200	0.2400
1.2500	296.4500	0.2400
1.2100	296.3900	0.2400
1.2800	296.0100	0.2400
1.4500	295.2500	0.2400
1.6200	294.4700	0.2400
1.7100	293.8400	0.2400
1.7100	293.1000	0.2400
1.6500	292.9900	0.2400
1.5600	292.6900	0.2400
1.4700	292.1500	0.2400
1.3900	291.5600	0.2400
1.3200	291.3100	0.2400
1.2500	291.2300	0.2400
1.1900	291.1900	0.2400
1.1400	290.9700	0.2400
1.0900	290.7800	0.2400
1.0600	290.5500	0.2400
1.0400	290.2800	0.2400
1.0200	289.9500	0.2400
0.9800	289.8600	0.2400
0.9400	289.6400	0.2400
0.8800	289.3400	0.2400
0.8200	289.3800	0.2400
0.7600	290.0200	0.2400
0.7000	286.0100	0.2400
0.6400	282.5300	0.2300
0.5900	280.6800	0.0800
0.5500	276.3300	0.0800
0.5100	276.9600	0.0800
0.4700	279.8800	0.0800
0.4400	280.7900	0.0800
0.4200	286.5900	0.0800
0.3900	286.0400	0.0800
0.3800	283.2400	0.0800
0.3600	284.9200	0.0800
0.3500	284.5600	0.0800
0.3500	276.2800	0.0800
0.3600	275.6700	0.0800
0.3600	276.4200	0.0800
0.3700	277.0500	0.0800
0.3800	277.3400	0.0800
0.3800	280.7000	0.0800
0.3800	282.5300	0.0800
0.3800	282.5900	0.0800
0.3700	279.6300	0.0800
0.3700	278.0800	0.0800
0.3700	276.1200	0.0800
0.3800	275.7500	0.0800
0.4000	276.9500	0.0800
0.4200	274.7700	0.0800
0.4400	277.4600	0.0800
0.4600	281.4900	0.0800
0.4800	277.1400	0.0800
0.5200	273.8300	0.0800
0.5700	273.1500	0.0800
0.6200	273.1500	0.0800
0.6700	273.3400	0.0300
0.7000	273.3400	0.0300
0.7100	273.3000	0.0300
0.7100	273.4000	0.0300
0.7300	273.6700	0.0300
0.7900	273.9100	0.0300
0.8900	274.0000	0.0300
1.0200	274.1900	0.0300
1.1300	274.7600	0.0300
1.2100	275.3400	0.0300
1.3000	276.0300	0.0300
1.5000	276.9500	0.0300
1.8400	277.2700	0.0300
2.1600	277.0700	0.0300
2.3000	276.8200	0.0300
2.2600	276.7500	0.0300
2.1100	276.6300	0.0300
1.9100	276.5400	0.0300
1.7000	276.4200	0.0300
1.5100	276.3600	0.0300
1.3400	276.3300	0.0300
1.1900	276.0700	0.0300
1.0600	275.8900	0.0300
0.9400	275.0500	0.0300
0.8400	274.4600	0.0300
0.7600	274.4100	0.0300
0.6900	274.3400	0.0300
0.6400	275.7400	0.0300
0.6000	277.6400	0.0300
0.5800	281.4700	0.0300
0.5700	279.2200	0.0300
0.5700	277.0600	0.0400
0.6200	274.9100	0.0400
0.7500	274.3800	0.0400
1.0000	276.1300	0.0400
1.3100	276.9400	0.0400
1.5400	277.0400	0.0400
1.6300	276.8200	0.0400
1.6000	276.4300	0.0400
1.5000	276.0900	0.0400
1.3900	275.8800	0.0400
1.3500	275.5100	0.0400
1.4200	275.2700	0.0400
1.5600	274.9100	0.0400
1.7200	274.4300	0.0400
1.9200	274.0000	0.0400
2.1400	273.5900	0.0400
2.3100	273.4100	0.0400
2.3900	273.4200	0.0400
2.3400	273.8200	0.0400
2.2000	274.3100	0.0400
2.0200	275.0300	0.0400
1.8200	275.6100	0.0400
1.6400	275.6600	0.0400
1.4700	276.2800	0.0400
1.3200	277.1300	0.0400
1.1900	277.7100	0.0400
1.0700	278.1300	0.0400
0.9700	278.2900	0.0400
0.8800	278.2600	0.0400
0.8000	278.0300	0.0400
0.7300	278.0700	0.0400
0.6700	275.7100	0.0300
0.6100	275.8600	0.0300
0.5600	276.8400	0.0300
0.5100	278.9200	0.0300
0.4700	279.6600	0.0300
0.4300	278.9500	0.0300
0.4000	274.0800	0.0300
0.3700	273.2600	0.0300
0.3400	273.2300	0.0300
0.3200	273.6900	0.0300
0.2900	275.7100	0.0300
0.2700	278.2800	0.0300
0.2600	282.8700	0.0300
0.2400	282.3000	0.0300
0.2200	279.6100	0.0300
0.2100	274.3200	0.0300
0.2000	275.5200	0.0300
0.1900	276.1500	0.0300
0.1800	277.6800	0.0300
0.1700	282.2500	0.0300
0.1600	281.5400	0.0300
0.1500	280.5000	0.0300
0.1400	277.2700	0.0300
0.1400	276.8800	0.0300
0.1300	279.1300	0.0300
0.1300	280.3200	0.0300
0.1300	280.6900	0.0300
0.1200	276.0900	0.0300
0.1300	275.7300	0.0400
0.1300	280.1900	0.0400
0.1400	281.7300	0.0400
0.1400	283.1500	0.0400
0.1500	283.4900	0.0400
0.1700	284.7300	0.0400
0.1800	284.1900	0.0400
0.1900	279.1600	0.0400
0.2000	280.1700	0.0400
0.2000	282.7200	0.0400
0.2100	280.9600	0.0400
0.2100	287.1300	0.0400
0.2100	280.0200	0.0400
0.2000	274.8800	0.0400
0.2000	275.3100	0.0400
0.1900	277.0100	0.0400
0.1900	280.2500	0.0400
0.1900	281.1400	0.0400
0.1800	275.6600	0.0400
0.1800	279.0300	0.0400
0.1800	278.8700	0.0400
0.1900	276.6800	0.0400
0.2200	276.2000	0.0400
0.2600	279.4400	0.0400
0.3400	275.6600	0.0400
0.4300	275.2300	0.0400
0.5200	279.8000	0.0400
0.5900	285.5400	0.0400
0.6400	288.9600	0.0400
0.6600	283.9100	0.0400
0.6800	281.1300	0.0400
0.7200	282.3500	0.0900
0.7800	285.5200	0.0900
0.8400	287.2700	0.0900
0.8800	288.7000	0.0900
0.8900	290.4000	0.0900
0.9200	291.7900	0.0900
0.9800	292.8100	0.0900
1.0800	293.4000	0.0900
1.2000	293.9600	0.0900
1.2900	294.4700	0.0900
1.3200	294.2100	0.0900
1.3600	293.6700	0.0900
1.4600	293.4400	0.0900
1.6400	293.1300	0.0900
2.0500	292.5500	0.0900
2.8500	291.4100	0.0900
3.6600	290.2900	0.0900
3.9200	289.6600	0.0900
3.6900	289.6800	0.0900
3.2500	290.2500	0.0900
2.7900	291.2300	0.0900
2.4300	292.0700	0.0900
2.2800	292.4700	0.0900
2.2500	292.3200	0.0900
2.2200	291.6700	0.0900
2.2200	291.1400	0.0900
2.3100	290.5300	0.0900
2.4500	290.0900	0.0900
2.5300	289.2600	0.0900
2.5200	288.6300	0.0900
2.4400	288.4100	0.2300
2.3300	287.9800	0.2300
2.2400	288.1000	0.2300
2.2000	288.5900	0.2300
2.2200	289.1500	0.2300
2.2500	289.9200	0.2300
2.2300	290.6300	0.2300
2.1300	291.3500	0.2300
1.9800	291.7300	0.2300
1.8100	292.8300	0.2300
1.6500	294.1700	0.2300
1.5300	295.3300	0.2300
1.5700	296.2700	0.2300
1.9400	296.2400	0.2300
2.4500	295.7300	0.2300
2.9800	295.4400	0.2300
3.5400	295.3900	0.2300
3.8900	295.3800	0.2300
3.8300	295.4000	0.2300
3.4700	295.7600	0.2300
3.0200	296.6300	0.2300
2.5700	297.7900	0.2300
2.1800	299.1200	0.2300
1.8500	300.6200	0.2300
1.6500	302.0200	0.2300
1.7400	301.9700	0.2300
2.0800	300.1200	0.2300
2.2800	298.1600	0.2300
2.2200	296.7100	0.2300
2.0300	295.4700	0.2300
1.8200	294.5300	0.2300
1.7200	294.3700	0.3400
1.8800	294.5900	0.3400
2.1400	295.3400	0.3400
2.5800	295.9400	0.3400
3.7900	295.9600	0.3400
5.7100	295.3500	0.3400
7.2200	294.9800	0.3400
7.8400	295.0400	0.3400
7.6200	295.3100	0.3400
6.7900	295.8000	0.3400
5.7600	296.3300	0.3400
5.2200	296.7100	0.3400
5.3000	296.6700	0.3400
5.5100	296.3000	0.3400
5.8100	296.3400	0.3400
6.3600	296.6900	0.3400
7.0000	297.0300	0.3400
6.9800	297.4100	0.3400
6.2700	298.0200	0.3400
5.2900	298.9200	0.3400
4.3700	300.1300	0.3400
3.6200	301.5700	0.3400
3.1300	303.1100	0.3400
2.7900	304.6500	0.3400
2.5100	306.1400	0.3400
2.2900	307.4900	0.3400
2.1500	308.5800	0.3400
2.1000	309.4300	0.3400
2.1000	310.1000	0.3400
2.0500	310.6900	0.3500
1.9100	311.1400	0.6800
1.7500	311.6700	0.6800
1.6900	312.2400	0.6800
1.6500	312.6800	0.6900
1.6500	313.0600	0.6800
1.6700	312.9900	0.6900
1.7200	312.7600	0.6900
1.7600	312.6000	0.6900
1.7500	312.7200	0.6900
1.7200	313.1100	0.6800
1.7400	313.3500	0.6800
1.8700	313.2200	0.6800
2.0100	312.8200	0.6800
2.0500	312.5500	0.6800
1.9400	312.4600	0.6800
1.7300	312.6500	0.6700
1.4900	313.2300	0.6700
1.2500	313.7400	0.6600
1.0700	314.6100	0.6600
0.8900	315.3700	0.6600
0.7300	313.7500	0.6600
0.5900	305.5700	0.6600
0.4600	305.1400	0.6600
0.3500	304.4200	0.6500
0.2500	303.6400	0.6500
0.1900	295.5500	0.6600
0.1600	289.2600	0.6600
0.1300	295.2200	0.6600
0.1100	299.4500	0.6600
0.1500	301.2700	0.6600
0.6000	301.5200	0.6500
2.0500	300.9800	0.6700
3.1500	300.7700	0.6700
3.1600	301.0800	0.6700
2.7100	301.9700	0.6700
2.2500	302.7300	0.6800
1.8900	303.9500	0.6800
1.6100	305.3800	0.6800
1.4000	306.8900	0.6800
1.2200	308.5300	0.6800
1.0800	310.1400	0.6800
0.9800	311.7000	0.6800
0.9500	312.8800	0.7000
0.9400	313.0500	0.7200
1.0100	312.3300	0.7100
1.1900	309.7200	0.7100
1.4000	307.3500	0.7000
1.5700	305.6400	0.7000
1.9100	304.6500	0.6900
2.5500	303.8400	0.6900
3.1800	303.2100	0.6900
3.3800	302.8200	0.6800
3.2100	302.6900	0.6800
2.9200	302.6900	0.7000
2.6300	303.1200	0.7100
2.4100	303.7400	0.7100
2.3000	304.5300	0.7100
2.2900	305.2000	0.7100
2.2800	305.7700	0.7000
2.2100	306.2600	0.7000
2.0700	306.6900	0.6900
1.8800	307.1400	0.6900
1.6800	307.4100	0.5300
1.4800	307.7000	0.5300
1.2700	308.2100	0.5200
1.0700	308.7600	0.5200
0.8900	308.9900	0.5200
0.7400	306.6800	0.5400
0.6100	296.9800	0.5500
0.5000	298.9300	0.5500
0.4000	300.0600	0.5500
0.3100	299.4400	0.5500
0.2300	299.3300	0.5500
0.1600	298.4600	0.5500
0.1100	295.9100	0.5400
0.0600	291.7200	0.5400
0.0300	290.6200	0.5400
0.0100	292.8400	0.5500
0.0000	293.8900	0.5500
0.0000	295.6900	0.5500
0.0000	296.2400	0.5400
0.0000	296.8900	0.5300
0.0000	299.8200	0.5200
0.0000	297.0300	0.5200
0.0000	291.8900	0.5100
0.0000	296.3000	0.5000
0.0000	295.5100	0.5000
0.0000	291.7900	0.5000
0.0000	293.9000	0.4900
0.0000	294.1500	0.4900
0.0000	285.6800	0.5000
0.0000	291.8600	0.5300
0.0000	295.6500	2.2500
0.0000	296.2900	2.2400
0.0000	296.8600	2.2300
0.0000	298.0400	2.2200
0.0000	289.9000	2.2300
0.0000	279.3200	2.2300
0.0000	281.1700	2.2200
0.0000	284.9200	2.2100
0.0000	286.6700	2.2100
0.0000	283.9800	2.2500
0.0000	282.1900	2.3000
0.0400	282.8500	2.3700
0.7800	283.9800	2.3700
3.5900	283.2800	2.3700
8.6600	283.5100	2.3700
10.5200	283.7200	2.3700
9.1700	284.2400	2.3700
7.3200	285.0000	2.3400
5.7600	285.8900	2.2900
4.5800	286.6500	2.3400
3.7000	287.2200	2.3700
3.0500	287.4300	2.3700
2.5600	287.6200	2.3700
2.1700	287.4300	2.3700
1.8700	287.2500	2.3700
1.6200	287.2100	2.3700
1.4300	287.1700	2.3400
1.2600	287.1200	2.2900
1.1200	287.3300	2.2800
0.9900	287.6500	2.2900
0.8900	288.0600	2.2600
0.8000	287.8800	0.7500
0.7400	287.4500	0.7500
0.6800	287.9800	0.7500
0.6300	286.1600	0.7500
0.5800	285.1600	0.7500
0.5400	280.4100	0.7500
0.4900	285.8300	0.7500
0.4600	287.9000	0.7500
0.4200	284.9900	0.7500
0.3900	281.6700	0.7500
0.3700	287.7900	0.7500
0.3400	287.0400	0.7500
0.3200	281.4300	0.7500
0.3000	279.8800	0.7500
0.2900	277.6300	0.7500
0.2800	273.9100	0.7500
0.2700	275.0800	0.7500
0.2600	276.2100	0.7500
0.2700	279.7300	0.7500
0.2700	276.8500	0.7500
0.2900	279.9100	0.7500
0.3200	280.6500	0.7500
0.3600	282.8600	0.7500
0.4100	281.8800	0.7500
0.4600	277.6300	0.7500
0.5000	279.8800	0.7500
0.5200	280.6800	0.7400
0.5300	274.3500	0.7400
0.5300	273.2300	0.7500
0.5100	273.5000	0.7400
0.5000	273.5700	0.3300
0.4900	273.4600	0.3300
0.4800	273.3200	0.3300
0.4700	273.1500	0.3300
0.4700	273.1500	0.3300
0.4600	273.1500	0.3300
0.4500	273.1500	0.3300
0.4400	273.1500	0.3300
0.4300	273.1500	0.3300
0.4100	273.4900	0.3300
0.4000	273.9200	0.3300
0.3900	274.7700	0.3300
0.3800	275.1200	0.3300
0.3700	275.4900	0.3300
0.3700	273.6500	0.3300
0.3600	273.1800	0.3300
0.3600	273.1500	0.3300
0.3600	273.1500	0.3300
0.3700	273.1500	0.3300
0.3900	273.1500	0.3300
0.4100	273.8900	0.3300
0.4300	277.6500	0.3300
0.4600	281.2600	0.3300
0.4700	280.5600	0.3300
0.4800	278.8200	0.3300
0.4900	281.5100	0.3300
0.4900	282.3500	0.3300
0.4900	279.4200	0.3300
0.4800	280.4400	0.3300
0.4700	278.5700	0.3300
0.4700	276.5600	0.3300
0.4600	281.4400	0.4100
0.4400	279.0200	0.4100
0.4300	280.2000	0.4100
0.4200	280.3500	0.4100
0.4100	279.3100	0.4100
0.4000	276.9600	0.4100
0.4000	282.2000	0.4100
0.4000	282.9400	0.4100
0.4100	277.5700	0.4100
0.4300	275.4700	0.4100
0.4600	279.7300	0.4100
0.5000	282.8900	0.4100
0.5500	275.7300	0.4100
0.5900	277.5700	0.4100
0.6100	281.5700	0.4100
0.6100	280.9600	0.4100
0.6100	274.8700	0.4100
0.5800	277.1900	0.4100
0.5600	279.4600	0.4100
0.5200	275.5000	0.4100
0.4900	274.6300	0.4100
0.4600	274.8800	0.4100
0.4200	274.5800	0.4100
0.3900	275.8600	0.4100
0.3700	277.4900	0.4100
0.3400	279.4700	0.4100
0.3200	280.0500	0.4100
0.3000	278.4700	0.4100
0.2800	276.1700	0.4100
0.2600	275.7200	0.4100
0.2400	278.4000	0.4100
0.2300	279.5000	0.2700
0.2100	280.2500	0.2700
0.2000	276.5700	0.2700
0.1900	276.8000	0.2700
0.1800	275.7800	0.2700
0.1700	276.0800	0.2700
0.1600	275.8800	0.2700
0.1500	276.7600	0.2700
0.1400	275.9800	0.2700
0.1300	274.9800	0.2700
0.1300	273.1700	0.2700
0.1200	273.8200	0.2700
0.1200	276.2800	0.2700
0.1100	279.9800	0.2700
0.1100	277.6400	0.2700
0.1100	273.6300	0.2700
0.1000	273.1500	0.2700
0.1000	273.1500	0.2700
0.1000	273.1500	0.2700
0.1100	273.5500	0.2700
0.1100	274.4300	0.2700
0.1200	274.6100	0.2700
0.1200	275.5700	0.2700
0.1300	277.3900	0.2700
0.1400	276.2700	0.2700
0.1500	274.6500	0.2700
0.1500	279.9100	0.2700
0.1600	287.3300	0.2700
0.1600	290.1600	0.3900
0.1700	281.4700	0.3900
0.1700	279.1200	0.3900
0.1700	282.4300	0.3900
0.1700	286.1900	0.3900
0.1700	283.4000	0.3900
0.1700	285.2000	0.3900
0.1700	286.0100	0.3900
0.1700	279.5400	0.3900
0.1600	281.2200	0.3900
0.1600	278.3600	0.3900
0.1600	278.9200	0.3900
0.1600	275.8500	0.3900
0.1500	276.2000	0.3900
0.1500	279.0900	0.3900
0.1500	282.0600	0.3900
0.1400	276.7600	0.3900
0.1400	277.2300	0.3900
0.1300	277.4600	0.4000
0.1300	273.4300	0.4000
0.1300	273.1500	0.4100
0.1300	273.1500	0.4100
0.1400	273.3600	0.4100
0.1500	274.3000	0.4100
0.1800	275.1500	0.4100
0.2300	275.7300	0.4100
0.2800	278.7800	0.4100
0.3500	277.6900	0.4100
0.4500	283.8400	0.4100
0.5900	288.7700	0.4100
0.7800	286.7800	0.4100
0.9600	286.8300	0.8300
1.0800	287.5900	0.8300
1.1200	288.3800	0.8300
1.1000	289.2000	0.8300
1.0400	290.2200	0.8300
0.9600	291.7300	0.8300
0.8800	292.9300	0.8300
0.8000	291.6400	0.8300
0.7300	291.2400	0.8300
0.6700	290.1100	0.8300
0.6200	292.2100	0.8300
0.5900	289.7000	0.8300
0.5600	292.6200	0.8300
0.5700	295.0500	0.8200
0.6100	291.7100	0.8200
0.6900	287.8300	0.8200
0.7800	292.2200	0.8200
0.8600	296.1300	0.8200
0.9100	298.0500	0.8200
0.9100	299.1000	0.8100
0.8900	299.6000	0.8100
0.8400	299.7300	0.8100
0.7800	299.6500	0.8100
0.7200	296.4400	0.8100
0.6700	277.2500	0.8100
0.6200	279.9300	0.8100
0.5800	288.3300	0.8000
0.5500	290.1300	0.8100
0.5300	286.0200	0.8300
0.5200	285.2800	0.8600
0.5000	287.9900	2.2200
0.4900	291.9800	2.2200
0.4700	290.3100	2.2200
0.4600	284.5100	2.2200
0.4500	282.5000	2.2200
0.4400	285.7000	2.2200
0.4500	289.7400	2.2200
0.4800	292.4900	2.2200
0.5100	290.9000	2.2200
0.5500	286.9500	2.2200
0.5900	283.7300	2.2200
0.6200	287.7500	2.2200
0.6400	292.0600	2.2200
0.6500	290.5400	2.2200
0.6600	287.4000	2.2200
0.6500	288.7100	2.1700
0.6300	292.1200	2.1600
0.6000	296.5600	2.1600
0.5600	299.6600	2.1600
0.5100	298.2300	2.1500
0.4700	297.9800	2.1500
0.4300	299.4200	2.1500
0.4000	299.1500	2.1600
0.3800	296.3200	2.2100
0.3700	297.6200	2.2100
0.3900	297.7700	2.2000
0.4300	300.3000	2.2000
0.4800	300.9600	2.2000
0.5300	298.4100	2.2000
0.5600	291.5800	2.2000
0.5900	290.6400	2.2500
0.6400	294.5500	3.3500
0.7300	295.3900	3.3500
0.8400	297.6800	3.3500
0.9500	300.6400	3.3500
1.0100	303.4500	3.3500
1.0100	306.1400	3.3500
0.9700	308.6000	3.3500
0.9100	310.5000	3.3500
0.8500	311.7900	3.3500
0.7800	312.2900	3.3500
0.7100	305.8700	3.3500
0.6500	296.6100	3.3500
0.6200	298.3200	3.3200
0.6200	301.3800	3.2600
0.6500	303.0500	3.2300
0.6800	300.0100	3.3000
0.7100	296.6700	3.3500
0.7300	299.8000	3.3500
0.8600	301.5000	3.3500
1.1300	302.1600	3.3500
1.4200	302.9500	3.3500
1.5800	303.8100	3.3500
1.6400	303.9000	3.3500
1.6600	303.9800	3.3500
1.7000	303.9300	3.3500
1.9500	303.5900	3.3500
2.4300	303.0800	3.3500
3.0700	302.7500	3.3500
3.5500	302.7800	3.3500
3.6300	303.1800	3.4000
3.2900	303.8000	6.5800
2.7900	304.6300	6.5800
2.3100	305.8700	6.5700
1.9000	307.2400	6.5800
1.5900	308.3400	6.5800
1.4100	309.1400	6.5800
1.3700	308.7300	6.5800
1.3600	307.6200	6.5800
1.3300	306.0600	6.5800
1.2800	305.1700	6.5800
1.2700	304.9200	6.5800
1.2700	305.7600	6.5800
1.2300	307.0900	6.5800
1.1800	308.7700	6.5800
1.0900	310.6200	6.5800
0.9500	312.3800	6.5800
0.7900	313.6200	6.5800
0.6300	302.6000	6.5600
0.4800	306.4900	6.5500
0.3600	304.2800	6.5200
0.2600	301.3300	6.5100
0.2000	299.7200	6.5000
0.1700	300.2900	6.4600
0.1400	302.7500	6.4200
0.1100	304.9800	6.3800
0.0900	304.5400	6.3500
0.0600	302.7800	6.4400
0.0500	302.5500	6.5200
0.0300	302.7500	6.4800
0.0300	303.5100	6.4600
0.0200	304.5300	6.4200
0.0200	303.1800	6.5500
0.0400	299.9000	6.6300
0.1000	299.8600	6.6800
0.2000	298.9400	6.6500
0.3000	302.3600	6.6200
0.3800	304.3100	6.6000
0.4300	300.1500	6.6700
0.4500	300.5300	6.7100
0.4600	302.3700	6.7100
0.4700	304.5900	6.7200
0.4800	301.3700	6.7100
0.4900	301.3500	6.6900
0.4900	300.6300	6.6800
0.5500	295.7600	6.7400
0.7000	294.2100	6.7500
0.9500	298.3400	6.7300
1.2900	302.5100	5.2800
1.6700	305.1300	1.2200
1.9900	306.8400	1.6000
2.1200	307.6700	1.8700
2.0300	308.2500	1.9400
1.8000	308.7800	1.8200
1.5100	309.4100	1.5900
1.2100	310.3000	1.3200
0.9400	310.9400	1.0500
0.7100	302.0900	0.8200
0.5400	293.6100	0.6300
0.4000	290.3800	0.4900
0.3200	290.9500	0.3800
0.2500	293.2100	0.3000
0.2000	295.5000	0.2200
0.1700	295.6500	0.1700
0.1800	288.0600	0.1500
0.2500	289.8600	0.1600
0.4600	290.8300	0.2200
0.8400	294.4000	0.3900
1.2200	296.1700	0.7000
1.4100	297.6500	1.0100
1.4300	299.0100	1.2000
1.3500	300.2500	1.2400
1.2800	300.9200	1.2700
1.2300	301.4900	1.2500
1.2200	301.8200	1.2200
1.2500	301.7800	1.2100
1.3100	301.5200	1.2200
1.4200	301.2200	1.2700
1.5800	300.7300	1.3600
1.7100	300.0400	1.4800
1.7200	299.2500	1.5400
1.5900	298.3700	1.5000
1.3900	298.1900	1.3600
1.1800	298.2900	1.1800
1.0300	297.7400	1.0700
1.0300	297.1300	1.0000
1.2300	294.3800	1.0400
1.4700	291.9600	1.1900
1.5700	290.5300	1.3300
1.5100	290.2500	1.3600
1.3600	289.8800	1.2800
1.2100	290.1800	1.1500
1.0700	290.7900	1.0100
1.0000	291.8900	0.2300
0.9600	293.3500	0.2300
0.9100	294.8300	0.2300
0.8500	296.2700	0.2300
0.7800	296.9100	0.2300
0.7000	294.5300	0.2300
0.6200	296.2600	0.2300
0.5500	291.9400	0.2300
0.4800	280.6600	0.2400
0.4400	279.4300	0.2400
0.4400	280.7700	0.2400
0.5200	281.4400	0.2400
0.7000	281.7300	0.2400
0.8900	282.6100	0.2400
1.0200	284.3600	0.2400
1.1000	285.8300	0.2400
1.1800	287.4000	0.2400
1.2800	288.4500	0.2400
1.3700	288.5900	0.2400
1.4100	288.1100	0.2400
1.4000	287.9400	0.2400
1.3500	287.4700	0.2400
1.2900	287.1100	0.2400
1.2400	286.8700	0.2400
1.1900	286.7600	0.2400
1.1400	286.8700	0.2400
1.1000	286.4200	0.2400
1.0400	286.3000	0.2400
0.9700	286.2000	0.2400
0.8900	286.1400	0.2400
0.8000	285.7200	0.2400
0.7300	283.4300	0.0800
0.6700	274.7700	0.0800
0.6100	276.6200	0.0800
0.5500	282.4500	0.0800
0.5000	285.7000	0.0800
0.4600	284.3600	0.0800
0.4100	286.1000	0.0800
0.3800	290.0900	0.0800
0.3500	287.0400	0.0800
0.3200	279.2900	0.0800
0.2900	275.9100	0.0800
0.2700	279.3300	0.0800
0.2500	277.5300	0.0800
0.2300	279.5300	0.0800
0.2100	278.2900	0.0800
0.2000	276.3800	0.0800
0.1800	283.0900	0.0800
0.1700	278.9900	0.0800
0.1600	276.8900	0.0800
0.1500	277.8800	0.0800
0.1400	282.0700	0.0800
0.1300	283.7800	0.0800
0.1200	284.6000	0.0800
0.1200	281.8700	0.0800
0.1100	278.3100	0.0800
0.1100	278.2500	0.0800
0.1000	275.5400	0.0800
0.0900	278.4400	0.0800
0.0900	274.1600	0.0800
0.0900	273.1500	0.0800
0.0800	273.1900	0.0300
0.0800	273.2300	0.0300
0.0800	273.1500	0.0300
0.0700	273.3800	0.0300
0.0700	275.4500	0.0300
0.0700	277.9200	0.0300
0.0600	275.3100	0.0300
0.0600	275.0200	0.0300
0.0600	278.3900	0.0300
0.0600	279.1500	0.0300
0.0600	279.0800	0.0300
0.0500	279.0800	0.0300
0.0500	279.2800	0.0300
0.0500	280.8600	0.0300
0.0500	281.3100	0.0300
0.0500	281.2900	0.0300
0.0500	275.6200	0.0300
0.0500	273.8400	0.0300
0.0500	273.8700	0.0300
0.0500	273.4500	0.0300
0.0500	273.1500	0.0300
0.0600	273.1500	0.0300
0.0600	273.1500	0.0300
0.0600	273.4700	0.0300
0.0700	273.4700	0.0300
0.0700	273.6400	0.0300
0.0700	274.4300	0.0300
0.0800	274.5200	0.0300
0.0800	274.1300	0.0300
0.0900	273.1500	0.0300
0.1100	273.1500	0.0300
0.1600	273.1500	0.0400
0.2200	273.1500	0.0400
0.2800	273.3700	0.0400
0.3300	274.6500	0.0400
0.3600	273.9700	0.0400
0.4000	273.1900	0.0400
0.5200	273.1500	0.0400
0.7000	273.1400	0.0400
0.8600	273.4000	0.0400
0.9900	273.4400	0.0400
1.1000	273.6000	0.0400
1.1500	273.6900	0.0400
1.1400	273.6800	0.0400
1.0600	273.7000	0.0400
0.9400	273.4100	0.0400
0.8100	273.1700	0.0400
0.7000	273.2100	0.0400
0.6000	273.1500	0.0400
0.5100	273.1500	0.0400
0.4500	273.1500	0.0400
0.3900	273.1500	0.0400
0.3500	273.1500	0.0400
0.3200	273.2100	0.0400
0.2900	273.5700	0.0400
0.2800	273.6800	0.0400
0.3400	273.8600	0.0400
0.5800	273.4500	0.0400
0.8800	273.3000	0.0400
1.0000	273.4200	0.0400
0.9500	273.4000	0.0400
0.8300	273.4600	0.0400
0.7100	273.5100	0.0300
0.6100	273.1500	0.0300
0.5200	273.1500	0.0300
0.4500	273.1500	0.0300
0.3900	273.4600	0.0300
0.3400	275.1700	0.0300
0.3100	274.1900	0.0300
0.2800	273.1500	0.0300
0.2600	273.1500	0.0300
0.2400	273.1500	0.0300
0.2300	273.4400	0.0300
0.2400	273.5900	0.0300
0.2700	273.1500	0.0300
0.4200	273.1500	0.0300
0.7600	273.0700	0.0300
1.0600	273.5100	0.0300
1.1400	274.0700	0.0300
1.1300	274.6600	0.0300
1.3600	275.2000	0.0300
1.9500	275.7300	0.0300
2.5600	276.0400	0.0300
3.0600	277.3000	0.0300
3.4400	277.7500	0.0300
3.5300	277.7100	0.0300
3.7400	277.3900	0.0300
4.6400	276.7900	0.0300
6.2800	276.3200	0.0300
9.0800	275.9500	0.0300
11.2600	275.7200	0.0400
11.9500	275.7200	0.0400
12.0900	275.6900	0.0400
11.6500	275.6100	0.0400
10.4100	275.5300	0.0400
8.7300	275.5800	0.0400
7.2600	275.9100	0.0400
6.9600	276.5500	0.0400
8.7000	277.7200	0.0400
10.0900	278.9600	0.0400
9.2100	280.1200	0.0400
7.4500	281.2500	0.0400
5.8600	282.3700	0.0400
4.6400	283.4500	0.0400
3.7300	284.3400	0.0400
3.0500	284.9200	0.0400
2.5400	285.8100	0.0400
2.1400	286.7400	0.0400
1.8300	287.6800	0.0400
1.5700	288.3600	0.0400
1.3700	289.2300	0.0400
1.2000	290.1600	0.0400
1.0500	290.9000	0.0400
0.9300	291.7900	0.0400
0.8300	291.7400	0.0400
0.7500	292.1400	0.0400
0.6800	287.5400	0.0400
0.6200	287.3400	0.0400
0.5900	290.0600	0.0400
0.6200	281.5700	0.0400
0.8500	286.4400	0.0400
1.3500	288.6700	0.0900
1.9400	289.7300	0.0900
2.3000	290.5700	0.0900
2.3800	291.0300	0.0900
2.2900	291.0400	0.0900
2.1200	290.6500	0.0900
1.9200	289.8400	0.0900
1.7200	289.7300	0.0900
1.5300	289.5100	0.0900
1.3600	290.0100	0.0900
1.2100	290.1000	0.0900
1.0800	289.9200	0.0900
0.9700	289.9800	0.0900
0.8900	289.0000	0.0900
0.8400	289.0000	0.0900
0.8200	289.3700	0.0900
0.8200	290.1800	0.0900
0.8400	290.1700	0.0900
0.8900	291.2500	0.0900
0.9400	292.2200	0.0900
1.0100	293.4600	0.0900
1.0600	294.7200	0.0900
1.0900	295.9000	0.0900
1.1400	296.7000	0.0900
1.3300	295.8900	0.0900
2.0900	292.6400	0.0900
4.1100	289.2500	0.0900
9.4000	286.4700	0.0900
13.5800	285.1900	0.0900
12.6500	285.3500	0.0900
10.2200	286.3700	0.2300
8.0400	287.6900	0.2300
6.3500	289.0600	0.2300
5.0700	290.3900	0.2300
4.1100	291.7000	0.2300
3.3900	292.9800	0.2300
2.9000	293.8400	0.2300
2.5900	294.3800	0.2300
2.4800	295.0900	0.2300
2.6300	295.6400	0.2300
2.9600	296.0500	0.2300
3.2100	296.2400	0.2300
3.2000	296.4500	0.2300
2.9800	296.9000	0.2300
2.6600	297.4800	0.2300
2.3200	298.1000	0.2300
2.0000	298.9400	0.2300
1.7300	299.9300	0.2300
1.5100	301.1200	0.2300
1.3300	302.4900	0.2300
1.2000	303.8200	0.2300
1.1300	304.9600	0.2300
1.1000	305.5300	0.2300
1.1400	305.3600	0.2300
1.2300	305.0900	0.2300
1.3200	304.6800	0.2300
1.4200	304.4300	0.2300
1.5400	304.2600	0.2300
1.6800	304.2100	0.2300
1.8400	303.6900	0.2300
2.1200	302.6300	0.2300
2.6200	300.9000	0.3400
3.0300	299.4600	0.3400
3.1900	298.7400	0.3400
3.3300	298.7400	0.3400
3.5600	298.8700	0.3400
3.6700	299.0600	0.3400
3.5200	299.2800	0.3400
3.1800	299.4300	0.3400
2.7600	299.7500	0.3400
2.3600	300.5500	0.3400
2.0000	301.8600	0.3400
1.7000	303.4400	0.3400
1.5000	304.1600	0.3400
1.8700	302.7100	0.3400
3.9600	297.6100	0.3400
6.0000	294.9000	0.3400
6.8400	294.7100	3.7200
7.5600	295.3200	7.2800
7.5200	296.0100	7.6000
6.7500	296.9300	7.1200
5.8400	298.2000	6.2800
5.0100	299.6700	5.4400
4.3600	301.2000	4.7200
3.9100	302.7000	4.1800
3.5400	304.0900	3.7700
3.1800	305.4300	3.4100
2.8100	306.5200	3.0500
2.4700	307.3000	2.6900
2.1700	307.9700	2.3700
1.9100	308.7300	2.0800
1.6100	309.7900	1.7000
1.3000	311.1700	1.3800
1.0500	312.7000	1.1100
0.8400	313.9600	0.8900
0.6700	302.4200	0.7300
0.5400	299.6300	0.6600
0.4200	301.1100	0.6600
0.3200	300.7600	0.6600
0.2400	300.6500	0.6600
0.2000	297.5700	0.6600
0.1800	295.4800	0.6600
0.1600	295.9000	0.6700
0.1500	297.7700	0.6800
0.1600	299.1100	0.6900
0.1600	300.0200	0.6800
0.1900	301.6500	0.6900
0.2700	302.0800	0.6900
0.4000	303.0000	0.6900
0.5500	302.2900	0.6800
0.6900	298.5000	0.6800
0.7500	305.3000	0.6900
0.7300	310.4700	0.6800
0.6500	302.5900	0.6800
0.5400	301.8800	0.6700
0.4300	301.6700	0.6600
0.3300	301.3500	0.6600
0.2500	300.6400	0.6600
0.1900	298.6700	0.6600
0.2100	297.3900	0.6700
0.5800	296.1100	0.6800
1.5700	298.8300	0.6900
2.6700	300.4800	0.7100
4.0500	301.1300	0.7200
5.2600	301.6200	0.7200
5.3800	302.2200	3.2300
4.7600	302.9800	5.0100
3.9500	303.9700	4.2200
3.2500	305.1100	3.5800
2.7400	306.3800	3.0700
2.4300	307.4900	2.6500
2.3400	308.3800	2.4200
2.3800	309.2100	2.3300
2.4800	309.9300	2.3100
2.6100	310.4000	2.3800
2.7000	310.7000	2.4700
2.6600	310.9000	2.4700
2.4600	311.2000	2.3600
2.1900	311.5500	2.1800
1.9300	311.8800	1.9300
1.7300	312.2000	1.7100
1.6000	312.5500	1.5200
1.6200	312.6100	1.4900
1.8100	312.3800	1.5600
2.0800	311.6400	1.7700
2.2500	311.0300	2.0600
2.2700	310.2500	2.2200
2.2400	309.5700	2.2400
2.1700	309.1000	2.1700
2.0100	309.1000	2.0200
1.8100	309.3700	1.8400
1.6000	309.6600	1.6500
1.3900	310.0200	1.4500
1.2100	310.5100	1.2600
1.0400	311.0100	1.1000
0.9000	311.2700	0.9500
0.7600	310.3600	0.8100
0.6200	299.3900	0.6700
0.5000	299.0800	0.5500
0.3900	297.6100	0.5300
0.3100	295.8300	0.5300
0.2300	290.3500	0.5300
0.1700	287.0300	0.5300
0.1600	288.2500	0.5400
0.1400	292.7400	0.5400
0.1200	294.1500	0.5300
0.1000	287.1900	0.5300
0.0700	288.0800	0.5300
0.0400	295.6000	0.5300
0.0200	299.7700	0.5300
0.0100	296.9400	0.5500
0.0000	293.2200	0.5500
0.0000	297.7500	0.5500
0.0000	299.7200	0.5400
0.0000	295.4300	0.5400
0.0000	298.6000	0.5400
0.0000	294.0200	0.5400
0.0000	288.9400	0.5400
0.0000	289.0500	0.5400
0.0000	291.5300	0.5300
0.0000	291.8400	0.5300
0.0000	297.4400	0.5500
0.0000	294.2300	0.5900
0.0000	289.2700	2.3800
0.0000	294.5600	2.3800
0.0000	289.5100	2.3800
0.0000	292.0900	2.3800
0.0000	294.1900	2.3800
0.0000	298.5600	2.3800
0.0200	293.7500	2.3800
0.0500	287.2700	2.3800
0.1000	290.6200	2.3800
0.1700	289.1800	2.3800
0.2300	286.7900	2.3800
0.2800	289.0200	2.3800
0.3200	289.7200	2.3500
0.3400	286.0400	2.3700
0.3400	281.3800	2.3700
0.3400	281.7200	2.3700
0.3300	285.9300	2.3700
0.3200	287.1500	2.3800
0.3100	284.2000	2.3800
0.3000	290.8400	2.3700
0.3000	286.7100	2.3600
0.2900	279.9000	2.3600
0.2900	282.1800	2.3500
0.2900	286.7600	2.3400
0.3000	286.3500	2.3400
0.3200	285.5900	2.2900
0.3300	281.5100	2.2900
0.3400	280.6600	2.2800
0.3600	285.4500	2.2800
0.3600	289.7700	2.2700
0.3600	286.6700	2.2400
0.3700	279.6300	0.7400
0.3800	281.8600	0.7300
0.3900	279.4300	0.7300
0.3800	285.6100	0.7300
0.3800	285.1700	0.7300
0.3600	276.7400	0.7300
0.3500	279.0300	0.7300
0.3300	287.1700	0.7300
0.3100	287.2200	0.7300
0.3000	284.7800	0.7300
0.2800	289.5500	0.7300
0.2600	283.6400	0.7300
0.2500	282.2100	0.7300
0.2300	284.2700	0.7300
0.2100	275.6700	0.7300
0.2000	282.1100	0.7200
0.1900	286.0600	0.7200
0.1800	286.8800	0.7200
0.1700	288.0900	0.7200
0.1600	284.4000	0.7200
0.1500	274.0300	0.7200
0.1400	273.2800	0.7200
0.1300	273.2800	0.7200
0.1200	273.4000	0.7200
0.1200	274.2200	0.7200
0.1100	275.1600	0.7200
0.1100	275.6000	0.7200
0.1000	276.8700	0.7500
0.1000	274.7700	0.7500
0.0900	274.4600	0.7400
0.0900	274.5700	0.3300
0.0800	274.6600	0.3300
0.0800	275.6000	0.3300
0.0800	282.1700	0.3300
0.0700	280.7300	0.3300
0.0700	274.8400	0.3300
0.0700	274.3500	0.3300
0.0700	273.1500	0.3300
0.0700	273.1500	0.3300
0.0700	273.2600	0.3300
0.0700	273.4100	0.3300
0.0800	273.1500	0.3300
0.0900	273.2600	0.3300
0.1100	273.2400	0.3300
0.1400	273.1500	0.3300
0.1800	273.2500	0.3300
0.2300	273.2900	0.3300
0.2800	274.1000	0.3300
0.3300	274.6800	0.3300
0.3900	275.4700	0.3300
0.5200	275.8100	0.3300
0.8500	275.8200	0.3300
1.4100	275.3900	0.3300
1.8800	274.8500	0.3300
2.1400	274.5000	0.3300
2.2800	274.1500	0.3300
2.3000	273.8600	0.3300
2.4400	273.8000	0.3300
2.7500	273.6500	0.3300
3.0700	273.4600	0.3300
3.2400	273.4500	0.3300
3.2500	273.3200	0.4200
3.1200	273.1200	0.4200
2.8700	272.9700	0.4200
2.5800	272.9500	0.4200
2.3200	273.1700	0.4200
2.1500	273.7000	0.4200
2.0800	273.9400	0.4200
2.1100	274.1300	0.4200
2.1900	274.2100	0.4200
2.2700	274.5300	0.4200
2.3000	274.5900	0.4200
2.2700	274.7000	0.4200
2.2000	274.7200	0.4200
2.1000	274.7700	0.4200
2.0000	274.8200	0.4200
1.9100	274.9500	0.4200
1.8400	274.6100	0.4200
1.7800	274.4100	0.4200
1.7200	274.3600	0.4200
1.6600	274.2700	0.4200
1.6300	274.2000	0.4200
1.6300	273.9600	0.4200
1.6400	273.7200	0.4200
1.6300	273.4300	0.4200
1.5800	273.3600	0.4200
1.5000	273.4500	0.4200
1.3900	273.5900	0.4200
1.2700	273.9700	0.4200
1.1500	274.5400	0.4200
1.0600	274.7400	0.4200
1.0500	274.9400	0.4100
1.3200	275.1200	0.2800
2.1500	275.4900	0.2800
3.1000	275.7300	0.2800
3.4400	275.8700	0.2800
3.2500	275.8900	0.2800
2.9800	275.8800	0.2800
2.8800	275.8900	0.2800
3.0000	275.8400	0.2800
3.1300	275.6500	0.2800
3.1200	275.5100	0.2800
3.0400	275.4000	0.2800
2.9700	275.3900	0.2900
2.9400	275.2700	2.7800
2.9200	275.5200	2.9800
2.8300	275.5000	2.9200
2.6800	275.7200	2.8000
2.5300	276.0500	2.6500
2.4900	276.3400	2.5500
2.5900	276.3400	2.5500
2.8600	276.4700	2.7100
3.1500	276.5100	2.9700
3.2600	276.5400	3.1800
3.2700	276.6400	3.2500
3.2200	276.8800	3.2500
3.0400	277.3400	3.1500
2.7200	277.7000	2.9100
2.3500	278.1600	2.5900
2.0000	278.7600	2.2500
1.7000	279.5300	1.9300
1.4500	280.4200	1.6600
1.2400	280.9600	1.4300
1.0800	281.6500	1.2400
0.9400	282.0400	1.0800
0.8300	281.7100	0.9500
0.7400	279.8800	0.8400
0.6600	275.5400	0.7500
0.5900	278.2700	0.6700
0.5300	278.6200	0.6100
0.4800	282.0100	0.5500
0.4400	284.9000	0.5000
0.4000	283.9300	0.4600
0.3700	283.3600	0.4200
0.3400	277.1800	0.4100
0.3200	276.9100	0.4100
0.2900	275.4100	0.4100
0.2700	276.2400	0.4100
0.2600	280.6100	0.4100
0.2500	282.8900	0.4100
0.2400	285.1500	0.4100
0.2300	280.9800	0.4100
0.2300	275.8100	0.4100
0.2200	279.4500	0.4100
0.2200	285.1100	0.4100
0.2300	281.8200	0.4100
0.2300	282.4400	0.4100
0.2400	278.0400	0.4100
0.2600	280.9500	0.4100
0.2700	282.6000	0.4100
0.2900	275.0500	0.4200
0.3100	275.8000	0.8300
0.3200	278.5200	0.8300
0.3400	281.2700	0.8300
0.3400	280.6500	0.8300
0.3400	284.5400	0.8300
0.3400	286.3000	0.8300
0.3400	279.9200	0.8300
0.3400	278.7200	0.8300
0.3600	280.3600	0.8300
0.3900	278.7000	0.8300
0.4700	277.8200	0.8300
0.6600	278.5000	0.8300
1.0100	280.2000	0.8300
1.4900	283.0000	0.8300
2.0300	284.9000	0.8300
2.6500	286.2500	0.8300
3.1700	286.8200	0.8300
3.3900	286.8100	0.8300
3.3100	286.9300	1.6100
3.0800	287.3900	3.2100
2.7700	288.2400	2.9600
2.4500	289.2400	2.6600
2.1500	290.3100	2.3600
1.8900	291.6300	2.0900
1.6600	293.1400	1.8400
1.4900	293.9800	1.6400
1.4200	293.5000	1.5100
1.4000	293.2600	1.4500
1.3900	292.8000	1.4200
1.3500	292.8700	1.4100
1.2800	293.5100	2.2400
1.1900	293.1400	2.2400
1.1100	291.9900	2.2400
1.0700	291.1700	2.2300
1.0700	290.7000	2.2200
1.1000	291.2300	2.2300
1.1200	292.5300	2.2400
1.1100	293.9300	2.2400
1.1000	294.6100	2.2400
1.0900	295.1500	2.2400
1.1500	294.4900	2.2400
1.3600	293.6200	2.2400
1.6400	292.8700	2.2400
1.8100	292.4000	2.2400
1.8400	292.8900	2.2400
1.7900	293.3600	2.2400
1.7300	294.1600	2.2400
1.6600	295.2200	2.2400
1.6000	296.4000	2.2400
1.5300	297.6300	2.2400
1.4400	298.9300	2.2400
1.3400	300.1300	2.2400
1.2300	300.7100	2.2400
1.1600	301.5700	2.2400
1.1700	301.7800	2.2400
1.3200	301.0400	2.2400
1.6500	299.4800	2.2400
2.7000	297.2700	2.2400
4.5900	295.7600	2.2400
5.6600	295.2600	2.2400
5.4900	295.5000	2.2600
4.8000	296.0900	3.3700
4.0600	297.0800	3.3700
3.4200	298.3100	3.3700
2.8800	299.7000	3.3700
2.4600	300.8200	3.3700
2.2400	301.4200	3.3700
2.4600	301.3100	3.3700
2.9500	300.6200	3.3700
3.7400	300.0100	3.3700
5.3700	299.2800	3.3700
6.7200	298.4200	3.3500
6.6000	297.8500	3.3400
5.6700	297.6200	3.3300
4.6400	297.8700	3.3200
3.7500	298.6000	3.3200
3.0500	299.6600	3.3200
2.5000	300.3500	3.3200
2.0800	301.9200	3.3200
1.7700	303.3200	3.3400
1.5300	304.9300	3.3600
1.3500	306.0400	3.3600
1.2100	307.2800	3.3600
1.1100	308.0600	3.3600
1.0400	308.5600	3.3600
1.0000	308.8200	3.3600
1.0100	309.2500	3.3600
1.0500	309.9400	3.3600
1.1300	310.5800	3.3600
1.2300	310.7300	3.3600
1.2900	310.9700	3.4200
1.2700	311.4300	6.6200
1.1500	312.2800	6.6100
0.9800	313.1000	6.6100
0.8300	313.1100	6.6100
0.7100	307.2000	6.6000
0.6100	303.4100	6.5900
0.5500	301.2600	6.5900
0.5000	299.3800	6.6200
0.4800	298.5300	6.6200
0.4900	298.9800	6.6100
0.5400	302.1800	6.6100
0.5800	298.2400	6.6000
0.6400	295.7200	6.6000
0.6900	299.5800	6.5900
0.7200	301.3000	6.5900
0.7600	303.3700	6.5900
0.7700	306.9600	6.5800
0.7600	308.5600	6.6000
0.7300	309.9900	6.6200
0.6900	303.2900	6.6200
0.6400	303.5400	6.6200
0.5900	302.6100	6.6200
0.5100	303.0800	6.6100
0.4100	304.9300	6.6100
0.3300	302.7000	6.6100
0.2600	301.1900	6.6100
0.2000	302.7800	6.6000
0.1700	304.2900	6.5900
0.1700	301.6100	6.6100
0.2500	299.4100	6.6200
1.0500	301.8400	6.6200
3.5300	303.9700	6.7900
5.7700	305.1800	6.7900
6.2300	305.6700	6.7900
5.5600	306.1900	6.7600
4.5900	306.8200	6.7600
3.7200	307.4800	6.7700
3.0900	308.1400	6.7800
2.6900	308.3800	6.7900
2.5900	307.8100	6.7900
2.6600	307.2400	6.8000
2.6700	306.9500	6.8000
2.5900	307.1000	6.9400
2.5400	307.6100	7.0000
2.5100	308.1500	7.0100
2.4600	308.1200	7.0200
2.3800	307.5400	7.0200
2.4900	306.4800	6.8500
3.2600	303.9400	6.8000
6.0900	300.5300	6.8000
10.2900	297.3500	6.8000
10.9700	295.6900	6.8000
9.1800	295.2600	6.8000
7.1300	295.5600	6.8000
5.4500	296.2300	6.8000
4.1700	297.2200	6.8000
3.1900	298.4200	6.8000
2.4400	299.8000	6.7900
1.8700	301.3200	6.7900
1.4300	302.7600	6.7700
1.0800	304.3400	6.7500
0.8100	305.6100	6.7000
0.6000	299.3500	5.2800
0.4500	296.5600	5.2800
0.3600	288.4600	5.2900
0.2800	289.0800	5.2800
0.2200	287.4500	5.3000
0.1900	286.5600	5.3600
0.1700	289.6600	5.3500
0.1500	286.9900	5.4100
0.1500	284.3500	5.5000
0.1600	291.2700	5.3500
0.1800	294.7200	5.3400
0.2200	291.0900	5.3300
0.2800	287.9700	5.3400
0.3900	289.2300	5.3300
0.6000	287.6700	5.3300
0.9100	294.9400	5.3200
1.2000	294.2300	5.3200
1.3800	294.6600	5.3000
1.4400	295.3800	5.2900
1.4100	296.2000	5.2800
1.3000	297.0900	5.2700
1.1500	297.9600	5.2400
0.9900	298.9700	5.2000
0.8400	299.5500	5.1700
0.7000	297.3400	5.1100
0.5700	296.2200	0.6100
0.4600	296.0600	0.5000
0.3600	294.4500	0.4000
0.2700	293.2500	0.3100
0.2000	289.2900	0.2400
0.1600	291.6800	0.1900
0.1400	290.1000	0.1700
0.1200	291.6800	0.1500
0.1000	291.4900	0.1200
0.0800	294.1000	0.1100
0.0700	288.2400	0.0900
0.0700	287.2400	0.0800
0.0600	289.8100	0.0800
0.0600	288.5400	0.0700
0.0600	288.2300	0.0700
0.0600	287.2700	0.0700
0.0500	289.7600	0.0600
0.0500	283.2700	0.0600
0.0600	281.3000	0.0600
0.1300	281.5500	0.0700
0.3200	282.4500	0.1200
0.7100	285.4300	0.2300
1.5000	284.5700	0.2400
2.6100	285.1800	0.2400
3.2600	285.5800	0.2400
3.2700	285.7200	0.2400
2.9500	286.1300	0.2400
2.5800	286.2800	0.2400
2.2700	285.8900	0.2400
2.0500	285.6300	0.2400
1.8700	285.5500	0.2400
1.7000	285.3400	0.2400
1.5500	284.9600	0.2400
1.4200	284.6700	0.2400
1.3000	284.6400	0.2400
1.1900	284.8700	0.2400
1.0900	285.3100	0.0800
1.0000	285.9300	0.0800
0.9100	286.6800	0.0800
0.8400	287.2500	0.0800
0.7700	287.6900	0.0800
0.7000	283.0200	0.0800
0.6400	277.6600	0.0800
0.5800	279.6100	0.0800
0.5300	277.2900	0.0800
0.4800	275.9300	0.0800
0.4400	274.5100	0.0800
0.4100	277.5800	0.0800
0.3900	282.9300	0.0800
0.3800	282.1300	0.0800
0.4000	274.9900	0.0800
0.4200	278.0900	0.0800
0.4500	279.6200	0.0800
0.4900	277.9300	0.0800
0.5400	284.8700	0.0800
0.6100	277.2500	0.0800
0.7400	274.8700	0.0800
0.8900	278.7100	0.0800
1.0400	280.4500	0.0800
1.1300	280.8300	0.0800
1.1500	280.5500	0.0800
1.1200	280.1200	0.0800
1.0500	279.6900	0.0800
0.9700	279.3900	0.0800
0.8900	279.1800	0.0800
0.8100	278.3600	0.0800
0.7300	277.6400	0.0300
0.6600	277.3900	0.0300
0.6000	278.3200	0.0300
0.5500	273.1500	0.0300
0.5000	273.2900	0.0300
0.4500	275.7400	0.0300
0.4100	277.9300	0.0300
0.3800	281.2600	0.0300
0.3500	275.1900	0.0300
0.3200	273.3700	0.0300
0.3000	274.6600	0.0300
0.2800	275.0500	0.0300
0.2600	276.1300	0.0300
0.2500	276.6200	0.0300
0.2400	273.1500	0.0300
0.2300	273.1500	0.0300
0.2200	273.1500	0.0300
0.2200	273.1500	0.0300
0.2200	273.1500	0.0300
0.2200	273.1500	0.0300
0.2200	273.1500	0.0300
0.2200	273.1500	0.0300
0.2400	273.1500	0.0300
0.2600	273.1800	0.0300
0.3000	273.4400	0.0300
0.3600	276.0800	0.0300
0.4200	275.0500	0.0300
0.4700	273.9100	0.0300
0.5100	276.2900	0.0300
0.5500	276.9900	0.0300
0.5900	274.3600	0.0300
0.6600	274.9700	0.0400
0.8000	278.7100	0.0400
1.0300	276.6700	0.0400
1.2900	275.6400	0.0400
1.4900	275.1400	0.0400
1.5700	274.9400	0.0400
1.5700	274.9300	0.0400
1.5300	275.0600	0.0400
1.4800	275.5000	0.0400
1.4100	275.5600	0.0400
1.3400	275.5700	0.0400
1.2600	275.9300	0.0400
1.1700	275.9800	0.0400
1.0800	276.2200	0.0400
0.9900	276.2600	0.0400
0.9000	276.3200	0.0400
0.8200	276.6600	0.0400
0.7400	277.1500	0.0400
0.6700	279.7300	0.0400
0.6100	277.7200	0.0400
0.5600	280.0100	0.0400
0.5100	281.3300	0.0400
0.4700	280.3900	0.0400
0.4300	273.1500	0.0400
0.4000	273.1500	0.0400
0.3800	273.1500	0.0400
0.3500	273.1500	0.0400
0.3300	273.5700	0.0400
0.3200	273.8800	0.0400
0.3000	275.4100	0.0400
0.2900	278.7000	0.0400
0.2800	277.5000	0.0300
0.2700	274.5300	0.0300
0.2600	276.5900	0.0300
0.2500	277.1600	0.0300
0.2500	280.1400	0.0300
0.2400	282.6400	0.0300
0.2400	283.3300	0.0300
0.2400	279.1600	0.0300
0.2400	281.1200	0.0300
0.2400	280.9400	0.0300
0.2500	278.3300	0.0300
0.2900	276.2400	0.0300
0.3600	274.5400	0.0300
0.4500	273.1500	0.0300
0.5400	273.2300	0.0300
0.6500	274.3700	0.0300
0.7700	278.2600	0.0300
0.9000	277.6000	0.0300
1.0300	277.5800	0.0300
1.1500	277.9700	0.0300
1.2500	278.4300	0.0300
1.3400	278.7200	0.0300
1.4000	279.1100	0.0300
1.4400	279.5600	0.0300
1.4500	280.5800	0.0300
1.4200	281.4400	0.0300
1.3600	282.0500	0.0300
1.2800	282.2000	0.0300
1.1800	282.2900	0.0400
1.0800	282.2900	0.0400
0.9900	282.5200	0.0400
0.8900	283.3700	0.0400
0.8100	285.0200	0.0400
0.7300	286.3400	0.0400
0.6600	279.2600	0.0400
0.6000	277.3000	0.0400
0.5400	280.1400	0.0400
0.5000	275.0000	0.0400
0.4500	273.2200	0.0400
0.4100	273.5500	0.0400
0.3800	275.1500	0.0400
0.3400	277.7700	0.0400
0.3200	280.6400	0.0400
0.2900	285.3900	0.0400
0.2700	288.6100	0.0400
0.2500	285.8600	0.0400
0.2300	281.5200	0.0400
0.2200	282.6800	0.0400
0.2000	286.9800	0.0400
0.1900	289.4400	0.0400
0.1800	289.5300	0.0400
0.1700	278.4000	0.0400
0.1700	277.0500	0.0400
0.1600	277.9800	0.0400
0.1500	273.6400	0.0400
0.1500	274.6600	0.0400
0.1400	278.8400	0.0400
0.1400	279.6400	0.0400
0.1500	275.6000	0.0400
0.1500	276.7900	0.0900
0.1700	278.0300	0.0900
0.1900	281.0800	0.0900
0.2400	281.6900	0.0900
0.3100	274.0600	0.0900
0.4300	273.7300	0.0900
0.5800	277.1800	0.0900
0.7500	286.4200	0.0900
0.9300	284.4300	0.0900
1.1500	283.6800	0.0900
1.4600	284.0300	0.0900
1.7900	284.1800	0.0900
2.0100	284.0000	0.0900
2.0800	284.7100	0.0900
2.0400	285.6500	0.0900
1.9500	286.6100	0.0900
1.8400	287.5000	0.0900
1.8500	287.9400	0.0900
2.3200	288.0000	0.0900
3.5100	287.5400	0.0900
5.7800	287.2000	0.0900
10.0300	286.7300	0.0900
11.8400	286.5200	0.0900
10.4400	286.9700	0.0900
8.3700	287.8500	0.0900
6.6100	288.5900	0.0900
5.2600	289.3900	0.0900
4.2500	289.8200	0.0900
3.4900	290.5400	0.0900
2.9100	291.8600	0.0900
2.5300	292.8300	0.2300
2.4400	292.3800	0.2300
2.4900	291.3200	0.2300
2.5100	290.2200	0.2300
2.5000	289.9600	0.2300
2.4200	290.1800	0.2300
2.2900	291.0400	0.2300
2.1700	292.4200	0.2300
2.1400	293.6000	0.2300
2.2100	293.9100	0.2300
2.2900	293.6600	0.2300
2.3300	293.9500	0.2300
2.3300	294.5500	0.2300
2.2800	295.1200	0.2300
2.2400	295.3800	0.2300
2.2300	295.8600	0.2300
2.2200	295.9600	0.2300
2.1500	296.5000	0.2300
2.0300	297.3500	0.2300
1.8500	298.4400	0.2300
1.6600	299.6500	0.2300
1.4700	300.3300	0.2300
1.2900	301.1900	0.2300
1.1400	302.5700	0.2300
1.0200	303.3200	0.2300
0.9500	302.8700	0.2300
1.3100	299.4300	0.2300
3.2300	293.7000	0.2300
6.0000	291.4200	0.2300
8.2000	291.9900	0.2300
8.6600	293.1100	0.2300
7.6800	294.2000	0.3400
6.3400	295.0900	0.3400
5.3800	295.3400	0.3400
5.1700	294.8900	0.3400
5.4900	294.4200	0.3400
6.8100	293.7800	0.3400
8.3800	293.2100	0.3400
8.3800	292.8600	0.3400
7.2600	293.0400	0.3400
6.0000	293.6500	0.3400
4.9600	294.2900	0.3400
4.3000	294.6500	0.3400
4.3000	295.3200	0.3400
5.6000	295.3800	0.3400
8.0600	295.1600	0.3400
9.8500	294.8300	0.3400
10.2400	294.9400	0.3400
9.9000	295.5700	0.3400
9.1800	296.5000	0.3400
8.1200	297.4300	0.3400
6.9400	298.1200	0.3400
5.8900	299.2600	0.3400
5.0700	300.4700	0.3400
4.4500	301.7300	0.3400
3.9700	302.9600	0.3400
3.6100	304.0300	0.3400
3.4300	305.0900	0.3400
3.6100	305.6500	1.8400
4.2200	305.7500	3.8700
5.2600	305.6400	4.6900
6.1900	305.3400	5.5600
6.2200	305.0500	5.9200
5.6600	304.9800	5.6000
4.9800	304.9900	5.0500
4.3300	305.0600	4.4200
3.7600	305.0600	3.8400
3.2900	305.4800	3.3500
2.9200	306.1000	2.9700
2.6700	306.8500	2.6800
2.6200	307.5500	2.5000
2.8800	307.8800	2.5400
3.3300	307.6900	2.8600
3.5800	307.3300	3.2300
3.4900	307.2800	3.3800
3.1900	307.4300	3.2300
2.8000	307.7400	2.9300
2.4900	308.3300	2.6700
2.2400	308.9800	2.4000
2.1400	309.4700	2.1600
2.2100	309.4400	2.1000
2.3400	309.1000	2.1800
2.3300	308.7900	2.2200
2.2200	308.8000	2.2000
2.0300	309.2900	2.0700
1.8000	310.1300	1.9000
1.6000	311.0900	1.7000
1.3900	312.0900	1.4900
1.2300	312.4400	1.3100
1.1100	311.4600	1.2000
1.0100	309.3400	1.0900
0.9300	307.5400	0.9800
0.9000	305.9500	0.9200
0.9300	304.8400	0.9100
0.9600	304.5000	0.9200
0.9900	305.1700	0.9300
1.0800	306.4800	0.9800
1.1900	307.8100	1.0700
1.2800	308.7100	1.1800
1.3200	309.5700	1.2500
1.2800	310.3600	1.2400
1.2100	311.0600	1.2000
1.1400	311.6300	1.1300
1.2200	311.9700	1.1000
1.6400	311.3400	1.2300
2.4600	309.9300	1.7000
3.3000	308.3000	2.5400
3.7100	307.2300	3.3000
3.6200	306.4400	3.5300
3.3000	305.8300	3.4200
2.9400	305.6000	3.1400
2.6100	305.7000	2.8100
2.3600	305.8600	2.4700
2.1700	305.9600	2.2000
2.0200	306.1900	2.0000
1.8900	306.6100	1.8400
1.7400	306.9600	1.6700
1.5900	306.7500	1.5700
1.4900	306.7100	1.5600
1.4200	307.0800	1.4700
1.3800	307.1900	1.3500
1.3400	307.1600	1.2800
1.2800	306.5200	1.2000
1.2200	306.3800	1.1300
1.1800	306.3700	1.0700
1.1200	306.6300	1.0100
1.0400	307.0000	0.9900
0.9400	307.3700	0.9200
0.8200	307.3200	0.8200
0.6900	300.2000	0.7000
0.5700	297.4600	0.6000
0.4500	295.6000	0.5600
0.3600	295.3700	0.5600
0.2800	295.6400	0.5600
0.2200	291.3800	0.5600
0.1800	291.6400	0.5600
0.1400	293.8000	0.5600
0.1100	294.1600	0.5600
0.0700	293.9700	0.5600
0.0400	292.7200	0.5600
0.0200	293.6500	0.5600
0.0000	291.9300	0.5300
0.0000	292.9300	0.5200
0.0000	293.7300	0.5200
0.0000	285.3300	0.5200
0.0000	283.5900	0.5300
0.0100	285.3800	0.5300
0.1400	285.0600	0.5300
0.7300	285.3300	0.5300
2.3000	286.2200	0.5300
5.0100	287.0900	0.5200
6.6300	287.2700	0.5700
6.3100	287.6000	5.7000
5.3300	288.2000	5.5500
4.3600	288.7200	4.6800
3.5300	289.1100	3.8400
2.8700	289.4000	3.1400
2.3500	289.3800	2.5800
1.9500	289.9600	2.3800
1.6600	290.2700	2.4000
1.4200	290.5000	2.4200
1.2400	289.8500	2.4300
1.1100	289.5900	2.4200
1.0100	288.2800	2.4200
0.9700	286.9400	2.4200
0.9900	285.5100	2.4300
1.0500	283.8100	2.4400
1.1600	282.7800	2.4400
1.3300	282.7700	2.4400
1.5400	282.9600	2.4400
1.7200	283.1700	2.4400
1.8400	283.4900	2.4300
1.8500	283.9700	2.4300
1.7800	284.5000	2.4100
1.6600	284.5000	2.4400
1.6800	284.1200	2.4400
2.0200	283.1900	2.4400
2.4300	282.3000	2.4400
2.6300	281.9000	2.4400
2.6900	281.6900	2.4400
2.8000	281.5200	2.4400
2.9200	281.2800	2.4400
2.9300	280.8000	2.4400
2.8200	280.5300	2.4000
2.6700	280.5600	0.7700
2.5200	280.8700	0.7700
2.3800	281.2900	0.7700
2.2700	281.5600	0.7700
2.2100	281.6700	0.7700
2.2000	281.8100	0.7700
2.1900	282.1500	0.7700
2.1400	282.5600	0.7700
2.0200	282.8800	0.7700
1.8700	282.9600	0.7700
1.6900	283.1700	1.0900
1.5200	283.3100	1.6600
1.3600	283.4900	1.5000
1.2100	283.7200	1.3400
1.0800	283.6900	1.2000
0.9600	283.1200	1.0800
0.8600	281.9000	0.9700
0.7800	280.3900	0.8700
0.7100	279.0200	0.8000
0.6600	276.8900	0.7700
0.6200	277.2000	0.7700
0.5800	278.0900	0.7700
0.5600	277.8000	0.7700
0.5600	277.0100	0.7700
0.5800	276.4300	0.7700
0.6000	277.0100	0.7700
0.6300	280.7000	0.7700
0.6500	281.7800	0.7700
0.6600	276.8000	0.7700
0.6600	276.3200	0.7600
0.6400	278.4400	0.3400
0.6100	274.7800	0.3400
0.5800	273.1500	0.3400
0.5400	273.1500	0.3400
0.5100	273.1600	0.3400
0.4700	273.1900	0.3400
0.4400	273.1500	0.4200
0.4100	273.1500	0.4500
0.3800	273.1500	0.4200
0.3600	273.1500	0.4000
0.3300	273.1500	0.3700
0.3100	273.3200	0.3500
0.3000	273.4300	0.3400
0.3100	273.1500	0.3400
0.3700	273.1500	0.3900
0.4200	274.2200	0.5100
0.4700	276.1300	0.5700
0.5200	275.8700	0.6000
0.5800	273.9700	0.6300
0.7200	273.3600	0.6800
0.9900	273.5900	0.8200
1.3700	273.9500	1.0900
1.6900	274.1300	1.4300
1.8500	274.2700	1.7000
1.8400	274.2200	1.8200
1.7500	274.2600	1.8100
1.6300	274.3500	1.7300
1.5100	274.3200	1.6200
1.4000	274.1500	1.5000
1.3100	274.1000	1.4100
1.2400	274.0800	1.3200
1.1900	273.9500	1.2600
1.1600	273.8900	1.2100
1.1400	273.8800	1.1800
1.1400	273.7500	1.1600
1.1400	273.6400	1.1500
1.1300	273.5300	1.1400
1.1000	273.1500	1.1300
1.0600	272.6300	1.1000
1.0100	272.1800	1.0600
0.9500	272.0200	1.0100
0.8800	272.2700	0.9500
0.8100	272.7600	0.8800
0.7500	273.2400	0.8200
0.6900	274.7900	0.7600
0.6400	276.4100	0.7100
0.6000	276.1800	0.6600
0.5600	276.8200	0.6200
0.5300	276.5500	0.5800
0.5000	275.1700	0.5400
0.4800	275.3400	0.5200
0.4600	276.2100	0.4900
0.4400	275.9100	0.4700
0.4200	277.9700	0.4400
0.4000	275.4700	0.4200
0.3900	273.8000	0.4200
0.3700	273.9000	0.4200
0.3500	274.1100	0.4200
0.3400	273.4800	0.4200
0.3200	273.3400	0.4300
0.3100	273.9000	0.4300
0.2900	274.1000	0.4200
0.2800	274.2300	0.2800
0.2600	275.3600	0.2800
0.2500	275.4800	0.2800
0.2400	275.1700	0.2800
0.2300	274.4300	0.2800
0.2200	274.1400	0.2800
0.2100	273.7700	0.2800
0.2000	273.3600	0.2800
0.2000	273.1500	0.2800
0.1900	273.1500	0.2800
0.1900	273.3500	0.2800
0.1800	273.4200	0.2800
0.1800	274.2700	0.2800
0.1700	274.0400	0.2800
0.1700	273.1500	0.2800
0.1700	273.1500	0.2800
0.1700	273.5800	0.2800
0.1700	275.5800	0.2800
0.1800	274.3900	0.2800
0.1800	273.2400	0.2800
0.1800	273.2100	0.2800
0.1900	273.1500	0.2800
0.2000	273.2000	0.2800
0.2100	273.9300	0.2800
0.2200	274.6800	0.2800
0.2400	276.4500	0.2800
0.2700	277.3400	0.2800
0.3100	275.9600	0.2800
0.3900	274.8100	0.4200
0.5700	274.8100	0.4200
0.8800	281.4800	0.4200
1.2600	279.4500	0.4200
1.5700	279.2400	0.4200
1.7100	279.6700	0.6600
1.7200	279.9800	1.6700
1.6500	280.7000	1.6800
1.5600	281.1100	1.6300
1.5400	281.4500	1.5800
1.7200	281.4300	1.6500
2.0400	281.0200	1.8800
2.4100	280.7000	2.2000
2.8900	280.5300	2.6000
3.4000	280.6100	3.1000
3.6600	280.7400	3.5100
3.5900	280.9400	3.6300
3.2800	281.3500	3.4600
2.9000	282.0100	3.1500
2.5300	282.2600	2.7800
2.2000	282.5300	2.4400
1.9100	282.9900	2.1400
1.6800	283.8500	1.8800
1.4800	284.3200	1.6600
1.3200	284.6500	1.4700
1.1900	285.0200	1.3200
1.0800	285.5400	1.1900
0.9900	285.5400	1.0900
0.9200	285.9400	1.0000
0.8600	286.7500	0.9300
0.8100	288.4600	0.8700
0.7700	290.2700	0.8500
0.7200	291.2500	0.8500
0.6800	280.3200	0.8500
0.6500	282.9300	0.8500
0.6100	283.3800	0.8500
0.5700	284.6300	0.8500
0.5400	279.7200	0.8500
0.5000	281.0000	0.8500
0.4800	284.0400	0.8500
0.4800	283.4500	0.8500
0.4900	284.4600	0.8500
0.5100	290.0900	0.8500
0.5400	292.9300	0.8500
0.6100	290.7900	0.8500
0.7500	291.8500	0.8500
0.9900	293.6700	0.8500
1.2600	294.8800	0.8500
1.4500	295.0800	0.8500
1.5300	295.1800	0.8500
1.5100	295.4400	0.8500
1.4400	295.7300	0.8500
1.3500	296.4900	0.8500
1.2800	297.1000	0.8500
1.2900	296.7700	0.9400
1.5500	293.8200	1.3900
2.0900	290.7300	1.7300
3.0100	287.8500	2.3800
5.0000	286.1100	3.8100
6.8400	285.7400	5.9100
6.9800	285.9600	6.9100
6.1100	286.2900	6.5100
5.0700	286.8300	5.5800
4.1500	287.5100	4.6500
3.4000	288.4200	3.8400
2.8000	289.4400	3.1900
2.3300	290.4700	2.6600
1.9500	291.6800	2.3100
1.6500	292.6600	2.2900
1.4100	293.4700	2.2700
1.2100	294.6500	2.2600
1.0400	295.3300	2.2800
0.9100	295.3100	2.2800
0.8000	293.5900	2.2800
0.7100	290.7100	2.2800
0.6500	286.1500	2.2800
0.6000	285.9800	2.2900
0.5700	285.7300	2.2900
0.5900	288.3700	2.2900
0.6900	287.8500	2.2900
0.9600	289.4800	2.2900
1.5900	291.4700	2.2900
2.5600	292.2300	2.2900
3.4500	292.8500	2.2900
4.1500	293.6800	2.2900
4.6100	294.3100	2.2900
4.6500	294.7300	2.2900
4.2900	295.1800	2.2900
3.7700	295.9800	2.2900
3.2300	297.1700	2.2900
2.7400	298.6200	2.2900
2.3400	299.9100	2.3100
2.0100	301.3400	3.4500
1.7600	303.0900	3.4500
1.5700	304.6200	3.4400
1.4200	306.1900	3.4100
1.3000	307.8500	3.4100
1.1900	309.2900	3.4000
1.0900	310.9000	3.4200
1.0000	312.4600	3.4500
0.9200	313.1000	3.4500
0.8600	312.8200	3.4500
0.8200	312.5100	3.4500
0.8000	311.8600	3.4300
0.8400	310.2000	3.4300
1.1300	306.0300	3.4500
2.2900	300.8300	3.4500
4.9200	297.7900	3.4500
8.1400	296.4600	3.4500
9.4900	295.6000	3.4500
8.8100	295.3100	3.4500
7.4800	295.7700	3.4500
6.2500	296.9200	3.4500
5.5500	298.5300	3.4500
5.6000	300.4000	3.4500
5.4600	301.8600	3.4500
4.8400	303.0000	3.4500
4.0500	304.3100	3.4500
3.3600	305.7500	3.4500
2.8300	307.1200	3.4500
2.4300	308.4300	3.4400
2.1100	309.6300	3.5100
1.8400	310.7700	6.8000
1.5300	312.0300	6.7300
1.2400	313.5900	6.7100
1.0200	314.6700	6.7100
0.9300	315.0100	6.8800
0.9100	313.9100	7.0000
1.0700	311.4200	7.0000
1.4200	307.9900	7.0000
1.8500	305.1800	7.0000
2.3400	303.4800	6.9900
3.4900	302.2800	6.9000
5.1000	301.6600	7.0000
5.6600	301.6300	7.0000
5.1800	301.9800	7.0000
4.3800	302.5900	7.0000
3.6000	303.7200	6.9400
2.9200	305.0800	6.7800
2.3700	306.6100	6.7800
1.9300	308.3500	6.7800
1.5900	309.8400	6.7800
1.3400	311.4500	6.7800
1.1400	313.0000	6.8600
1.0100	313.9300	6.9800
0.9100	314.4400	6.9000
0.8300	314.4500	6.7800
0.7600	313.9600	6.7800
0.6700	303.0500	6.7800
0.5900	302.7700	6.7800
0.5100	302.2900	6.7700
0.4500	303.2200	6.7400
0.4100	302.0300	6.7400
0.3700	302.7200	6.9500
0.3200	304.5200	6.9600
0.2900	303.6500	6.9600
0.2700	300.8000	7.0400
0.3000	297.5300	7.1500
0.4100	298.0300	7.1400
0.9100	298.6500	7.1400
2.2000	300.5300	7.0900
3.1700	301.9800	6.9700
3.1700	302.9400	6.9300
3.0100	304.0800	6.9200
3.3200	305.1500	6.9200
4.2200	305.8300	6.9300
6.0200	305.9400	6.9300
7.4300	305.5800	6.9400
7.2200	305.2700	6.9500
6.1800	305.2500	7.1000
5.2000	305.2100	7.1700
4.4700	305.0800	7.1600
3.8800	305.0400	7.1500
3.3800	305.2400	7.1500
2.9800	305.8200	6.9600
2.6200	306.5200	6.9300
2.2900	306.8800	6.9500
1.9800	307.4700	6.9500
1.6700	308.0100	6.9500
1.3700	308.5800	6.9500
1.0900	309.3300	6.9500
0.8500	310.0300	6.9100
0.6400	302.5800	6.8900
0.4700	300.2600	6.8200
0.3500	296.0500	5.4200
0.2800	297.0700	5.4200
0.2200	289.9500	5.3900
0.1600	294.1200	5.3600
0.1100	300.3500	5.3300
0.0700	300.1800	5.3100
0.0400	290.2100	5.3000
0.0200	294.0800	5.2800
0.0000	296.8800	5.2700
0.0000	296.8900	5.2600
0.0000	295.1800	5.2500
0.0000	296.0200	5.2300
0.0000	297.8400	5.2200
0.0000	297.9500	5.2100
0.0000	297.6800	5.2700
0.0000	293.5400	5.3100
0.0000	295.9000	5.3200
0.0000	293.8900	5.3100
0.0000	289.8300	5.3100
0.0000	297.8000	5.2900
0.0000	297.6000	5.2900
0.0000	295.3700	5.2700
0.0000	297.9700	5.3700
0.0000	292.2200	5.5500
0.0000	294.7600	1.1600
0.0000	290.5200	0.0000
0.0000	292.4600	0.0000
0.0000	293.8900	0.0000
0.0000	296.1600	0.0000
0.0000	292.1300	0.0000
0.0000	290.7700	0.0100
0.0000	289.3200	0.0000
0.0000	285.1200	0.0000
0.0000	287.5500	0.0000
0.0000	291.0100	0.0000
0.0000	293.4100	0.0000
0.0000	292.2900	0.0000
0.0000	295.7100	0.0000
0.0000	292.9000	0.0000
0.0000	287.4800	0.0000
0.0000	286.7600	0.0000
0.0000	288.0200	0.0000
0.0000	285.1100	0.0000
0.0000	287.7900	0.0000
0.0000	291.7400	0.0000
0.0000	292.1700	0.0000
0.0000	286.4200	0.0000
0.0000	287.6400	0.0000
0.0000	285.5800	0.0000
0.0000	288.3100	0.0000
0.0000	288.8800	0.0000
0.0000	288.5500	0.0000
0.0200	287.9400	0.0000
0.0700	286.3800	0.0000
0.1600	288.5500	0.0200
0.2600	282.9700	0.0600
0.3500	281.0800	0.1400
0.4100	279.8600	0.2200
0.4400	282.6800	0.2400
0.4600	288.2500	0.2400
0.4800	284.1200	0.2300
0.4900	281.8700	0.0800
0.5000	285.0800	0.0800
0.5000	287.1300	0.0800
0.5000	280.2100	0.0800
0.4900	278.3900	0.0800
0.4800	283.3100	0.0800
0.4600	288.3000	0.0800
0.4400	288.6000	0.0800
0.4100	287.1000	0.0800
0.3900	282.2200	0.0800
0.3600	277.8500	0.0800
0.3400	276.4500	0.0800
0.3200	275.5700	0.0800
0.3000	277.3600	0.0800
0.2800	277.5800	0.0800
0.2700	278.7100	0.0800
0.2600	279.9100	0.0800
0.2600	275.6800	0.0800
0.2600	279.3300	0.0800
0.2600	275.0100	0.0800
0.2700	274.2700	0.0800
0.2900	273.8500	0.0800
0.3200	274.6600	0.0800
0.3500	274.5100	0.0800
0.3800	273.1600	0.0800
0.4100	273.6900	0.0800
0.4400	274.7900	0.0800
0.4700	275.7500	0.0800
0.4800	274.4000	0.0800
0.4800	273.4000	0.0800
0.4800	274.3600	0.0300
0.4700	277.2800	0.0300
0.4500	278.6600	0.0300
0.4300	277.8900	0.0300
0.4100	273.6400	0.0300
0.3800	273.9700	0.0300
0.3600	274.5400	0.0300
0.3400	274.8100	0.0300
0.3200	278.6800	0.0300
0.3000	280.4400	0.0300
0.2900	278.4500	0.0300
0.2900	273.3100	0.0300
0.2900	273.8500	0.0300
0.3000	276.5000	0.0300
0.3000	277.2000	0.0300
0.3000	275.9400	0.0300
0.3000	273.6400	0.0300
0.2900	273.5700	0.0300
0.2800	274.6000	0.0300
0.2700	275.7100	0.0300
0.2600	276.0900	0.0300
0.2400	273.8600	0.0300
0.2300	273.5600	0.0300
0.2100	273.6800	0.0300
0.2000	273.3200	0.0300
0.1900	273.3200	0.0300
0.1800	274.3100	0.0300
0.1700	275.5700	0.0300
0.1600	275.5000	0.0300
0.1500	275.4800	0.0300
