0.3700	273.1500	7.3200
0.3700	273.1500	7.3200
0.3800	273.1500	7.3200
0.3800	273.1950	7.3200
0.3900	273.3300	7.3200
0.3900	273.5250	7.3200
0.3900	273.4650	7.3200
0.3900	273.2000	7.3200
0.3900	273.3200	7.3200
0.3900	273.3750	7.3200
0.3900	273.2600	7.3200
0.3900	273.2200	7.3200
0.4000	273.2700	7.3200
0.4400	273.1500	7.3200
0.4400	273.1500	7.3200
0.4200	273.1500	7.3200
0.4100	273.1500	7.3200
0.4000	273.1500	7.3200
0.4000	273.1500	7.3200
0.3900	273.1500	7.3200
0.3900	273.1500	7.3200
0.3900	273.1600	7.3200
0.3900	273.3300	7.3200
0.3900	273.2750	7.3200
0.3800	273.2100	7.3200
0.3800	273.2000	7.3200
0.3800	273.1500	7.3200
0.3800	273.1500	7.3200
0.3800	273.1500	7.3200
0.3800	273.1500	7.3200
0.3800	273.1500	7.3200
0.3800	273.1500	7.3200
0.3800	273.1500	7.3200
0.3800	273.1500	7.3200
0.3800	273.1650	7.3200
0.3800	273.2500	7.3200
0.3800	273.5000	7.3200
0.3800	273.4900	7.3200
0.4600	273.5200	7.3200
0.5500	273.1500	7.3200
0.4900	273.1500	7.3200
0.4400	273.1500	7.3200
0.4100	273.1500	7.3200
0.4000	273.1500	7.3200
0.3900	273.1600	7.3200
0.3800	273.1900	7.3200
0.3800	273.1500	7.3200
0.3800	273.1500	7.3200
0.3800	273.2100	7.3200
0.3700	273.5200	7.3200
0.4600	273.6200	7.3200
2.0000	273.8000	7.3200
1.9200	273.6400	7.3200
1.6200	273.8200	7.3200
2.6800	273.8650	7.3200
2.2100	273.1500	7.3200
1.1000	273.1500	7.3200
0.6900	273.1550	7.3200
1.3600	273.1650	7.3200
3.1500	273.1900	7.3200
4.9800	273.2000	7.3200
4.1700	273.1400	7.3200
1.2700	273.2150	7.3200
0.7700	273.5100	7.3200
0.5800	275.4700	7.3200
1.6500	277.0300	7.3200
4.0700	277.0800	7.3200
4.6800	276.6350	7.3200
4.1500	275.1800	7.3200
5.6700	275.2750	7.3200
10.2500	274.9500	7.3200
5.9600	273.3350	7.3200
4.1800	273.4250	7.3200
7.9100	273.8100	7.3200
3.5500	273.1650	7.3200
1.4200	273.2400	7.3200
2.4800	273.2000	7.3200
1.9600	273.3800	7.3200
2.5700	274.7750	7.3200
6.9600	277.0550	7.3200
9.7900	278.5750	7.3200
8.1900	277.8100	7.3200
4.4300	279.0400	7.3200
5.1000	278.7250	7.3200
5.7300	278.9850	7.3200
9.5200	277.9500	7.3200
6.0500	275.2150	7.3200
2.9600	274.3800	7.3200
1.7200	275.4550	7.3200
3.0600	274.8850	7.3200
1.9800	275.6800	7.3200
1.5100	277.7150	7.3200
3.7700	279.7400	7.3200
16.6400	277.3200	7.3200
8.9600	277.1650	7.3200
10.3700	276.9150	7.3200
14.2100	276.0900	7.3200
7.5400	274.8850	7.3200
6.9700	274.2350	7.3200
5.2100	273.1550	7.3200
2.7200	273.1800	7.3200
2.6700	273.3400	7.3200
1.7700	273.5050	7.3200
2.2400	273.3700	7.3200
1.6800	274.4900	7.3200
1.5600	276.0350	7.3200
3.5200	278.6150	7.3200
8.6900	279.4300	7.3200
5.3100	280.8600	7.3200
4.8200	281.8950	7.3200
8.4900	278.2000	7.3200
5.3600	275.0950	7.3200
9.0000	275.0400	7.3200
7.3000	275.0600	7.3200
3.4100	277.0350	7.3200
2.8400	280.7800	7.3200
8.5900	281.5750	7.3200
12.8500	282.7450	7.3200
14.4000	282.9400	7.3200
16.4900	282.1800	7.3200
13.8800	279.6450	7.3200
12.4800	281.7650	7.3200
15.2200	277.7800	7.3200
5.2900	274.5400	7.3200
4.0200	275.9650	7.3200
7.4000	278.8250	7.3200
4.7800	277.7450	7.3200
3.0000	279.8350	7.3200
3.9900	281.6550	7.3200
8.3500	283.8400	7.3200
11.9900	285.3550	7.3200
11.6700	283.0900	7.3200
8.2100	285.3100	7.3200
10.8300	286.9500	7.3200
14.3300	284.3600	7.3200
13.1400	283.9700	7.3200
13.2500	283.3050	7.3200
25.4000	282.5600	7.3200
25.7300	282.2150	7.3200
40.8700	281.9550	7.3200
48.8400	280.8500	7.3200
43.8400	278.2700	7.3200
38.0900	278.8650	7.3200
33.1800	283.0300	7.3200
29.3000	285.8200	7.3200
25.2400	287.2100	7.3200
20.4800	287.8050	7.3200
17.1800	287.5350	7.3200
14.7700	286.7950	7.3200
12.8700	286.1100	7.3200
11.8300	283.3750	7.3200
10.4700	282.3450	7.3200
9.2800	284.1050	7.3200
8.3300	287.4950	7.3200
7.5700	286.5750	7.3200
6.9200	280.1700	7.3200
6.9300	277.7600	7.3200
6.5400	281.7600	7.3200
5.7800	284.0750	7.3200
5.2200	287.2750	7.3200
4.7900	291.0900	7.3200
4.7000	290.2800	7.3200
4.4100	290.1750	7.3200
4.1200	287.8050	7.3200
6.0400	276.8300	7.3200
7.3700	276.7800	7.3200
6.2000	281.2750	7.3200
4.7500	288.5500	7.3200
3.5100	291.4700	7.3200
2.7800	290.3900	7.3200
2.3800	287.9500	7.3200
2.1200	289.4750	7.3200
1.9200	290.7650	7.3200
1.7700	292.9900	7.3200
1.6400	294.1650	7.3200
1.7900	293.4100	7.3200
2.2500	292.3200	7.3200
1.9100	291.4050	7.3200
1.5500	289.2500	7.3200
1.3500	292.0250	7.3200
1.2400	293.2950	7.3200
1.4400	294.2950	7.3200
1.5100	295.5850	7.3200
1.2400	296.3950	7.3200
1.1000	296.3600	7.3200
1.2000	296.9800	7.3200
1.2200	296.8350	7.3200
1.1000	295.2000	7.3200
1.1700	293.3000	7.3200
2.2400	292.0650	7.3200
3.2000	292.6250	7.3200
7.8200	292.4550	7.3200
5.3900	291.2750	7.3200
3.4800	293.1550	7.3200
2.1600	293.8700	7.3200
1.8500	293.8800	7.3200
1.6400	291.1350	7.3200
3.1200	290.6400	7.3200
2.9000	290.0600	7.3200
1.5300	290.5600	7.3200
0.9600	290.9550	7.3200
0.7200	291.9200	7.3200
0.6000	292.1800	7.3200
0.5300	291.7850	7.3200
0.4900	292.0950	7.3200
0.4600	292.9550	7.3200
0.4400	293.5300	7.3200
0.4200	294.2550	7.3200
0.4000	292.7400	7.3200
0.3900	294.9700	7.3200
0.3900	294.8500	7.3200
0.3800	294.3900	7.3200
0.3700	292.1350	7.3200
0.3500	291.7700	7.3200
0.3400	294.2550	7.3200
0.3300	295.3050	7.3200
0.3600	293.8050	7.3200
1.3300	294.9350	7.3200
5.0200	296.0950	7.3200
2.5000	296.7150	7.3200
2.3500	296.6400	7.3200
2.4400	295.8300	7.3200
2.2400	293.6050	7.3200
2.2800	293.7200	7.3200
1.3600	294.6250	7.3200
0.8100	294.9150	7.3200
0.5900	292.9450	7.3200
0.6700	293.0150	7.3200
0.8300	294.0750	7.3200
2.3200	294.3650	7.3200
1.9500	296.2800	7.3200
1.0500	296.2500	7.3200
0.6400	294.9550	7.3200
1.0400	292.1400	7.3200
9.2700	289.5150	7.3200
8.0600	289.9900	7.3200
3.2600	292.5700	7.3200
1.4300	293.2350	7.3200
0.8600	293.7850	7.3200
0.5600	295.5550	7.3200
0.4100	295.5950	7.3200
0.3800	294.9500	7.3200
0.4200	293.5800	7.3200
0.6200	291.9150	7.3200
1.1300	291.9250	7.3200
0.9900	292.8400	7.3200
0.8300	293.3550	7.3200
0.7500	294.8050	7.3200
0.5600	293.5500	7.3200
0.4100	289.2300	7.3200
0.4100	282.1550	7.3200
1.0600	282.0450	7.3200
1.4600	281.6400	7.3200
0.9400	287.2000	7.3200
0.5800	290.5200	7.3200
0.4000	292.6850	7.3200
0.2900	292.0200	7.3200
0.6000	289.4300	7.3200
2.4200	288.1800	7.3200
1.8200	289.4550	7.3200
1.2700	287.9200	7.3200
3.9800	285.8900	7.3200
2.6500	287.9650	7.3200
1.2100	289.5150	7.3200
0.6700	290.2900	7.3200
0.4300	291.1200	7.3200
0.3100	290.6650	7.3200
0.2400	291.7950	7.3200
0.2000	292.2700	7.3200
0.1800	291.7250	7.3200
0.1600	291.2250	7.3200
0.1400	291.2100	7.3200
0.1400	290.6950	7.3200
0.1200	288.9450	7.3200
0.1400	290.0100	7.3200
0.1400	289.5550	7.3200
0.1600	286.8300	7.3200
0.1600	286.4400	7.3200
0.1700	283.7900	7.3200
0.1800	284.7050	7.3200
0.1800	286.3800	7.3200
0.1800	285.5050	7.3200
0.1900	281.6400	7.3200
4.4500	274.9450	7.3200
2.9300	277.3750	7.3200
2.2700	275.7300	7.3200
3.9800	278.6750	7.3200
3.1200	279.1850	7.3200
1.7600	280.3450	7.3200
0.9800	281.9100	7.3200
0.6000	286.1750	7.3200
0.4200	284.0000	7.3200
0.3200	279.9500	7.3200
0.2700	282.6550	7.3200
0.2300	282.9800	7.3200
0.2100	283.0800	7.3200
0.1900	281.2500	7.3200
0.2500	275.2500	7.3200
0.5700	275.4150	7.3200
0.7200	278.7900	7.3200
0.7400	282.9950	7.3200
0.5600	285.4950	7.3200
0.4100	285.3000	7.3200
0.3100	284.2100	7.3200
4.5800	279.8100	7.3200
12.7400	276.5400	7.3200
3.7100	277.7750	7.3200
4.3400	278.0500	7.3200
4.6800	280.1750	7.3200
1.8600	282.9350	7.3200
0.7800	283.2300	7.3200
0.6900	281.7000	7.3200
4.7400	276.2700	7.3200
3.4800	277.0550	7.3200
1.7100	278.4700	7.3200
1.2800	280.0500	7.3200
1.5600	280.0800	7.3200
1.3100	279.6200	7.3200
1.0300	277.2950	7.3200
1.2100	277.0000	7.3200
0.9300	277.9350	7.3200
0.6200	278.4400	7.3200
0.4400	277.8750	7.3200
0.6300	275.2000	7.3200
1.1400	275.5950	7.3200
0.9700	276.6750	7.3200
0.7600	278.7500	7.3200
7.8600	274.3950	7.3200
3.6600	273.1500	7.3200
1.5100	273.1500	7.3200
0.8500	273.1500	7.3200
0.5500	273.1500	7.3200
0.4000	273.1500	7.3200
0.3200	273.1500	7.3200
0.3200	273.1500	7.3200
0.2900	273.1500	7.3200
0.2700	273.2750	7.3200
0.2600	273.8100	7.3200
0.5000	273.1550	7.3200
0.6300	273.1500	7.3200
0.5900	273.1950	7.3200
0.4700	273.2150	7.3200
0.3900	273.1500	7.3200
0.3100	273.2050	7.3200
0.2600	273.1500	7.3200
0.2300	273.1500	7.3200
0.2300	273.1500	7.3200
0.2200	273.1500	7.3200
0.2200	273.1500	7.3200
0.2200	273.1500	7.3200
0.2400	273.1500	7.3200
0.2400	273.2550	7.3200
0.2300	273.2050	7.3200
0.2300	273.2050	7.3200
0.2400	273.5300	7.3200
0.2600	273.3300	7.3200
0.3000	273.1500	7.3200
0.3100	273.1500	7.3200
0.2700	273.1500	7.3200
0.2400	273.1500	7.3200
0.2300	273.1500	7.3200
0.2200	273.1500	7.3200
0.2100	273.1500	7.3200
0.2100	273.1950	7.3200
0.2000	273.1700	7.3200
0.2000	273.1500	7.3200
0.2000	273.1500	7.3200
0.2100	273.1500	7.3200
0.2200	273.1600	7.3200
0.2200	273.1500	7.3200
0.2200	273.1500	7.3200
0.2200	273.2050	7.3200
0.2200	274.2000	7.3200
0.2700	274.6950	7.3200
0.3900	274.2550	7.3200
0.4600	273.2600	7.3200
0.4100	273.1500	7.3200
0.3300	273.3100	7.3200
0.2800	273.2300	7.3200
0.2600	273.1500	7.3200
0.2400	273.1500	7.3200
0.2300	273.1500	7.3200
0.2300	273.1500	7.3200
0.2300	273.1500	7.3200
0.2200	273.1500	7.3200
0.2200	273.1500	7.3200
0.2200	273.1550	7.3200
0.2200	273.1650	7.3200
0.2200	273.1500	7.3200
0.2200	273.1500	7.3200
0.2200	273.2500	7.3200
0.2200	273.4350	7.3200
0.2200	273.4250	7.3200
0.2200	273.1850	7.3200
0.2200	273.1500	7.3200
0.2200	273.1500	7.3200
0.2200	273.1500	7.3200
0.2200	273.1500	7.3200
0.2200	273.1500	7.3200
0.2200	273.1500	7.3200
0.2200	273.1500	7.3200
0.2200	273.1500	7.3200
0.2200	273.1500	7.3200
0.2200	273.2450	7.3200
0.2200	273.2100	7.3200
0.2200	273.1500	7.3200
0.2200	273.1500	7.3200
0.2200	273.1700	7.3200
0.2200	273.1800	7.3200
0.2200	273.1600	7.3200
0.2200	273.1950	7.3200
0.2200	273.1500	7.3200
0.2200	273.3700	7.3200
0.2200	273.8100	7.3200
0.2200	273.5100	7.3200
0.2200	273.2200	7.3200
0.2300	273.2600	7.3200
0.7800	273.2600	7.3200
0.7600	273.7000	7.3200
0.4400	275.1650	7.3200
0.4200	274.1950	7.3200
0.4900	273.1500	7.3200
0.4800	273.1500	7.3200
0.4300	273.1500	7.3200
0.3400	273.1500	7.3200
0.3000	273.1500	7.3200
0.2600	273.1500	7.3200
0.2500	273.1500	7.3200
0.2400	273.1500	7.3200
0.2300	273.4750	7.3200
0.2200	273.9150	7.3200
0.4900	274.6450	7.3200
2.4900	273.5650	7.3200
1.2100	273.1500	7.3200
0.5900	273.7100	7.3200
0.4200	273.8850	7.3200
0.8700	274.2050	7.3200
3.1900	275.2100	7.3200
5.1000	273.2200	7.3200
1.6300	273.1500	7.3200
0.6900	273.1500	7.3200
0.4300	273.1500	7.3200
0.3300	273.1500	7.3200
0.2800	273.1500	7.3200
0.2500	273.4150	7.3200
0.2400	274.5800	7.3200
0.6500	275.9600	7.3200
1.9500	276.7600	7.3200
3.9400	274.2850	7.3200
2.7600	273.4150	7.3200
2.1900	273.7950	7.3200
2.8400	275.4500	7.3200
4.5000	274.7100	7.3200
5.0000	274.2700	7.3200
8.2600	274.3200	7.3200
4.9400	274.9600	7.3200
3.2000	275.7750	7.3200
3.3100	276.4450	7.3200
6.8200	275.7300	7.3200
7.5400	276.0550	7.3200
8.4200	277.3900	7.3200
13.9800	278.0500	7.3200
18.1300	277.9450	7.3200
16.6800	276.2150	7.3200
13.9200	276.7050	7.3200
18.5400	278.7300	7.3200
10.7800	276.1150	7.3200
6.3200	278.1650	7.3200
12.2600	280.4050	7.3200
14.0200	280.3000	7.3200
17.0500	283.0700	7.3200
18.4200	278.7000	7.3200
6.2800	275.7250	7.3200
4.9200	274.4400	7.3200
3.9300	273.7850	7.3200
4.1500	273.3300	7.3200
5.3000	273.7850	7.3200
2.9700	274.9700	7.3200
1.3900	277.4850	7.3200
1.2900	276.4900	7.3200
1.3200	276.2950	7.3200
2.7000	280.0150	7.3200
8.9600	278.6550	7.3200
12.0500	276.4350	7.3200
6.7500	280.1250	7.3200
8.9500	279.9150	7.3200
7.6200	277.3200	7.3200
4.5200	276.4100	7.3200
5.3100	277.0100	7.3200
5.3900	278.3550	7.3200
13.9800	279.3050	7.3200
10.4300	280.8050	7.3200
8.3700	281.3400	7.3200
7.4700	277.8950	7.3200
4.5700	275.3050	7.3200
7.3000	278.7700	7.3200
12.5300	276.8300	7.3200
20.0100	275.7900	7.3200
12.4600	278.6500	7.3200
4.7300	283.8000	7.3200
4.0900	283.0000	7.3200
4.2100	283.0800	7.3200
4.9500	282.5250	7.3200
4.8900	285.5500	7.3200
4.8600	287.3450	7.3200
4.9400	287.0800	7.3200
5.0700	283.4950	7.3200
10.0800	276.5400	7.3200
11.5500	275.4000	7.3200
13.0600	275.8950	7.3200
8.0100	277.8700	7.3200
6.1700	280.9550	7.3200
5.6500	284.0350	7.3200
5.4600	285.3500	7.3200
5.3300	286.5250	7.3200
5.2300	287.7150	7.3200
5.1300	290.2150	7.3200
5.0200	290.7800	7.3200
5.3100	287.3250	7.3200
8.6000	283.5550	7.3200
7.3200	281.3250	7.3200
5.5800	282.1300	7.3200
4.9200	286.6250	7.3200
4.6200	289.8600	7.3200
4.4400	289.0600	7.3200
4.3000	282.4900	7.3200
4.1700	277.2650	7.3200
4.0600	279.3400	7.3200
3.9400	283.6300	7.3200
3.8300	286.3200	7.3200
3.7300	289.1550	7.3200
3.6300	292.2000	7.3200
3.5200	290.6800	7.3200
3.4200	292.5100	7.3200
3.3100	290.7000	7.3200
3.2100	288.0500	7.3200
3.1200	288.2500	7.3200
3.0500	292.0050	7.3200
3.0800	290.6650	7.3200
3.2000	289.4250	7.3200
2.9400	291.9100	7.3200
2.6100	293.6600	7.3200
2.3800	294.3750	7.3200
2.2200	294.3600	7.3200
2.1000	293.9650	7.3200
1.9900	293.7300	7.3200
1.9000	294.0850	7.3200
1.7900	294.9450	7.3200
1.6800	294.8450	7.3200
1.6000	294.6700	7.3200
1.5400	293.2800	7.3200
1.4800	294.5450	7.3200
1.4500	295.1400	7.3200
1.8700	295.4450	7.3200
2.4800	296.0450	7.3200
2.0200	293.9550	7.3200
1.5500	294.4650	7.3200
2.2800	296.3250	7.3200
2.5900	296.2200	7.3200
1.7600	296.9050	7.3200
1.3600	297.3000	7.3200
1.1800	296.8550	7.3200
1.2700	295.0550	7.3200
2.0400	294.0800	7.3200
2.2300	293.7650	7.3200
3.0600	292.2150	7.3200
2.9500	292.2600	7.3200
2.3000	292.1650	7.3200
1.9300	292.7200	7.3200
1.3800	294.1650	7.3200
1.3400	295.4050	7.3200
1.4400	293.8800	7.3200
2.6900	292.2950	7.3200
5.6600	290.9050	7.3200
2.8400	290.2950	7.3200
1.8900	290.2100	7.3200
1.3100	292.8350	7.3200
0.9600	295.3050	7.3200
0.7800	293.3800	7.3200
0.6900	294.5400	7.3200
0.6200	292.0450	7.3200
0.6300	292.1550	7.3200
0.7300	291.5450	7.3200
0.7800	291.0200	7.3200
0.8300	291.6950	7.3200
0.7500	289.9500	7.3200
0.7900	287.2550	7.3200
0.9800	288.5800	7.3200
0.8200	291.2350	7.3200
0.6500	291.7350	7.3200
0.5500	289.3550	7.3200
0.4900	291.4500	7.3200
0.4400	292.0050	7.3200
0.4200	293.7750	7.3200
0.4000	293.4350	7.3200
0.3700	293.9100	7.3200
0.3600	292.2550	7.3200
0.3500	293.1550	7.3200
0.3700	290.2800	7.3200
1.4600	289.3800	7.3200
1.9700	289.6900	7.3200
1.1900	289.4200	7.3200
0.7500	290.0450	7.3200
0.5400	292.1900	7.3200
0.4300	289.6200	7.3200
0.4000	290.2500	7.3200
0.4600	291.0850	7.3200
0.5300	290.4650	7.3200
0.4800	290.7450	7.3200
0.4200	291.1050	7.3200
0.3800	291.4050	7.3200
0.3500	291.7300	7.3200
0.3100	292.5200	7.3200
0.3000	292.8600	7.3200
0.3300	289.6700	7.3200
2.0300	287.8000	7.3200
9.2900	283.9950	7.3200
13.4300	282.7500	7.3200
4.6500	285.0450	7.3200
1.6700	286.9300	7.3200
1.9900	284.1800	7.3200
7.0100	284.0300	7.3200
4.8100	287.3150	7.3200
1.9700	289.9100	7.3200
0.9800	288.3350	7.3200
2.6900	283.8400	7.3200
9.8000	281.2950	7.3200
13.8300	278.5400	7.3200
4.6500	282.6200	7.3200
1.7800	285.8450	7.3200
0.9000	284.1900	7.3200
0.5500	285.3250	7.3200
0.4000	287.0250	7.3200
0.3300	288.6350	7.3200
0.2900	284.3450	7.3200
0.2600	284.6950	7.3200
0.2500	284.9150	7.3200
0.3800	283.8000	7.3200
0.8700	282.5500	7.3200
5.6300	280.7600	7.3200
25.5200	276.3900	7.3200
19.1300	275.2900	7.3200
10.0000	276.1050	7.3200
4.6000	279.0300	7.3200
2.0800	280.3400	7.3200
1.0800	281.7150	7.3200
0.6900	282.4650	7.3200
0.5200	282.1800	7.3200
0.4400	283.7300	7.3200
0.4000	284.9150	7.3200
0.3900	277.1100	7.3200
0.3700	278.0550	7.3200
0.3700	279.8150	7.3200
0.3700	279.4850	7.3200
0.3700	280.3900	7.3200
0.3700	281.4200	7.3200
0.3700	280.6050	7.3200
0.3800	280.2350	7.3200
0.3800	280.8400	7.3200
0.3800	280.9700	7.3200
0.3900	281.0500	6.4200
0.7000	278.9150	0.4800
5.1500	276.7350	3.6800
4.9800	276.7550	5.7600
5.2000	278.2550	4.9800
2.8000	278.9600	3.7900
1.2200	275.9000	1.6600
0.8500	273.9350	1.0200
0.8600	273.2200	0.8600
1.4200	273.1700	1.2600
1.3700	273.1500	1.4600
1.1600	273.1500	1.2900
0.8800	273.1500	1.0300
0.9300	273.1500	0.8800
1.9300	273.2650	1.5200
2.0200	274.2900	2.0900
1.4200	276.8050	1.6600
0.8900	277.5100	1.0800
11.2800	276.1700	4.4700
10.2200	273.6500	7.3200
5.1900	273.1500	7.3200
2.7300	273.2300	7.3200
2.0800	273.6550	7.3200
2.6300	273.2450	3.6500
1.5700	273.1500	2.0500
0.9800	273.5100	1.2400
0.7700	273.8150	0.9000
0.6800	273.3950	0.7500
0.6500	273.2050	0.6800
0.6200	273.3400	0.6400
0.6300	274.2600	0.6300
1.0200	275.8850	0.7800
2.1200	276.1500	1.6800
2.5900	274.2950	2.4700
1.7900	273.3300	2.1800
1.5000	273.1500	1.5700
2.2500	273.1500	2.1500
1.5300	273.3250	1.9000
1.0200	273.6600	1.2500
1.0300	274.0150	1.0300
1.8100	273.9950	1.5000
1.7900	273.4950	1.9200
1.3000	273.4000	1.4700
1.1300	273.2800	1.2100
1.0500	273.2300	1.0900
1.0900	273.2000	1.0800
1.0400	273.1850	1.0700
0.9800	273.1650	1.0000
1.0700	273.3000	1.0300
1.2500	273.2200	1.1600
1.2200	273.1500	1.2800
0.8800	273.1500	1.0100
0.7700	273.3400	0.8200
0.8600	273.5350	0.8200
1.6400	274.4300	1.2400
2.4900	273.3850	2.3200
1.7600	273.2450	2.1000
1.1800	273.1500	1.4900
0.9100	273.1500	1.1000
0.7900	273.1500	0.9000
0.7300	273.1500	0.7900
0.7000	273.1500	0.7400
0.6800	273.1500	0.7000
0.6600	273.1500	0.6800
0.6600	273.1500	0.6700
0.6500	273.1500	0.6600
0.6500	273.2050	0.6600
0.6500	273.7050	0.7300
0.6900	273.6600	1.6200
0.7600	273.1500	2.1300
0.7200	273.1500	1.5400
0.6900	273.1500	1.4200
0.6800	273.1550	1.3500
0.6700	273.7850	1.0500
0.6700	273.7400	0.8400
0.6600	273.5650	0.7500
0.6600	273.2650	0.7600
0.6600	273.4750	0.7700
0.6500	273.5750	0.7300
0.6500	273.3800	0.7000
0.6500	273.2500	0.6800
0.6800	273.1950	0.8200
0.7200	273.1550	0.9200
0.7000	273.4250	0.8400
1.0100	273.6350	0.9100
2.0700	273.4150	1.7200
1.7700	273.1500	1.9200
1.9200	273.1500	1.8700
2.1400	273.1500	2.0900
2.7000	273.1900	2.5600
3.0300	273.2900	2.9800
3.1600	273.2950	3.1900
1.3200	273.3800	1.8300
0.8500	273.8650	1.0300
0.7500	274.6500	0.8100
0.8600	273.8250	0.8300
1.0800	273.5250	1.0900
0.9100	275.1300	1.0300
2.5900	275.6050	1.8300
5.9000	273.4950	6.1600
2.9300	273.8850	3.8400
2.7100	276.0700	2.7300
8.0600	277.8250	6.4800
10.3300	276.5250	7.3200
4.0300	273.2850	7.3200
2.0900	273.1500	4.6600
1.6300	273.1500	2.1600
1.5300	273.1500	1.8000
1.0700	273.1500	1.3700
0.8000	273.1500	0.9700
0.7000	273.1500	0.7900
0.6600	273.1500	0.7000
0.6300	273.1500	0.6600
0.6200	273.3650	0.6300
0.6200	274.5750	0.6200
4.0500	274.1900	2.6600
6.3000	273.6450	6.3400
6.0800	274.1150	6.3200
7.6900	274.0600	6.9900
2.7000	273.2750	4.5300
1.2700	273.1500	1.7400
0.8700	273.1550	1.0800
0.7700	273.1750	0.8500
0.8100	273.1800	0.8300
1.3800	273.1500	1.3700
1.2600	273.1500	1.9700
2.9500	273.1500	2.7500
3.0900	273.1500	3.9500
1.4500	273.1500	2.3100
1.3300	273.1500	1.4800
1.0800	273.1500	1.3100
1.3400	273.1500	1.3300
2.7200	273.1500	2.4700
3.8400	273.1500	3.7900
3.2300	273.1500	3.6200
1.7100	273.2050	2.4600
3.1800	273.3500	3.2800
1.5400	274.2400	2.2500
0.9300	275.4400	1.2600
0.7200	276.8700	0.8800
1.8400	277.3700	1.2900
3.9300	276.7700	3.4500
3.8000	277.1800	3.7200
6.7900	278.5450	5.8900
8.4300	276.3450	7.3000
8.0100	276.6650	7.3200
8.5100	274.5950	7.3200
5.6200	273.5550	7.3200
2.7600	273.4050	6.6600
1.8300	274.8150	2.3300
1.1900	274.1400	1.5100
0.9100	273.5950	1.0800
0.9700	276.7950	0.9300
3.7900	276.9600	2.7000
3.0400	274.7650	3.6500
1.7000	275.4200	2.0800
6.4600	273.7750	4.5900
5.8100	273.3000	7.3100
2.9400	273.2300	3.8500
1.6600	273.6950	2.1900
1.0400	275.5900	1.2700
2.3700	279.3450	1.7300
4.9700	279.2850	4.3100
2.9000	274.4600	3.7800
2.9000	273.1500	2.8600
2.8900	273.1500	3.1100
4.2100	273.1600	4.1100
4.3700	273.3000	4.8000
2.3600	274.4150	3.1100
1.2600	276.1400	1.6900
1.1100	279.6250	1.1500
6.7100	281.6000	4.4100
17.3500	278.8850	7.3200
16.3700	278.9950	7.3200
13.3800	279.2200	7.3200
9.4300	278.9550	7.3200
10.3600	275.0650	7.3200
6.3400	277.5200	7.3200
6.4900	276.8800	7.3200
8.1400	274.4700	7.3200
4.0900	276.6450	7.3200
3.1400	279.1600	7.3200
6.3000	279.1950	7.3200
11.1400	276.6200	7.3200
6.6300	278.6850	7.3200
9.1900	278.1050	7.3200
9.3900	278.8550	7.3200
7.9400	276.2550	7.3200
7.8600	279.7900	7.3200
8.3100	279.7350	7.3200
7.9800	276.9800	7.3200
6.3500	274.7100	7.3200
3.8500	276.2700	7.3200
4.1600	280.8050	7.3200
7.7500	277.9250	7.3200
11.8500	275.3050	7.3200
8.0200	274.7700	7.3200
4.7500	277.0550	7.3200
11.6000	277.1350	7.3200
15.3700	275.9500	7.3200
11.4000	275.1850	7.3200
13.5900	275.6650	7.3200
13.4200	279.8500	7.3200
7.6600	280.6200	7.3200
10.1400	281.1850	7.3200
11.7700	283.2250	7.3200
15.7300	282.8000	7.3200
13.7300	283.6800	7.3200
13.9000	282.2500	7.3200
15.2900	277.2550	7.3200
7.4900	277.7750	7.3200
10.4100	280.5950	7.3200
14.2800	283.4100	7.3200
17.0900	286.0100	7.3200
22.1900	287.3900	7.3200
47.2500	287.1800	7.3200
66.3400	286.8250	7.3200
61.7600	286.7350	7.3200
50.9500	288.1550	7.3200
42.2000	290.5500	7.3200
35.4500	290.6100	7.3200
30.6600	289.4500	7.3200
25.1900	287.0150	7.3200
20.6900	284.0050	7.3200
16.7200	283.4700	7.3200
14.1800	282.6650	7.3200
12.3300	281.4500	7.3200
11.0200	282.0400	7.3200
9.8500	283.1500	7.3200
8.8500	282.9750	7.3200
8.0300	285.9850	7.3200
7.9000	286.9500	7.3200
7.4600	286.6200	7.3200
6.5600	285.9650	7.3200
6.1600	285.4950	7.3200
6.0900	286.1350	7.3200
5.8800	288.9750	7.3200
5.0700	292.1450	7.3200
4.6000	291.4850	7.3200
4.2800	290.6200	7.3200
4.0500	291.2100	7.3200
4.1500	289.6400	7.3200
4.2300	286.2300	7.3200
6.4600	284.8700	7.3200
8.4100	282.9600	7.3200
23.0100	280.3750	7.3200
26.6200	278.9600	7.3200
8.7000	282.0800	7.3200
3.7600	287.0450	7.3200
2.4300	289.6200	7.3200
2.0000	290.2050	7.3200
1.8000	292.8250	7.3200
1.6600	293.0850	7.3200
1.5500	291.6350	7.3200
1.4500	292.4000	7.3200
1.3800	291.7650	7.3200
1.3200	291.6000	7.3200
1.2700	292.8850	7.3200
1.2100	293.7150	7.3200
1.1600	292.7050	7.3200
1.1300	289.5950	7.3200
1.0900	292.6700	7.3200
1.0500	295.6800	7.3200
1.0100	295.9950	7.3200
0.9700	296.3850	7.3200
0.9300	294.2200	7.3200
0.9000	295.5850	7.3200
0.8600	295.8200	7.3200
0.8300	295.8500	7.3200
0.8200	295.9100	7.3200
0.8700	296.1300	7.3200
3.0300	296.3700	7.3200
4.9500	296.1050	7.3200
3.3800	295.8800	7.3200
2.5300	297.3000	7.3200
1.6700	296.2500	7.3200
1.3000	294.8150	7.3200
1.3300	293.6000	7.3200
1.3500	292.4800	7.3200
1.1200	293.2600	7.3200
0.8800	293.5000	7.3200
0.7200	293.9750	7.3200
0.6300	295.3200	7.3200
0.5600	294.3000	7.3200
0.5200	294.2800	7.3200
1.7200	292.2450	7.3200
5.2400	290.9800	7.3200
2.7100	291.7400	7.3200
1.5400	293.2450	7.3200
0.9600	293.3600	7.3200
0.6800	293.3950	7.3200
0.5800	294.5250	7.3200
0.8000	295.3600	7.3200
1.4000	295.6700	7.3200
1.8900	295.8750	7.3200
1.5800	295.1100	7.3200
1.0700	296.2950	7.3200
0.8300	295.9450	7.3200
0.9700	293.5700	7.3200
4.1500	289.9550	7.3200
4.3000	288.8700	7.3200
1.7700	289.8700	7.3200
0.9300	292.8050	7.3200
0.5900	294.6200	7.3200
1.1300	293.2000	7.3200
6.7900	290.0500	7.3200
4.6800	291.8100	7.3200
2.3200	292.2250	7.3200
1.6700	292.3150	7.3200
1.0900	292.5950	7.3200
2.0600	289.2200	7.3200
1.8000	290.9000	7.3200
2.4400	288.9100	7.3200
6.9600	287.0900	7.3200
2.9700	288.9550	7.3200
1.3100	291.4600	7.3200
0.8400	290.4250	7.3200
0.6300	290.7250	7.3200
0.4600	291.2550	7.3200
0.5300	288.8700	7.3200
1.1500	287.1800	7.3200
1.9300	289.9250	7.3200
1.6400	285.6450	7.3200
2.5400	283.1800	7.3200
10.6600	279.1750	7.3200
4.1000	283.7500	7.3200
1.5400	282.2550	7.3200
0.7900	280.6600	7.3200
0.4900	285.3100	7.3200
0.3600	289.0650	7.3200
0.2800	285.6400	7.3200
0.2400	276.4250	7.3200
0.2100	280.8050	7.3200
0.2000	284.7500	7.3200
0.1900	284.6600	7.3200
0.1700	286.0800	7.3200
0.1700	288.2700	7.3200
0.1600	288.1400	5.2000
0.1500	287.0650	0.1400
0.1500	287.6750	0.1400
0.1500	288.4900	0.1400
0.1700	289.2650	0.1400
0.1800	289.6150	0.1600
0.1800	289.6450	0.1600
0.1900	290.7700	0.1700
0.2300	289.0900	0.1800
0.9600	286.1100	0.5100
2.0200	284.3350	1.6400
1.9800	285.6000	2.0900
1.2100	286.1150	1.4900
0.7500	286.4150	0.9400
0.5700	287.2550	0.6700
0.4900	288.1400	0.5500
0.4200	286.6750	0.4800
0.3600	276.9950	0.4000
0.3100	281.6700	0.3400
0.2700	280.6500	0.3000
0.2400	277.8000	0.2600
0.2300	280.8550	0.2400
0.2100	282.9550	0.2200
0.2100	284.7750	0.2100
0.2000	286.8900	0.2000
0.2000	288.2050	0.2000
0.2000	287.1150	0.1900
0.1900	287.7650	0.1900
0.1900	288.0650	0.1800
0.1900	287.4150	0.1800
0.1900	281.0400	0.1800
0.1800	276.5850	0.1800
0.1800	276.5600	0.1700
0.1800	279.4500	0.1700
0.1800	281.5450	0.1700
0.1700	282.7550	0.1700
0.1700	280.5800	0.1700
0.2300	273.6550	0.1900
2.2600	273.3950	1.4900
4.1000	273.4950	4.4500
3.0700	273.6250	3.7700
3.3700	273.1500	3.7000
2.5200	273.1500	3.2800
1.4700	273.1500	2.1600
1.5000	273.2450	1.6700
1.1000	273.8850	1.3200
1.4200	275.1350	1.3800
1.6500	276.2100	1.5300
3.2300	273.8600	3.1800
1.7400	273.8950	2.3700
0.9600	275.3700	1.3000
3.0700	274.3400	2.5600
4.2800	273.5900	4.8600
2.3500	273.6750	3.1100
2.0400	273.4500	2.3400
1.2000	273.3400	2.1800
1.8000	274.3250	2.0400
4.0900	275.9450	3.7600
2.7600	274.3650	3.2800
2.1500	273.1500	2.4100
1.2200	273.1500	1.6700
0.6400	273.1500	0.9600
0.6800	273.1500	0.7500
0.6700	273.1500	0.7700
0.4700	273.1500	0.6100
0.3500	273.2250	0.4500
1.0100	273.5950	0.9400
4.8000	274.4950	4.6800
2.9700	273.9200	3.9900
1.2500	274.0400	1.8800
0.6200	273.3600	0.9400
0.3900	273.3700	0.5600
0.2900	273.5100	0.3900
0.2400	275.7100	0.3000
0.2500	276.4450	0.2600
0.9900	273.8900	0.6200
1.3900	273.1500	1.5600
0.9200	273.1500	1.3800
1.1400	273.1500	1.3300
0.9000	273.1500	1.1500
0.8300	273.1550	0.9500
0.6600	273.4750	0.8200
1.7500	273.2400	1.4300
1.0500	273.1500	1.4900
0.6800	273.1500	1.0600
0.7200	273.3150	0.9800
1.3500	273.8050	1.1900
1.9100	274.3500	1.7900
2.2000	273.6650	2.1100
2.5000	273.1600	2.6600
1.6200	273.2400	2.4600
1.8600	273.2700	2.6700
0.9800	273.2550	1.7900
0.8500	273.3250	1.4500
0.6500	273.1500	1.5200
0.3900	273.1500	0.8300
0.2800	273.1500	0.4900
0.2200	273.1500	0.3400
0.2000	273.1500	0.2700
0.1900	273.1500	0.2300
0.1800	273.1500	0.2100
0.1800	273.1500	0.1900
0.1800	273.1500	0.1900
0.1800	273.1500	0.1800
0.1800	273.1500	0.1800
0.1800	273.1500	0.1800
0.1800	273.2000	0.1800
0.1800	273.3700	0.1800
0.1800	273.4800	0.1800
0.1700	273.4150	0.1700
0.1700	273.3650	0.1700
0.1700	273.3150	0.1700
0.1700	273.3600	0.1700
0.1700	273.3450	0.1700
0.1700	273.1900	0.1700
0.1700	273.1500	0.1700
0.1700	273.1500	0.1700
0.1700	273.1500	0.1700
0.1700	273.1500	0.1700
0.1700	273.1500	0.1700
0.1700	273.1500	0.1700
0.1700	273.1500	0.1700
0.1700	273.1500	0.1700
0.1700	273.1500	0.1700
0.1700	273.1500	0.1700
0.1700	273.1500	0.1700
0.1700	273.1500	0.1700
0.1700	273.1500	0.1700
0.1700	273.2250	0.1700
0.1700	273.2050	0.1700
0.1700	273.1500	0.1700
0.1700	273.1500	0.1700
0.1700	273.1500	0.1700
0.1700	273.1500	0.1700
0.1700	273.1500	0.1700
0.1700	273.1500	0.1700
0.1700	273.1500	0.1700
0.1700	273.1500	0.1700
0.1700	273.1500	0.1700
0.1700	273.1500	0.1700
0.1700	273.1500	0.1700
0.1700	273.1500	0.1700
0.1700	273.1500	0.1700
0.1700	273.1500	0.1700
0.1700	273.1500	0.1700
0.1700	273.1700	0.1700
0.1700	273.6650	0.1700
0.1700	275.0400	0.2000
0.3300	274.0400	0.6200
0.4900	273.1500	0.9000
0.3500	273.1550	0.6100
0.2600	273.2700	0.4300
0.2600	273.5600	0.5500
0.5800	273.5650	1.0800
0.6400	273.3950	1.2100
0.6500	274.1200	1.3100
3.0400	273.5050	4.6000
2.2000	273.2550	4.4600
1.0800	273.1500	2.5400
0.6400	273.1500	1.9800
0.5000	273.1500	1.1800
0.4500	273.1500	0.7200
0.3900	273.1500	0.5300
0.3100	273.1600	0.4900
0.2700	273.2100	0.4900
0.2600	273.8200	0.4400
0.2900	275.0850	0.3700
0.6200	275.0350	0.4900
1.0700	274.5550	0.8800
1.6400	275.1550	1.4200
2.7500	274.7900	2.3800
3.5100	274.4850	3.3500
4.0200	274.4750	3.8600
5.8400	274.5350	5.5500
6.1600	275.4850	6.3000
3.5800	277.3750	3.9800
4.8400	280.2650	4.5100
6.7400	281.6000	6.3600
8.1800	283.0900	7.1100
9.5700	285.1700	7.3200
16.6700	283.0500	7.3200
19.9300	281.6700	7.3200
22.9000	281.2150	7.3200
22.1600	279.8850	7.3200
13.2000	274.3900	7.3200
4.1600	273.5000	7.3200
2.5800	274.6600	7.3200
1.6200	277.2050	7.3200
0.9000	280.7000	7.3200
1.5100	280.7550	7.3200
4.8100	279.3000	7.3200
12.4500	278.2650	7.3200
8.9000	277.9950	7.3200
8.9800	279.0600	7.3200
10.2800	279.4750	7.3200
12.2900	279.1350	7.3200
14.9800	278.1750	7.3200
10.6400	276.9600	7.3200
6.0900	275.2200	7.3200
3.4500	275.3450	7.3200
2.0100	277.5150	7.3200
2.0900	280.9650	7.3200
3.1200	282.4500	7.3200
4.3400	280.4150	7.3200
4.6000	281.3850	7.3200
5.1800	280.9950	7.3200
4.9800	277.4100	7.3200
7.3300	275.0800	7.3200
4.3300	276.5200	7.3200
4.1000	276.1750	7.3200
5.7200	274.9100	7.3200
4.4500	276.5350	7.3200
2.6700	277.6450	7.3200
2.5300	277.2000	7.3200
2.4800	279.0450	7.3200
2.9100	282.3250	7.3200
5.5200	282.7400	7.3200
7.9100	275.4750	7.3200
6.4500	275.5750	7.3200
5.3700	279.5000	7.3200
6.7100	282.6650	7.3200
9.1800	283.1400	7.3200
12.5500	285.2550	7.3200
16.0400	286.5900	7.3200
14.7100	286.0400	7.3200
8.0600	284.7250	7.3200
6.8100	283.8350	7.3200
8.9100	283.9100	7.3200
12.0100	283.2900	7.3200
15.7400	281.5800	7.3200
15.3200	275.6450	7.3200
26.3100	275.0150	7.3200
31.2400	274.9150	7.3200
31.6600	277.8350	7.3200
41.1700	281.4350	7.3200
44.4300	281.3100	7.3200
43.2300	283.0200	7.3200
30.4000	281.5550	7.3200
28.8800	282.5100	7.3200
27.0500	281.6300	7.3200
24.5700	279.6350	7.3200
22.7800	278.8450	7.3200
22.0000	278.0550	7.3200
23.4700	277.8100	7.3200
19.0100	277.7600	7.3200
16.5700	280.2550	7.3200
15.5200	283.1200	7.3200
17.2900	280.5300	7.3200
23.6200	275.6050	7.3200
16.0800	277.3850	7.3200
12.8400	280.4450	7.3200
11.1600	283.4250	7.3200
10.3200	286.4400	7.3200
9.6700	288.6700	7.3200
9.1000	288.7300	7.3200
8.5700	288.4650	7.3200
8.0700	288.2500	7.3200
7.6200	288.1950	7.3200
7.2000	287.0800	7.3200
7.5900	283.0950	7.3200
18.7600	277.6950	7.3200
11.5700	280.2750	7.3200
7.3800	283.6600	7.3200
6.1400	287.1600	7.3200
5.6300	288.4600	7.3200
5.3100	286.8900	7.3200
5.0900	286.0400	7.3200
13.7400	284.6050	7.3200
11.2200	285.9200	7.3200
8.1600	287.3050	7.3200
5.8500	286.8550	7.3200
6.1400	285.8800	7.3200
5.0100	288.3150	7.3200
4.3100	290.4850	7.3200
3.8800	290.8000	7.3200
3.5800	289.8100	7.3200
4.5500	289.9250	7.3200
4.6400	289.8550	7.3200
4.3000	289.0500	7.3200
5.5400	287.0250	7.3200
4.8400	289.1200	7.3200
3.2600	289.9000	7.3200
2.5900	289.4500	7.3200
2.3100	289.8700	7.3200
2.2600	289.4100	7.3200
2.3900	288.8800	7.3200
2.1900	292.1100	7.3200
1.9600	291.6350	7.3200
1.8300	291.4500	7.3200
1.7300	291.3200	7.3200
1.6400	292.4900	7.3200
1.5800	293.3000	7.3200
1.5100	295.1550	7.3200
1.5100	295.0900	7.3200
2.7700	294.3250	7.3200
4.9400	291.4350	7.3200
6.9700	290.9950	7.3200
8.5100	292.1550	7.3200
8.6200	291.4550	7.3200
7.1400	292.2150	7.3200
4.3200	293.0550	7.3200
3.7000	292.8600	7.3200
3.9400	291.9500	7.3200
5.2500	290.6700	7.3200
2.8600	291.3500	7.3200
1.7100	292.1600	7.3200
1.3500	291.5000	7.3200
1.5600	290.4150	7.3200
1.7100	291.2350	7.3200
1.4900	292.8150	7.3200
1.2500	292.8450	7.3200
1.0800	293.3800	7.3200
0.9700	292.1700	7.3200
4.1200	290.3050	7.3200
5.8300	292.3950	7.3200
3.6900	293.0350	7.3200
2.4200	292.2550	7.3200
1.8400	291.6450	7.3200
1.4500	290.2800	7.3200
1.4100	291.6100	7.3200
1.1600	293.0300	7.3200
0.9300	292.5250	7.3200
0.8100	292.4300	7.3200
0.7400	292.7600	7.3200
0.6900	293.0550	7.3200
0.6600	292.9900	7.3200
0.6400	292.4250	7.3200
0.6800	290.3400	7.3200
1.8000	287.5700	7.3200
2.9400	286.1250	7.3200
5.0200	288.6000	7.3200
3.4500	289.0050	7.3200
2.7800	289.8950	7.3200
2.0000	288.9700	7.3200
2.0800	286.1700	7.3200
3.1200	287.3750	7.3200
2.6900	288.8300	7.3200
2.2200	281.9750	7.3200
1.7100	284.3200	7.3200
1.2200	286.7800	7.3200
1.0000	289.3000	7.3200
0.7900	290.7100	7.3200
0.6500	291.9900	7.3200
0.5800	293.1300	7.3200
0.5300	286.4150	7.3200
0.5800	280.7500	7.3200
2.4900	280.8700	7.3200
3.7200	285.3700	7.3200
2.1300	287.5900	7.3200
1.1600	290.0750	7.3200
0.7800	291.0750	7.3200
0.6100	291.0300	7.3200
0.5300	290.9750	7.3200
0.4900	291.7600	7.3200
0.5100	289.1200	7.3200
1.9500	284.0850	7.3200
2.3200	279.6600	7.3200
1.6200	285.8700	7.3200
1.0300	289.4250	7.3200
0.7100	289.9050	7.3200
0.5900	287.2150	7.3200
1.6300	281.7150	7.3200
4.3300	276.3650	7.3200
4.3800	276.4200	7.3200
2.6500	279.8650	7.3200
1.2700	284.2800	7.3200
0.9200	285.2900	5.8400
0.8900	286.4750	0.9400
0.6800	287.5400	0.7800
0.5400	288.5000	0.6200
0.5100	285.7050	0.5200
3.5300	282.1950	2.2300
4.3900	280.9200	4.5700
3.2300	282.8350	3.7000
2.0600	284.4300	2.4400
1.4200	284.3050	1.6600
1.2600	284.4000	1.3400
1.1500	283.1150	1.2400
0.9000	283.3250	1.0200
0.7700	284.9450	0.8500
0.7000	286.6900	0.7500
0.6400	286.3650	0.6800
0.7600	282.4950	0.6700
1.5200	282.8350	1.2500
1.2600	281.4950	1.3900
0.8500	280.8600	1.0200
0.6400	282.2750	0.7500
0.5400	283.1200	0.6100
0.4900	283.8550	0.5300
1.0100	280.2700	0.6400
7.7600	277.8700	5.1900
21.1500	278.0450	7.3200
40.7300	277.0100	7.3200
17.0500	275.5850	7.3200
9.3200	274.9050	7.3200
6.5500	276.5250	7.3200
9.4000	275.4250	7.3200
11.3400	275.6800	7.3200
4.6500	279.6700	7.3200
5.9600	277.7950	7.3200
8.9300	273.9350	7.3200
3.9900	273.8150	7.3200
2.5900	274.1700	7.3200
2.3300	273.1500	7.3200
2.3000	273.2200	7.3200
2.1800	273.8500	7.3200
1.7800	274.9400	7.3200
1.0400	276.1600	7.3200
0.7600	277.2350	7.3200
0.6500	278.3900	7.3200
0.6300	279.7250	7.3200
1.0000	278.3000	7.3200
5.9400	276.3500	7.3200
4.7800	277.2650	7.3200
4.0800	275.5450	7.3200
4.3100	274.8350	7.3200
2.8700	274.7100	7.3200
1.8300	274.2050	4.5000
1.3600	274.7900	1.5700
1.1000	275.1600	1.2400
0.9000	274.1850	1.0100
0.7800	273.6800	0.8500
0.7100	273.2650	0.7600
0.6800	273.1500	0.7100
0.6900	273.3200	0.6900
0.7400	273.2950	0.7200
0.7300	273.1500	0.7500
0.6900	273.5650	0.7200
0.7300	273.6250	0.7100
1.1200	273.1500	0.9600
1.6700	273.1500	2.6300
1.3200	273.1500	2.1700
0.9500	273.1500	1.3000
0.8200	273.1500	0.9700
0.7500	273.1500	0.8300
0.7200	273.1500	0.9400
0.7100	273.1650	1.4500
0.6900	273.1500	1.1700
0.6900	273.1500	0.8800
0.6900	273.1500	0.7800
0.7000	273.1600	0.7900
0.8500	273.5850	2.7600
3.2000	274.0250	4.3000
2.0100	275.1700	2.8600
1.2300	274.9200	1.7000
1.3600	275.4550	1.3600
2.1700	274.3350	1.9500
2.7800	273.4650	2.6800
2.7600	273.1500	2.7800
2.6400	273.1500	2.7000
2.0100	273.1500	2.2100
1.1800	273.2100	1.4800
0.8700	273.2250	1.0100
0.7800	273.1750	0.8300
0.7500	273.1500	0.7700
0.7300	273.1500	0.7400
0.7200	273.1500	0.7200
0.7400	273.2100	0.7300
0.8900	273.3500	0.8600
0.8900	273.5750	0.9800
0.8000	273.4350	0.9100
0.8400	274.1100	0.8900
3.1900	273.4150	3.5900
2.5200	273.2250	3.9500
2.5900	273.2200	3.4500
1.4400	273.1500	2.2100
0.9700	273.1900	1.2900
0.9700	273.1750	1.2900
1.1400	273.1500	1.9500
1.0200	273.1500	1.6200
0.8500	273.1500	1.1200
0.7800	273.1800	0.9100
0.7500	273.5800	1.4900
7.4900	274.7750	5.8500
20.0000	274.3400	7.3200
8.5200	273.3750	7.3200
2.4200	273.1500	7.3200
1.4600	273.1500	7.3200
1.2200	273.1500	7.3200
1.2100	273.2600	7.3200
2.5200	273.5150	7.3200
3.2300	273.2750	5.6700
1.5200	273.7100	2.0100
1.0000	275.1550	1.2000
0.8500	274.5250	0.9300
0.7800	273.7400	0.8300
0.7400	273.8150	0.7700
0.7300	273.8200	0.7400
0.7100	273.4700	0.7300
0.7100	273.5300	0.7100
0.7200	273.9950	0.7200
1.1100	273.5550	1.1100
1.0100	273.5750	1.2500
0.8700	273.2950	1.0400
0.9000	273.1500	0.9700
0.9400	273.1500	0.9900
0.8600	273.1500	0.9400
0.7900	273.3150	0.8500
0.7400	273.4350	0.7900
0.7200	273.2300	0.7500
0.7100	273.1600	0.7200
0.7000	273.1600	0.7100
0.7000	273.1500	1.3400
0.6900	273.1500	1.6700
0.6900	273.2150	1.1700
2.0100	273.5300	1.6200
3.3300	274.3950	3.1800
2.0700	273.4950	2.7400
1.1900	274.1950	1.6900
1.0500	273.5100	1.3400
1.4200	273.1500	1.7600
1.9700	273.1600	2.2700
1.3500	273.5850	1.8700
0.9500	274.2900	1.2200
1.3100	273.5250	1.5000
3.0000	273.5650	3.2800
1.5500	273.8900	2.3600
1.3500	274.2350	1.5100
2.0100	274.0500	1.9300
1.4000	273.9000	1.7200
1.0500	273.8350	1.2200
0.9200	273.5850	1.0100
0.7900	273.6150	0.8700
0.7700	273.8350	0.7900
0.8500	273.8050	0.8200
0.9400	274.4950	0.9000
1.3900	274.4950	1.1800
1.8800	274.8000	1.7200
2.1200	275.2100	2.0400
1.7200	275.1200	1.8600
1.8900	276.1950	1.8100
2.3000	276.9500	2.1900
3.0300	278.0400	2.7600
4.4600	277.4250	4.1200
3.6100	276.6200	3.8800
3.6500	275.0550	3.5900
2.1300	273.1500	2.6700
1.1700	273.1500	1.4700
0.8600	273.4400	0.9900
0.8100	274.3300	0.8300
1.0700	273.5500	0.9600
1.4900	274.8350	1.3200
2.9600	275.3350	2.5200
7.0700	273.7750	6.5800
3.1800	273.8550	4.5400
3.1200	275.2150	3.3300
8.6500	274.2250	6.8400
5.8400	273.5150	7.3200
3.3500	273.2000	5.2700
2.0700	273.6050	2.5400
1.9000	276.6300	1.9900
7.8300	274.4900	5.8000
4.2900	273.2350	6.7600
2.4700	273.1500	3.3700
2.0200	273.3950	2.5300
1.3400	275.8350	1.7100
3.0500	279.1050	2.5100
6.6600	279.8650	5.9800
7.7600	274.3550	7.1200
4.1500	274.7150	5.4800
5.2200	278.6700	4.7700
12.0600	280.2600	7.0300
15.1600	275.3400	7.3200
12.1900	274.6800	7.3200
9.3500	274.9600	7.3200
4.7000	276.6100	7.3200
5.5900	280.1800	7.3200
10.2200	278.5650	7.3200
8.4800	274.8300	7.3200
6.8200	277.4500	7.3200
9.1700	279.9450	7.3200
16.5500	281.3200	7.3200
18.2500	277.1150	7.3200
18.7400	275.5050	7.3200
12.9500	274.5550	7.3200
9.5700	275.9900	7.3200
13.5600	279.0950	7.3200
19.6100	280.0200	7.3200
27.1600	276.5600	7.3200
20.1000	276.3350	7.3200
16.2200	277.6250	7.3200
19.4600	277.5800	7.3200
25.0400	275.7600	7.3200
18.9500	275.4900	7.3200
10.4400	276.7800	7.3200
11.6300	277.3700	7.3200
11.3400	277.7250	7.3200
12.7300	278.2850	7.3200
17.6300	279.6050	7.3200
32.1000	280.1350	7.3200
31.8900	277.1450	7.3200
20.8100	276.0250	7.3200
22.3200	279.1150	7.3200
29.3100	278.7550	7.3200
45.0100	275.9000	7.3200
26.7900	274.7250	7.3200
31.2300	275.6550	7.3200
50.7200	276.8650	7.3200
54.6700	277.9150	7.3200
51.8600	280.8600	7.3200
61.9600	279.3450	7.3200
48.0900	275.1850	7.3200
47.5300	280.7400	7.3200
53.6200	283.7200	7.3200
55.8900	283.7550	7.3200
62.1400	281.5000	7.3200
68.2800	283.7200	7.3200
75.2900	282.9950	7.3200
85.8900	279.8150	7.3200
89.8900	278.1600	7.3200
91.2100	278.8000	7.3200
92.6300	280.4150	7.3200
97.5000	281.3500	7.3200
102.2800	280.9100	7.3200
117.2800	276.0350	7.3200
109.7800	278.6900	7.3200
111.0900	276.0650	7.3200
88.8800	275.4700	7.3200
82.1100	275.6200	7.3200
78.5400	277.5250	7.3200
75.9200	280.5450	7.3200
79.7300	277.2000	7.3200
64.2000	274.9650	7.3200
64.2400	276.1900	7.3200
56.3900	275.7650	7.3200
51.4800	276.2450	7.3200
55.9900	277.3500	7.3200
55.1200	276.2350	7.3200
45.5400	277.8400	7.3200
44.4100	283.2100	7.3200
45.2600	285.1250	7.3200
45.2200	284.7100	7.3200
51.6900	283.6400	7.3200
61.5600	283.5100	7.3200
46.8600	285.3950	7.3200
38.5200	287.9050	7.3200
36.5500	288.9850	7.3200
34.3900	287.6350	7.3200
32.2900	286.3100	7.3200
27.0400	287.3600	7.3200
25.2200	285.2900	7.3200
23.8700	284.5900	7.3200
19.4200	285.9450	7.3200
21.2600	284.5300	7.3200
18.0300	283.4550	7.3200
14.9200	286.3600	7.3200
12.8400	289.1600	7.3200
11.5900	288.9650	7.3200
10.6700	286.9250	7.3200
9.8100	287.8550	7.3200
9.0500	289.8700	7.3200
8.3700	291.0800	7.3200
7.7800	291.2250	7.3200
7.2400	291.0200	7.3200
6.8000	290.4750	7.3200
6.4000	290.0050	7.3200
5.9700	292.1050	7.3200
5.6100	294.7400	7.3200
5.3700	296.0850	7.3200
5.0700	295.4600	7.3200
4.6900	296.4150	7.3200
4.4300	294.9400	7.3200
4.4000	290.4400	7.3200
4.2700	293.1050	7.3200
3.6000	297.3400	7.3200
3.1600	296.8250	7.3200
2.8500	297.3200	7.3200
2.7800	295.5900	7.3200
3.3800	293.7950	7.3200
3.2700	293.6350	7.3200
3.2600	289.6950	7.3200
3.2600	288.9050	7.3200
2.5000	291.3400	7.3200
2.1200	293.9650	7.3200
1.8800	293.6900	7.3200
2.6200	293.3450	7.3200
4.1300	293.3800	7.3200
2.9100	292.1900	7.3200
2.6800	292.1400	7.3200
3.9500	291.5250	7.3200
3.0000	291.7950	7.3200
2.2300	292.6550	7.3200
1.8900	292.7500	7.3200
1.7000	293.6400	7.3200
2.1900	292.4500	7.3200
2.9800	291.9100	7.3200
2.6300	292.0750	7.3200
2.0900	291.8100	7.3200
1.4900	291.2750	7.3200
1.1400	288.8500	7.3200
1.0600	290.6850	7.3200
1.1600	289.2900	7.3200
2.9400	288.3200	7.3200
4.1600	289.7700	7.3200
2.3900	289.7600	7.3200
1.4900	290.5400	7.3200
1.0500	291.3200	7.3200
0.8500	291.6800	7.3200
1.2800	290.6850	7.3200
2.2600	291.6000	7.3200
2.0500	290.9950	7.3200
1.3000	291.3600	7.3200
0.8900	291.5450	7.3200
0.7300	291.2000	7.3200
0.6600	292.3350	7.3200
0.5900	291.4200	7.3200
0.5400	282.4050	7.3200
0.4900	286.4650	7.3200
0.4800	290.1400	7.3200
0.4500	291.7150	7.3200
0.4500	290.9700	7.3200
0.5600	290.4950	7.3200
1.4800	290.1350	7.3200
1.7400	290.7850	7.3200
1.2100	291.2100	7.3200
1.0300	289.9250	7.3200
6.8500	286.2300	7.3200
5.2400	284.0800	7.3200
1.9600	283.5000	7.3200
1.4000	281.1100	7.3200
1.3300	282.4800	7.3200
0.9900	282.7100	7.3200
0.8300	286.0250	7.3200
0.6600	285.1300	7.3200
0.5500	283.2500	7.3200
0.4800	284.5950	7.3200
0.4200	287.9900	7.3200
0.4100	287.5350	7.3200
4.3100	284.8450	7.3200
4.0900	286.1050	7.3200
1.7400	287.2650	7.3200
0.9500	281.5300	7.3200
0.6600	282.2050	7.3200
0.5300	287.5100	7.3200
1.4900	283.1600	7.3200
3.4900	283.6400	7.3200
2.1400	284.2800	7.3200
1.6200	287.1750	7.3200
1.1700	287.7250	7.3200
0.7700	286.6350	7.3200
0.5800	281.4700	7.3200
3.0200	275.1250	7.3200
4.1000	276.0100	7.3200
2.5200	279.6750	7.3200
1.3200	284.4450	7.3200
0.9900	278.0750	7.3200
1.0500	276.3450	7.3200
1.0600	276.9950	7.3200
0.8200	278.9150	7.3200
0.6100	279.8650	7.3200
0.4800	282.3750	7.3200
0.4100	284.9950	7.3200
0.3700	283.8750	7.3200
0.3600	283.0600	7.3200
0.3400	284.0200	7.3200
0.5100	282.1850	7.3200
1.4700	281.4850	7.3200
1.7300	280.5500	7.3200
1.3500	280.8900	7.3200
0.8600	281.7350	7.3200
0.6000	283.5100	7.3200
0.4700	284.0950	7.3200
0.4000	282.7950	7.3200
0.3900	282.4750	7.3200
1.6200	281.0950	7.3200
12.4600	276.9500	7.3200
7.4000	276.2650	7.3200
5.6400	274.7100	7.3200
3.4200	277.1400	7.3200
1.7500	281.2850	7.3200
0.9500	281.4300	7.3200
0.8400	277.9750	7.3200
2.0100	274.9350	7.3200
2.8900	276.1000	7.3200
2.6700	279.7700	7.3200
1.6300	281.7900	7.3200
4.3700	279.7300	7.3200
3.0900	282.2600	7.3200
1.5600	283.7600	7.3200
0.9500	278.6350	7.3200
1.4700	273.8850	7.3200
2.3000	274.9650	7.3200
6.2400	273.5300	7.3200
3.0600	273.1700	7.3200
1.6100	273.3050	7.3200
0.9700	273.3000	7.3200
0.6500	273.3900	7.3200
0.5000	273.7150	7.3200
0.8900	274.1550	7.3200
2.5100	274.8250	7.3200
2.8600	274.4400	7.3200
2.6400	273.8200	7.3200
2.3300	273.5800	7.3200
1.4300	273.7800	7.3200
0.9200	273.1500	7.3200
0.6300	273.1500	7.3200
0.5000	273.1500	7.3200
0.4500	273.1500	7.3200
0.4600	273.5350	7.3200
5.1300	274.8200	7.3200
13.2500	273.4150	7.3200
2.9400	273.1550	7.3200
1.0900	273.1500	7.3200
0.6500	273.1500	7.3200
0.4900	273.1500	7.3200
0.4200	273.1500	7.3200
0.3800	273.1500	7.3200
0.3700	273.1500	7.3200
0.3500	273.1500	7.3200
0.3500	273.1750	7.3200
0.3400	273.1500	7.3200
0.3400	273.1500	7.3200
0.3400	273.1500	7.3200
0.3400	273.1500	7.3200
0.3400	273.1500	7.3200
0.3400	273.1500	7.3200
0.3400	273.2300	7.3200
0.3400	273.5800	7.3200
0.5500	273.9250	7.3200
0.7300	275.9200	7.3200
2.6500	275.1300	7.3200
7.3400	274.0250	7.3200
3.6900	274.4350	7.3200
1.3400	274.7650	7.3200
0.8300	273.5700	7.3200
0.9800	273.8850	7.3200
1.2000	274.5150	7.3200
1.6000	273.1600	7.3200
1.9200	274.3750	7.3200
7.4500	273.8750	7.3200
2.9100	273.3400	7.3200
3.9800	274.3300	7.3200
1.9300	273.1750	7.3200
0.8000	273.1700	7.3200
0.5900	273.7400	7.3200
1.6100	275.7450	7.3200
2.6000	273.6300	7.3200
1.7600	273.1500	7.3200
1.5700	273.1750	7.3200
1.3100	273.3150	7.3200
0.9700	273.3050	7.3200
0.9700	273.2750	7.3200
0.9700	274.0000	7.3200
0.7200	273.7500	7.3200
0.6800	273.1500	7.3200
0.5800	273.1500	7.3200
0.6100	273.1600	7.3200
1.1700	273.1550	7.3200
0.9100	273.1500	7.3200
0.5900	273.1500	7.3200
0.7900	273.1500	7.3200
0.8100	273.1500	7.3200
0.5900	273.3450	7.3200
0.4800	273.5600	7.3200
0.4400	273.5050	7.3200
0.6800	273.1500	7.3200
0.7200	273.1500	7.3200
0.6400	273.1500	7.3200
0.5500	273.2700	7.3200
2.2600	273.7050	7.3200
1.6400	273.1950	7.3200
1.3000	273.2000	7.3200
2.0700	273.1550	7.3200
1.7500	273.4750	7.3200
1.0300	273.6900	7.3200
0.9600	273.1500	7.3200
0.7500	273.1900	7.3200
0.5400	273.4900	7.3200
0.4600	273.7050	7.3200
0.4200	273.3550	7.3200
0.4100	273.1500	7.3200
0.4000	273.1500	7.3200
0.3900	273.1500	7.3200
0.3900	273.1500	7.3200
0.3900	273.1500	7.3200
0.3900	273.1500	7.3200
0.4000	273.1500	7.3200
0.4000	273.1500	7.3200
0.4600	273.1500	7.3200
1.3700	273.1500	7.3200
1.1000	273.1500	7.3200
0.7000	273.1500	7.3200
0.5700	273.1500	7.3200
0.5200	273.1550	7.3200
0.4600	273.2300	7.3200
0.4300	273.5050	7.3200
0.4100	274.4700	7.3200
0.4100	276.7700	7.3200
5.0500	274.6200	7.3200
4.0500	273.8150	7.3200
1.7400	274.6200	7.3200
1.3400	274.0600	7.3200
1.1600	273.5100	7.3200
0.9200	275.0250	7.3200
1.1300	274.8200	7.3200
1.7700	273.4050	7.3200
1.4300	273.1500	7.3200
1.9700	273.1500	7.3200
1.2600	273.1500	7.3200
0.8400	273.1500	7.3200
0.6800	273.1500	7.3200
0.9800	273.1500	7.3200
0.8500	273.1500	7.3200
1.1000	273.1650	7.3200
0.8100	273.2700	7.3200
0.5800	273.3100	7.3200
0.8200	273.2200	7.3200
2.5800	273.1500	7.3200
1.1800	273.1500	7.3200
1.8500	273.1600	7.3200
1.0100	273.2150	7.3200
0.6200	273.6400	7.3200
0.4900	274.6050	7.3200
1.0300	274.5800	7.3200
2.3600	273.2600	7.3200
1.3600	274.3200	7.3200
2.4100	275.1750	7.3200
7.6300	273.6900	7.3200
3.1800	273.4700	7.3200
2.2900	274.1750	7.3200
3.1300	273.3500	7.3200
2.5500	274.2950	7.3200
3.1400	276.0400	7.3200
6.1100	277.0950	7.3200
14.0000	274.2300	7.3200
6.3600	273.8450	7.3200
4.7800	275.8800	7.3200
6.0300	277.4100	7.3200
6.7200	278.2600	7.3200
8.7200	276.1250	7.3200
8.3800	277.3550	7.3200
10.3400	280.2100	7.3200
10.9100	280.2750	7.3200
19.4800	279.0050	7.3200
33.0300	276.4300	7.3200
25.2100	277.4250	7.3200
12.5200	274.0300	7.3200
4.9700	273.1500	7.3200
2.3700	273.3300	7.3200
3.2300	274.7050	7.3200
8.3000	278.8550	7.3200
22.0400	279.7600	7.3200
29.5800	276.3450	7.3200
13.2000	275.0350	7.3200
8.7300	275.5700	7.3200
11.7900	276.0100	7.3200
12.4300	276.7250	7.3200
12.9700	276.3200	7.3200
14.3800	277.3250	7.3200
23.3600	276.8650	7.3200
16.5400	277.8400	7.3200
22.4200	277.2300	7.3200
22.6400	277.0500	7.3200
33.4300	276.4850	7.3200
34.3400	275.7200	7.3200
25.3800	277.1600	7.3200
26.7100	278.4000	7.3200
23.1600	276.2600	7.3200
19.1500	275.4000	7.3200
13.9800	276.3000	7.3200
14.6400	279.9750	7.3200
25.0300	282.0600	7.3200
25.1700	282.8950	7.3200
28.5000	283.1000	7.3200
30.1900	282.7900	7.3200
27.1800	283.9500	7.3200
29.1600	285.3200	7.3200
28.7500	285.6400	7.3200
33.7200	285.0250	7.3200
34.9200	284.4450	7.3200
32.4900	284.3300	7.3200
38.1800	281.6350	7.3200
36.8300	279.6050	7.3200
37.6100	282.6700	7.3200
58.2100	283.8300	7.3200
71.3000	283.3450	7.3200
70.9400	277.6300	7.3200
64.4500	274.5500	7.3200
68.4300	275.9050	7.3200
75.7700	276.6700	7.3200
85.4400	279.3500	7.3200
80.7900	283.7300	7.3200
53.5400	285.5850	7.3200
48.6600	284.9950	7.3200
43.8700	285.6800	7.3200
38.2400	286.1600	7.3200
33.0000	288.6450	7.3200
30.2700	287.1800	7.3200
32.9400	283.9150	7.3200
54.9300	283.4850	7.3200
31.1500	283.5100	7.3200
22.6000	285.5000	7.3200
20.6700	286.1900	7.3200
19.8300	285.4900	7.3200
19.2300	280.6150	7.3200
17.9600	278.5500	7.3200
16.5400	279.6750	7.3200
15.0900	283.1050	7.3200
13.9800	287.5100	7.3200
13.0700	287.2400	7.3200
12.2400	284.8600	7.3200
11.5400	285.5050	7.3200
12.4300	285.3300	7.3200
10.8500	287.7350	7.3200
9.8000	288.0550	7.3200
9.1200	288.8150	7.3200
8.6200	289.4550	7.3200
8.1700	289.9350	7.3200
7.6600	291.9600	7.3200
8.3700	291.7300	7.3200
9.4900	290.4950	7.3200
8.8300	291.3350	7.3200
6.6800	292.4200	7.3200
5.4800	292.6250	7.3200
7.4800	290.5300	7.3200
6.5300	290.9200	7.3200
7.3600	290.0900	7.3200
7.6700	290.6400	7.3200
4.8700	291.1450	7.3200
4.3800	290.4750	7.3200
4.7500	291.9050	7.3200
4.1200	292.7000	7.3200
3.7500	291.5200	7.3200
3.0400	292.9550	7.3200
2.6700	295.3250	7.3200
2.7900	296.4750	7.3200
2.6900	296.4050	7.3200
2.3600	296.1950	7.3200
2.5600	294.8750	7.3200
6.6400	292.9050	7.3200
6.7000	293.6350	7.3200
3.5200	295.1050	7.3200
2.5400	295.9950	7.3200
2.0800	295.8300	7.3200
1.8300	294.0600	7.3200
1.7800	294.6300	7.3200
1.8400	294.2100	7.3200
1.8100	294.7550	7.3200
1.5800	295.6200	7.3200
1.4100	295.0600	7.3200
1.4400	291.6900	7.3200
3.3900	288.8050	7.3200
17.4300	286.7000	7.3200
5.8300	289.2050	7.3200
2.7700	290.5800	7.3200
2.2000	291.2350	7.3200
2.2700	292.2250	7.3200
6.8900	290.5750	7.3200
5.7600	291.0100	7.3200
3.1800	292.0150	7.3200
1.7700	291.2500	7.3200
1.2300	293.3000	7.3200
1.0100	291.8450	7.3200
0.9500	290.7050	7.3200
1.0500	290.7850	7.3200
1.1300	291.9400	7.3200
2.5700	291.4500	7.3200
3.1600	291.0600	7.3200
1.7400	289.1300	7.3200
1.1300	290.0700	7.3200
0.8600	291.4900	7.3200
0.7200	292.5950	7.3200
0.6500	293.4250	7.3200
0.6100	294.1650	7.3200
0.5800	292.5200	7.3200
0.7600	290.3550	7.3200
2.5800	287.7550	7.3200
5.5500	284.7450	7.3200
3.1200	287.5150	7.3200
1.4700	289.9450	7.3200
0.9100	292.2000	7.3200
0.6800	289.6400	7.3200
0.5700	287.8800	7.3200
0.5200	288.3400	7.3200
0.5000	289.3000	7.3200
0.4800	290.0150	7.3200
0.4700	290.8600	7.3200
0.4600	291.0550	7.3200
0.4500	289.4100	7.3200
0.5600	287.8650	7.3200
3.1400	286.8250	7.3200
3.3600	286.9550	7.3200
2.9700	287.3700	7.3200
2.1300	288.6650	7.3200
1.2100	290.1600	7.3200
0.7800	289.6350	7.3200
1.6500	285.8000	7.3200
9.5000	279.5000	7.3200
10.9900	274.8700	7.3200
5.8800	277.0550	7.3200
3.5400	282.1550	7.3200
1.7500	283.2550	7.3200
3.6800	277.8000	7.3200
6.7400	276.9050	7.3200
7.9000	275.2600	7.3200
5.7100	278.0550	7.3200
2.8100	280.4050	7.3200
1.2600	282.3350	7.3200
0.7600	284.0700	7.3200
0.5400	284.5300	7.3200
0.4400	285.3950	7.3200
0.3900	286.0450	7.3200
0.3700	287.6000	7.3200
0.3800	286.6650	7.3200
3.9100	284.3400	7.3200
7.7900	284.4200	7.3200
6.8400	286.3550	7.3200
7.8100	284.8600	7.3200
18.9500	280.8150	7.3200
10.3900	278.2900	7.3200
3.2600	279.7800	7.3200
3.3200	278.8150	7.3200
5.6800	278.3100	7.3200
2.8000	278.8450	7.3200
1.3200	280.2250	7.3200
0.8400	281.7750	7.3200
0.6400	281.1000	7.3200
0.7700	281.0700	7.3200
9.0500	275.9100	7.3200
7.5200	273.9150	7.3200
4.5100	274.1000	7.3200
2.6300	276.3400	7.3200
5.1400	274.7550	7.3200
3.9000	274.3700	7.3200
2.2000	276.0300	7.3200
1.2100	278.9300	7.3200
0.8700	277.9750	7.3200
2.5700	273.6350	7.3200
3.1600	274.4150	7.3200
7.7700	275.6000	7.3200
5.8600	278.0750	7.3200
2.3300	277.4050	7.3200
1.1600	274.5700	7.3200
0.8400	273.8550	7.3200
0.7400	274.5150	7.3200
0.7000	277.5750	7.3200
0.7000	277.0850	7.3200
0.8000	275.0600	7.3200
1.0600	277.1650	7.3200
0.9700	279.2000	7.3200
0.8600	281.1250	7.3200
0.8000	278.5950	7.3200
1.2800	273.5850	7.3200
2.0300	273.7950	7.3200
2.2900	273.3350	7.3200
2.1000	273.3200	7.3200
5.1600	273.9600	7.3200
4.0300	273.1800	7.3200
2.3800	273.5750	7.3200
2.1000	274.2450	7.3200
1.7700	273.7950	7.3200
2.9600	273.5700	7.3200
4.1000	274.5150	7.3200
5.3800	275.3700	7.3200
4.2800	276.3400	7.3200
2.5100	276.0950	7.3200
1.6100	273.2900	7.3200
1.1900	273.1600	7.3200
1.0100	273.1600	7.3200
0.9400	273.1550	7.3200
1.6400	273.1500	7.3200
1.7200	273.1500	7.3200
1.2600	273.1500	7.3200
1.0700	273.1500	7.3200
0.9800	273.1500	7.3200
0.9400	273.1500	7.3200
0.9200	273.1550	7.3200
1.9900	273.1650	7.3200
1.8800	273.1500	7.3200
2.6600	273.2600	7.3200
4.3000	273.9600	7.3200
2.1300	274.3600	7.3200
1.3100	273.8950	7.3200
1.0900	273.3550	7.3200
1.4500	273.1650	7.3200
3.1100	273.3350	7.3200
2.9900	274.3500	7.3200
2.8500	274.2750	7.3200
1.9600	273.4250	7.3200
1.4200	273.1500	7.3200
1.2000	273.1500	7.3200
1.0800	273.1500	7.3200
1.0100	273.1500	7.3200
0.9800	273.1500	7.3200
0.9600	273.1500	7.3200
0.9500	273.1500	7.3200
0.9500	273.1500	7.3200
0.9400	273.2000	7.3200
0.9400	273.4250	7.3200
0.9400	273.6600	7.3200
1.7000	273.2100	7.3200
1.4800	273.1500	7.3200
1.1300	273.1500	7.3200
1.0200	273.1500	7.3200
0.9800	273.1500	7.3200
0.9500	273.1500	7.3200
1.3500	273.3150	7.3200
3.8000	274.0150	7.3200
4.0400	273.1450	7.3200
1.7500	273.1500	7.3200
1.1900	273.1500	7.3200
1.0400	273.1500	7.3200
1.6000	273.2550	7.3200
1.3500	273.3700	7.3200
1.0800	273.2150	7.3200
0.9900	273.1500	7.3200
0.9500	273.1500	7.3200
0.9300	273.1500	7.3200
0.9200	273.1500	7.3200
0.9100	273.1500	7.3200
1.0200	273.1500	7.3200
1.3200	273.1500	7.3200
1.1700	273.1500	7.3200
1.0700	273.1500	7.3200
1.0100	273.1500	7.3200
0.9900	273.1500	7.3200
0.9700	273.1500	7.3200
0.9300	273.1700	7.3200
0.9000	273.2950	7.3200
0.8900	273.2450	7.3200
0.8800	273.1500	7.3200
0.8700	273.1500	7.3200
0.8600	273.1500	7.3200
0.8600	273.1500	7.3200
0.8600	273.1500	7.3200
0.9600	273.1500	7.3200
0.9900	273.1500	7.3200
0.9300	273.1500	7.3200
0.9800	273.1950	7.3200
1.0500	273.3300	7.3200
0.9900	274.0650	7.3200
0.9700	273.9200	7.3200
1.3200	273.8650	7.3200
1.7800	273.5650	7.3200
2.4300	273.6950	7.3200
4.7100	274.3600	7.3200
9.9100	273.6350	7.3200
3.8100	273.1950	7.3200
1.7200	273.1500	7.3200
1.2600	273.1500	7.3200
1.0600	273.2100	7.3200
2.1000	273.2150	7.3200
1.4100	273.4950	7.3200
1.2500	273.7250	7.3200
1.8700	273.1500	7.3200
1.4500	273.2300	7.3200
1.1000	273.5150	7.3200
1.0900	273.6050	7.3200
1.5500	273.1500	7.3200
1.4700	273.1500	7.3200
1.1900	273.1500	7.3200
1.3100	273.1500	7.3200
1.1300	273.1500	7.3200
0.9600	273.1500	7.3200
0.8900	273.1500	7.3200
0.8400	273.1500	7.3200
0.8100	273.1650	7.3200
1.0700	273.4850	7.3200
4.7900	273.8700	7.3200
1.7900	273.9350	7.3200
1.6400	274.5250	7.3200
4.0500	273.8850	7.3200
5.3300	274.6100	7.3200
4.3600	273.5500	7.3200
3.8900	274.9650	7.3200
7.2500	276.6100	7.3200
10.1400	275.5550	7.3200
6.1200	274.7350	7.3200
3.7700	274.3350	7.3200
4.0000	275.7900	7.3200
6.7100	277.5400	7.3200
9.9200	277.7100	7.3200
10.8200	277.7550	7.3200
3.8400	276.7000	7.3200
5.3000	274.5600	7.3200
4.2200	274.6750	7.3200
3.0000	274.7300	7.3200
3.6200	275.4050	7.3200
5.0300	277.1050	7.3200
6.8400	277.9900	7.3200
8.2100	274.8750	7.3200
7.0700	273.4800	7.3200
4.9500	273.1550	7.3200
2.3700	273.8200	7.3200
1.4500	275.9600	7.3200
4.2600	277.6400	7.3200
5.8100	275.2550	7.3200
8.3500	276.4850	7.3200
17.0300	278.1550	7.3200
15.0200	277.0450	7.3200
7.6600	277.0050	7.3200
8.0000	278.3100	7.3200
9.8000	276.2700	7.3200
5.4100	275.0100	7.3200
3.7400	273.1750	7.3200
2.6400	273.7600	7.3200
1.8200	274.4100	7.3200
1.7300	275.6300	7.3200
1.5700	279.1250	7.3200
2.7500	279.1300	7.3200
6.6900	277.8550	7.3200
10.3700	278.1400	7.3200
6.3700	273.9700	7.3200
3.3400	274.9550	7.3200
3.7700	276.6200	7.3200
4.1800	276.2700	7.3200
7.8200	276.8150	7.3200
8.2600	275.9050	7.3200
6.9700	278.5850	7.3200
8.4900	279.3750	7.3200
11.9900	277.8000	7.3200
15.2300	279.8650	7.3200
20.0800	283.1500	7.3200
20.4300	284.1900	7.3200
11.2000	282.8650	7.3200
9.0700	281.9500	7.3200
10.0600	280.1200	7.3200
8.5000	275.3300	7.3200
9.4900	274.6300	7.3200
7.3300	274.7450	7.3200
4.3200	276.0650	7.3200
3.1700	279.9050	7.3200
6.9600	281.3350	7.3200
9.9400	282.4050	7.3200
11.5300	283.6850	7.3200
12.5200	285.2200	7.3200
15.9500	285.5300	7.3200
20.1500	282.9500	7.3200
12.9600	280.2050	7.3200
9.0200	281.2900	7.3200
13.2400	283.1450	7.3200
16.5000	283.8200	7.3200
16.9800	284.5200	7.3200
16.5000	284.4900	7.3200
15.8000	284.1100	7.3200
18.7900	277.8400	7.3200
19.7300	275.1250	7.3200
15.1500	276.0650	7.3200
13.5300	278.9150	7.3200
12.6100	281.0950	7.3200
11.8800	282.4850	7.3200
11.2200	284.3350	7.3200
10.5900	281.9250	7.3200
10.0200	278.4250	7.3200
9.4700	279.9750	7.3200
8.9600	281.6400	7.3200
8.4900	283.3100	7.3200
8.0600	285.0150	7.3200
7.7800	286.4400	7.3200
7.4900	287.5800	7.3200
8.2900	284.3800	7.3200
24.6200	276.0800	7.3200
61.9300	275.4700	7.3200
15.8600	280.0650	7.3200
7.9100	284.0400	7.3200
6.5400	285.5950	7.3200
6.2000	285.2750	7.3200
5.9900	284.3150	7.3200
5.8200	285.9950	7.3200
5.6400	288.8000	7.3200
5.4600	290.9550	7.3200
5.2800	290.6650	7.3200
5.1000	283.6700	7.3200
4.9200	287.0550	7.3200
4.7500	291.6150	7.3200
4.5800	292.0650	7.3200
4.4200	291.6500	7.3200
4.2500	292.2200	7.3200
4.1000	292.4200	7.3200
3.9400	291.2300	7.3200
3.7000	289.3400	7.3200
3.4200	291.2350	7.3200
3.1800	292.0550	7.3200
2.9800	292.2200	7.3200
2.8100	292.8200	7.3200
2.6300	292.8300	7.3200
2.4600	293.9500	7.3200
2.3300	292.7350	7.3200
2.2200	292.4150	7.3200
2.1100	293.8850	7.3200
2.0100	294.8750	7.3200
2.0200	294.9600	7.3200
2.1500	293.8000	7.3200
2.0100	292.9850	7.3200
1.8200	293.8600	7.3200
1.7000	294.2900	7.3200
1.6300	292.8950	7.3200
1.8400	292.2950	7.3200
1.9600	294.2500	7.3200
1.8900	295.2600	7.3200
1.7800	295.1900	7.3200
2.1400	293.5800	7.3200
2.7800	293.1150	7.3200
2.2900	294.4850	7.3200
1.7500	293.8300	7.3200
1.4400	294.0850	7.3200
1.2600	294.3600	7.3200
1.2000	294.1550	7.3200
2.0800	293.3450	7.3200
4.8600	291.6100	7.3200
10.5000	290.3200	7.3200
7.1600	290.4100	7.3200
7.8600	291.0350	7.3200
3.5600	293.0050	7.3200
1.9000	293.8750	7.3200
1.3200	294.5700	7.3200
1.7500	293.4000	7.3200
7.2300	290.7950	7.3200
6.6700	291.1900	7.3200
4.9200	291.9200	7.3200
3.0500	293.2000	7.3200
1.8100	292.8600	7.3200
2.0500	291.4700	7.3200
1.6600	290.3000	7.3200
1.1200	291.3800	7.3200
0.8500	291.7050	7.3200
0.7300	292.0550	7.3200
0.6600	293.6000	7.3200
0.6200	295.1550	7.3200
0.6500	295.2400	7.3200
0.8400	293.6550	7.3200
2.2200	293.4350	7.3200
2.9900	293.1850	7.3200
2.5700	293.0600	7.3200
4.4400	292.8900	7.3200
3.3600	291.3100	7.3200
1.7300	291.5450	7.3200
1.0300	292.0400	7.3200
0.7600	291.0700	7.3200
0.9600	289.1300	7.3200
1.0000	290.7350	7.3200
0.7900	294.1250	7.3200
0.9300	292.2550	7.3200
3.3000	291.2200	7.3200
2.7300	291.2450	7.3200
1.7500	292.4150	7.3200
1.5700	294.0650	7.3200
1.1700	293.0300	7.3200
0.9700	293.2800	7.3200
1.0700	293.3500	7.3200
1.7700	292.6050	7.3200
8.4200	290.1250	7.3200
30.0800	285.4100	7.3200
7.3100	285.7550	7.3200
2.4900	289.1200	7.3200
1.2900	289.2850	7.3200
0.8800	285.1850	7.3200
0.6700	286.9400	7.3200
0.5700	288.7700	7.3200
0.5700	290.1200	7.3200
0.5400	289.9450	7.3200
0.5100	289.3650	7.3200
0.5600	289.3500	7.3200
0.5700	287.4500	7.3200
0.5300	283.9150	7.3200
0.4900	284.9550	7.3200
0.4600	287.2800	7.3200
0.4400	287.3350	7.3200
0.4200	288.0950	7.3200
1.1500	283.5100	7.3200
5.9200	278.0600	7.3200
7.5200	275.6500	7.3200
5.2500	278.9100	7.3200
2.6700	281.8750	7.3200
1.2400	285.3300	7.3200
0.7800	284.3100	7.3200
3.1700	276.5550	7.3200
3.7300	283.1000	7.3200
3.2100	280.0050	7.3200
4.2700	281.4850	7.3200
2.2600	285.1450	7.3200
1.2600	285.6950	7.3200
6.0700	279.5800	7.3200
15.8200	274.2550	7.3200
6.1300	276.2150	7.3200
4.7200	281.6600	7.3200
2.7100	285.8450	7.3200
1.2400	282.2300	7.3200
0.8200	282.6400	7.3200
0.6600	282.6650	7.3200
0.7400	278.5550	7.3200
1.2700	280.0450	7.3200
1.4000	281.3550	7.3200
1.3900	278.7650	7.3200
3.3700	273.8500	7.3200
5.2100	278.4400	7.3200
10.5500	281.4500	7.3200
6.6300	274.4850	7.3200
4.3500	273.8650	7.3200
8.2100	275.5700	7.3200
5.7100	280.1950	7.3200
2.2600	283.0850	7.3200
1.2200	283.7050	7.3200
0.8800	281.7050	7.3200
0.7500	282.1050	7.3200
0.6900	283.7850	7.3200
0.6500	283.1750	7.3200
0.7500	278.5050	7.3200
1.3100	277.0350	7.3200
1.5400	275.9900	7.3200
1.1400	275.7250	7.3200
1.4100	277.0850	7.3200
1.9500	278.3250	7.3200
1.6200	278.9200	7.3200
1.1600	279.2750	7.3200
0.9300	279.6550	7.3200
0.8300	280.3750	7.3200
0.7900	282.1600	7.3200
0.7700	280.1550	7.3200
0.7500	276.2750	7.3200
0.7500	276.5300	7.3200
0.7600	276.6750	7.3200
0.8700	275.2150	7.3200
1.3400	277.6000	7.3200
2.7100	279.0400	7.3200
2.3500	278.9500	7.3200
1.6500	280.5500	7.3200
1.2200	277.6100	7.3200
1.0100	273.2900	7.3200
0.9200	273.1500	7.3200
0.8700	273.1500	7.3200
0.8500	273.1500	7.3200
0.8400	273.1650	7.3200
0.8300	273.1500	7.3200
0.8300	273.2900	7.3200
0.8300	273.2100	7.3200
0.8300	273.1500	7.3200
0.8400	273.2700	7.3200
0.8400	273.4700	7.3200
0.9700	273.1500	7.3200
1.1700	273.3200	7.3200
1.8500	273.8300	7.3200
8.9300	273.7700	7.3200
7.2800	273.2850	7.3200
3.9700	273.3900	7.3200
4.0300	273.2450	7.3200
2.2400	273.1500	7.3200
1.4400	273.1500	7.3200
1.1300	273.1500	7.3200
1.0100	273.1500	7.3200
0.9600	273.1500	7.3200
0.9400	273.1500	7.3200
0.9300	273.1500	7.3200
0.9100	273.1500	7.3200
0.9100	273.1500	7.3200
0.9100	273.1500	7.3200
0.9100	273.1600	7.3200
0.9100	273.1800	7.3200
0.9100	273.1600	7.3200
0.9100	273.1500	7.3200
0.9100	273.1500	7.3200
0.9100	273.2000	7.3200
0.9100	273.1900	7.3200
0.9100	273.1500	7.3200
0.9100	273.1500	7.3200
0.9100	273.1500	7.3200
0.9100	273.1500	7.3200
0.9100	273.1500	7.3200
0.9100	273.1500	7.3200
0.9100	273.1500	7.3200
0.9200	273.2350	7.3200
0.9200	273.3300	7.3200
0.9200	273.4100	7.3200
1.7100	273.8850	7.3200
5.4900	273.1700	7.3200
1.6500	273.1500	7.3200
1.1400	273.1500	7.3200
1.0100	273.1500	7.3200
0.9600	273.1500	7.3200
0.9400	273.1500	7.3200
0.9300	273.1500	7.3200
0.9200	273.1500	7.3200
0.9100	273.1500	7.3200
0.9000	273.1500	7.3200
0.9000	273.1500	7.3200
0.8900	273.1500	7.3200
0.8900	273.1500	7.3200
0.8800	273.1500	7.3200
0.8800	273.1500	7.3200
0.8800	273.1500	7.3200
0.8700	273.1500	7.3200
0.8700	273.1500	7.3200
0.8600	273.1500	7.3200
0.8600	273.1500	7.3200
0.8600	273.1500	7.3200
0.8500	273.2250	7.3200
0.8500	273.5100	7.3200
0.8400	273.1500	7.3200
0.8400	273.1500	7.3200
0.8400	273.1500	7.3200
0.8300	273.1500	7.3200
0.8300	273.1500	7.3200
0.8300	273.1500	7.3200
0.8200	273.1500	7.3200
0.8200	273.1500	7.3200
0.8100	273.1500	7.3200
0.8100	273.1500	7.3200
0.8100	273.1500	7.3200
0.8000	273.1550	7.3200
0.8000	273.2050	7.3200
0.7900	273.1800	7.3200
0.7900	273.1500	7.3200
0.7900	273.2550	7.3200
0.7800	273.2000	7.3200
0.7800	273.1500	7.3200
0.7700	273.1500	7.3200
0.7700	273.1500	7.3200
0.7700	273.1500	7.3200
0.7600	273.2450	7.3200
0.7600	273.2800	7.3200
0.7500	273.1900	7.3200
0.7500	273.1550	7.3200
0.7500	273.1750	7.3200
0.7400	273.3950	7.3200
1.0000	273.3250	7.3200
1.2300	273.1500	7.3200
1.0300	273.1900	7.3200
0.9400	273.2650	7.3200
0.8900	273.8150	7.3200
0.8200	273.4700	7.3200
0.7800	273.1500	7.3200
0.7600	273.1500	7.3200
0.7500	273.1500	7.3200
0.7400	273.1500	7.3200
0.7300	273.1500	7.3200
0.7200	273.1500	7.3200
0.7100	273.1500	7.3200
0.7000	273.1550	7.3200
0.7000	273.3300	7.3200
0.6900	273.5500	7.3200
0.6900	273.6350	7.3200
0.8500	273.5850	7.3200
1.0100	273.1500	7.3200
0.8500	273.1500	7.3200
0.7600	273.1500	7.3200
0.7400	273.1550	7.3200
0.7200	273.6950	7.3200
0.7000	274.1750	7.3200
1.0000	273.5700	7.3200
1.1100	273.3150	7.3200
0.9200	273.2500	7.3200
0.7800	274.0650	7.3200
0.7300	274.9850	7.3200
0.8200	275.5600	7.3200
2.0300	274.8300	7.3200
1.9000	273.2950	7.3200
1.5400	274.3850	7.3200
3.3100	273.4650	7.3200
3.6000	273.2700	7.3200
2.0100	273.1500	7.3200
1.1900	273.2050	7.3200
1.1200	273.1900	7.3200
1.0500	273.2150	7.3200
0.8500	273.3700	7.3200
1.0400	273.3300	7.3200
2.0500	273.4350	7.3200
1.6300	273.2200	7.3200
1.1500	273.4000	7.3200
1.3600	273.1550	7.3200
1.2500	273.1500	7.3200
1.0600	273.4700	7.3200
1.2300	275.1800	7.3200
2.3800	277.0250	7.3200
4.3900	279.5100	7.3200
6.4800	273.9400	7.3200
3.0700	273.1800	7.3200
1.5000	274.5750	7.3200
2.8400	278.2800	7.3200
7.5100	277.5650	7.3200
4.7900	273.4950	7.3200
3.1500	274.7400	7.3200
4.8300	277.8500	7.3200
9.4400	275.8000	7.3200
5.3200	273.7900	7.3200
4.5900	274.9150	7.3200
6.3200	276.2800	7.3200
11.6000	280.1250	7.3200
30.3900	280.6800	7.3200
32.8600	279.1150	7.3200
12.0000	274.2900	7.3200
4.1100	273.5550	7.3200
2.7000	275.2500	7.3200
5.4500	277.5850	7.3200
15.6500	279.1750	7.3200
38.0800	279.5200	7.3200
40.0000	279.2200	7.3200
51.4500	276.7450	7.3200
27.9100	275.8850	7.3200
15.1900	276.2500	7.3200
17.3300	276.7750	7.3200
35.2600	279.6800	7.3200
21.0600	275.1850	7.3200
14.6700	276.2350	7.3200
24.2800	278.1750	7.3200
35.5100	278.3350	7.3200
32.3300	281.2400	7.3200
34.7900	283.2000	7.3200
42.5500	285.1200	7.3200
34.6900	285.0850	7.3200
29.0000	284.5950	7.3200
27.9600	275.8050	7.3200
21.8100	275.1400	7.3200
19.1400	276.0450	7.3200
17.9200	276.6000	7.3200
17.6900	277.1100	7.3200
29.4200	276.1400	7.3200
26.9500	278.1400	7.3200
27.8000	279.2200	7.3200
29.0700	278.2650	7.3200
31.0700	279.2200	7.3200
33.3700	281.3000	7.3200
39.2300	282.3400	7.3200
46.9500	281.0650	7.3200
36.3200	278.6900	7.3200
52.4400	275.8450	7.3200
72.0900	275.7900	7.3200
89.3100	276.5000	7.3200
85.0000	274.5100	7.3200
87.1400	275.5550	7.3200
61.7300	279.4250	7.3200
53.9600	278.1100	7.3200
52.9400	274.3000	7.3200
45.9000	275.8150	7.3200
40.5000	279.6200	7.3200
36.3800	284.0950	7.3200
32.8600	285.8050	7.3200
29.8000	286.2250	7.3200
27.1200	287.1550	7.3200
24.7500	284.9750	7.3200
22.6700	283.7350	7.3200
20.8500	285.2050	7.3200
19.2300	287.3250	7.3200
17.7900	287.2900	7.3200
16.9400	287.5350	7.3200
15.6800	288.3900	7.3200
14.4100	288.1150	7.3200
13.3700	288.5550	7.3200
12.4700	288.2200	7.3200
11.6400	289.1750	7.3200
10.9200	290.5650	7.3200
10.2000	291.5200	7.3200
9.7000	291.1800	7.3200
9.0700	290.6100	7.3200
8.1900	292.8450	7.3200
7.5500	293.0550	7.3200
7.2600	291.2750	7.3200
6.9300	289.4000	7.3200
6.5200	289.4650	7.3200
5.9000	290.3350	7.3200
5.2000	291.6850	7.3200
4.7400	293.1450	7.3200
4.3800	290.6000	7.3200
4.0900	291.0600	7.3200
3.8300	292.8700	7.3200
3.6000	291.3100	7.3200
3.3900	292.7100	7.3200
3.2000	291.3750	7.3200
3.1200	292.3300	7.3200
3.0000	292.7800	7.3200
2.8000	294.5000	7.3200
2.6500	292.2950	7.3200
2.5200	291.4200	7.3200
2.5600	293.1550	7.3200
3.0000	294.1800	7.3200
2.6700	294.7500	7.3200
2.2700	294.4300	7.3200
2.1000	294.7400	7.3200
6.1400	293.6100	7.3200
7.1600	293.4500	7.3200
3.3200	293.5700	7.3200
2.2100	293.5700	7.3200
1.8100	294.4900	7.3200
1.6200	294.6900	7.3200
1.5000	292.9550	7.3200
1.4100	293.6150	7.3200
1.3300	293.8900	7.3200
1.2700	293.1650	7.3200
1.4400	292.0150	7.3200
5.1100	291.1450	7.3200
5.5600	291.6300	7.3200
4.9700	291.4400	7.3200
5.4900	290.4300	7.3200
3.4100	289.5700	7.3200
1.8800	291.6150	7.3200
1.3000	291.7050	7.3200
1.0600	290.3700	7.3200
0.9500	287.1350	7.3200
0.9000	287.7250	7.3200
0.8600	290.1800	7.3200
0.8100	292.0400	7.3200
0.7500	292.1250	7.3200
0.7200	291.7900	7.3200
0.6800	291.4050	7.3200
0.6600	291.7050	7.3200
0.6300	293.8500	7.3200
0.6300	293.8300	7.3200
0.6300	292.8950	7.3200
0.6600	289.2850	7.3200
0.6400	288.9550	7.3200
0.6000	288.8300	7.3200
0.5500	291.7050	7.3200
0.5300	292.8800	7.3200
13.0300	286.5600	7.3200
26.5200	278.4200	7.3200
5.0700	282.3750	7.3200
1.8600	284.5250	7.3200
1.0300	284.5600	7.3200
0.7200	284.4650	7.3200
0.5700	285.9950	7.3200
0.5000	287.1700	7.3200
0.4400	289.3650	7.3200
0.8500	288.1250	7.3200
5.5900	283.1150	7.3200
3.8300	281.6700	7.3200
2.0900	284.0800	7.3200
1.2300	285.7650	7.3200
0.7800	286.6950	7.3200
0.5700	288.2150	7.3200
0.4600	289.2600	7.3200
0.4300	288.6200	7.3200
0.5400	288.2950	7.3200
0.6500	288.0700	7.3200
0.9900	286.4800	7.3200
1.9700	284.0350	7.3200
2.4400	281.0700	7.3200
2.4200	284.2950	7.3200
1.3700	288.5450	7.3200
0.8300	288.8000	7.3200
0.5800	289.0000	7.3200
0.4700	289.3800	7.3200
0.4600	288.7350	7.3200
0.5200	289.2200	7.3200
0.5200	288.5400	7.3200
0.5100	288.6750	7.3200
0.5400	287.4250	7.3200
0.6700	284.8700	7.3200
7.6000	278.2100	7.3200
8.2900	277.5750	7.3200
3.4300	280.8750	7.3200
1.6200	283.0150	7.3200
0.9500	283.2600	7.3200
0.6700	278.8450	7.3200
0.6000	275.0750	7.3200
1.7700	273.4200	7.3200
2.0600	273.1500	7.3200
1.3900	273.1800	7.3200
2.6300	273.7750	7.3200
2.2700	275.5350	7.3200
1.0300	276.4150	7.3200
0.6500	278.0950	7.3200
0.5000	278.4950	7.3200
0.4400	278.1700	7.3200
0.4100	276.5650	7.3200
0.4200	273.4750	7.3200
0.5100	273.4000	7.3200
0.6800	274.3150	7.3200
0.6200	275.0150	7.3200
0.5200	276.2450	7.3200
0.4500	277.8550	7.3200
0.4100	279.7300	7.3200
0.3900	280.2100	7.3200
0.3800	279.8650	7.3200
0.3800	280.8650	7.3200
0.3800	280.7250	7.3200
0.7600	280.0100	7.3200
16.8300	275.0800	7.3200
11.5800	275.4600	7.3200
7.7100	273.5900	7.3200
3.0300	273.1500	7.3200
1.4300	273.2150	7.3200
5.0900	273.4650	7.3200
8.9600	274.2400	7.3200
6.6800	274.2650	7.3200
4.8600	273.6150	7.3200
2.8300	273.6550	7.3200
1.9200	274.9750	7.3200
1.7700	274.5600	7.3200
1.4700	273.3300	7.3200
1.1000	274.3600	7.3200
5.2300	275.3250	7.3200
6.1000	277.0350	7.3200
4.5600	277.3100	7.3200
3.7700	275.8200	7.3200
1.4500	274.3100	7.3200
0.7700	273.6850	7.3200
0.5800	273.6150	7.3200
0.5100	273.5650	7.3200
0.4800	274.1250	7.3200
0.4600	274.6300	7.3200
0.4600	275.7600	7.3200
0.6500	273.5700	7.3200
1.5100	273.2650	7.3200
1.5400	273.7500	7.3200
1.5000	274.0900	7.3200
6.7500	274.2800	7.3200
4.3900	273.4550	7.3200
2.4800	273.1500	7.3200
1.8500	273.1500	7.3200
1.4800	273.2450	7.3200
3.1700	273.3550	7.3200
6.1300	273.1200	7.3200
3.1000	273.1550	7.3200
1.4500	273.1500	7.3200
2.0100	273.1500	7.3200
1.9000	273.2400	7.3200
2.6000	273.2000	7.3200
2.6400	273.1500	7.3200
1.4900	273.1500	7.3200
0.9200	273.1500	7.3200
0.7200	273.1500	7.3200
0.6300	273.1500	7.3200
0.5900	273.1500	7.3200
0.5600	273.1500	7.3200
0.5600	273.1500	7.3200
0.5500	273.1500	7.3200
0.5500	273.1500	7.3200
0.5500	273.1500	7.3200
0.5400	273.1500	7.3200
0.5400	273.1500	7.3200
0.5600	273.1500	7.3200
0.5600	273.1600	7.3200
0.5600	273.3750	7.3200
0.5600	273.3350	7.3200
0.5600	273.1850	7.3200
0.5700	273.1600	7.3200
0.5700	273.4400	7.3200
0.5800	273.3350	7.3200
0.5900	273.1500	7.3200
0.5900	273.1500	7.3200
0.5900	273.1500	7.3200
0.5900	273.2000	7.3200
0.5900	273.4200	7.3200
0.6000	273.4800	7.3200
0.6000	273.1500	7.3200
0.6000	273.1500	7.3200
0.6000	273.1500	7.3200
0.6000	273.1500	7.3200
0.6000	273.1500	7.3200
0.6000	273.1500	7.3200
0.6000	273.1800	7.3200
0.6000	273.1800	7.3200
0.6100	273.3500	7.3200
0.6100	273.5000	7.3200
0.6100	273.5900	7.3200
0.6100	273.6000	7.3200
0.6100	273.9100	7.3200
1.1000	274.2700	7.3200
6.0300	273.6500	7.3200
12.7500	273.4700	7.3200
3.0900	273.2000	7.3200
1.2500	273.1500	7.3200
0.8600	273.1500	7.3200
0.7300	273.1500	7.3200
0.6700	273.1800	7.3200
0.6500	273.2750	7.3200
0.6300	273.1500	7.3200
0.6300	273.1900	7.3200
0.6200	273.3600	7.3200
0.6200	273.3800	7.3200
0.6200	273.5250	7.3200
0.6200	273.6500	7.3200
0.6100	273.2600	7.3200
0.6100	273.3400	7.3200
0.6100	273.2200	7.3200
0.6100	273.1500	7.3200
0.6100	273.1500	7.3200
0.6100	273.1500	7.3200
0.6100	273.1500	7.3200
0.6100	273.1500	7.3200
0.6100	273.1500	7.3200
0.6100	273.1550	7.3200
0.6100	273.1750	7.3200
0.6100	273.1500	7.3200
0.6100	273.1500	7.3200
0.6100	273.1500	7.3200
0.6100	273.1600	7.3200
0.6100	273.4600	7.3200
0.6000	274.5700	7.3200
0.6100	274.3200	7.3200
1.6200	273.9450	7.3200
1.6600	273.5050	7.3200
1.4300	273.2250	7.3200
1.0800	273.1550	7.3200
0.8100	273.7550	7.3200
0.7000	275.8400	7.3200
1.5700	276.4150	7.3200
4.4400	275.0400	7.3200
3.0000	273.7850	7.3200
1.6700	273.1500	7.3200
1.0300	273.1500	7.3200
0.7900	273.1550	7.3200
0.7000	273.1700	7.3200
0.6600	273.1750	7.3200
0.6300	273.1500	7.3200
0.6200	273.1600	7.3200
0.6100	273.1500	7.3200
0.6100	273.1800	7.3200
0.5900	273.3900	7.3200
0.5900	274.0850	7.3200
0.6900	276.2250	7.3200
2.3200	275.1350	7.3200
2.0700	275.1050	7.3200
3.5400	276.7700	7.3200
8.2600	277.3350	7.3200
10.1400	277.0950	7.3200
11.5600	274.2650	7.3200
4.1000	273.2100	7.3200
1.6600	273.1500	7.3200
1.0800	273.1500	7.3200
0.8500	273.1500	7.3200
0.7300	273.1800	7.3200
0.6600	273.6300	7.3200
1.1800	273.1500	7.3200
1.0800	273.1500	7.3200
0.7700	273.1500	7.3200
0.6700	273.1600	7.3200
0.6200	273.2700	7.3200
0.6000	273.1500	7.3200
0.5900	273.1500	7.3200
0.6500	273.4900	7.3200
1.0600	274.8100	7.3200
1.7300	276.4000	7.3200
4.2500	274.2550	7.3200
6.4400	274.4200	7.3200
10.1900	276.5600	7.3200
19.8800	275.4900	7.3200
14.9800	274.9700	7.3200
11.6900	276.5850	7.3200
24.5000	276.7150	7.3200
18.9600	274.0900	7.3200
5.5800	273.7750	7.3200
4.4100	275.2100	7.3200
8.2900	275.8900	7.3200
11.0900	277.2000	7.3200
15.7300	278.5100	7.3200
27.8200	278.7150	7.3200
43.9300	280.0050	7.3200
52.8300	279.8600	7.3200
41.9100	276.3450	7.3200
34.8600	274.5450	7.3200
14.6800	274.0550	7.3200
11.0800	277.8400	7.3200
21.4900	277.9400	7.3200
12.5700	276.4750	7.3200
14.7600	276.4300	7.3200
38.1100	276.5000	7.3200
60.1100	275.5800	7.3200
34.3400	276.4150	7.3200
33.7900	276.7050	7.3200
41.6800	278.0300	7.3200
40.0500	279.2100	7.3200
29.8300	276.9650	7.3200
14.7500	276.4400	7.3200
16.5300	277.8550	7.3200
22.7300	277.5350	7.3200
28.3400	280.8050	7.3200
29.9300	277.8050	7.3200
21.7900	276.1850	7.3200
28.2000	278.5550	7.3200
28.7700	278.1200	7.3200
25.2800	280.6200	7.3200
29.5400	284.2150	7.3200
30.1900	286.4800	7.3200
35.6300	284.8900	7.3200
34.5200	282.5850	7.3200
31.0800	283.2750	7.3200
34.5900	283.2800	7.3200
34.4400	281.1950	7.3200
49.8000	279.3450	7.3200
49.9400	278.6050	7.3200
72.6800	278.8300	7.3200
70.2300	280.1300	7.3200
64.2900	282.1400	7.3200
59.7500	282.9250	7.3200
54.1800	281.7400	7.3200
50.9100	281.4350	7.3200
47.5800	281.4050	7.3200
43.8800	281.7150	7.3200
35.7600	283.0250	7.3200
31.2500	284.1500	7.3200
28.9800	281.6850	7.3200
26.5400	278.8550	7.3200
27.4100	277.2950	7.3200
29.0700	279.4350	7.3200
28.5900	278.7950	7.3200
31.4100	278.6750	7.3200
28.6800	278.1900	7.3200
22.3400	280.5150	7.3200
26.6000	281.0200	7.3200
26.3000	280.5750	7.3200
19.0300	280.0450	7.3200
23.1700	281.6400	7.3200
28.3300	280.4050	7.3200
26.5900	279.6150	7.3200
15.6100	282.5400	7.3200
27.2500	282.3950	7.3200
26.7200	282.7950	7.3200
15.5800	283.1700	7.3200
13.3400	285.9450	7.3200
12.5900	288.2250	7.3200
14.4100	287.4350	7.3200
22.9400	283.4400	7.3200
15.3800	284.7550	7.3200
11.7800	287.3650	7.3200
10.8500	289.0700	7.3200
10.2800	290.3000	7.3200
11.0600	289.2050	7.3200
17.6600	285.7050	7.3200
13.0600	287.3000	7.3200
9.8200	287.5550	7.3200
9.1200	290.3250	7.3200
8.5900	289.3200	7.3200
7.8800	289.2900	7.3200
7.2400	288.4450	7.3200
6.7200	289.5400	7.3200
6.2900	291.5400	7.3200
6.0900	291.7100	7.3200
6.4500	291.9550	7.3200
7.0100	287.5350	7.3200
5.5200	288.2600	7.3200
4.8800	291.3100	7.3200
4.5500	292.4500	7.3200
4.3000	293.7650	7.3200
4.0800	295.4700	7.3200
3.9300	293.6400	7.3200
3.8600	290.4800	7.3200
3.6600	292.5400	7.3200
3.4700	294.0950	7.3200
3.3200	294.0450	7.3200
3.9000	292.2900	7.3200
6.3300	291.2650	7.3200
5.7600	292.0750	7.3200
5.1300	291.0050	7.3200
3.6200	290.2600	7.3200
3.0300	289.1600	7.3200
2.7800	290.5950	7.3200
2.5300	290.4750	7.3200
2.3500	291.7200	7.3200
2.2200	293.2050	7.3200
2.1300	292.8350	7.3200
2.0300	292.4600	7.3200
2.0400	292.8450	7.3200
5.4500	286.8200	7.3200
4.7800	283.7100	7.3200
2.7700	282.4200	7.3200
2.3900	286.1400	7.3200
2.1600	289.4550	7.3200
1.8000	292.2150	7.3200
1.6300	292.5750	7.3200
2.2200	291.8150	7.3200
5.5200	288.0350	7.3200
11.3300	282.5850	7.3200
4.6500	283.7700	7.3200
2.3300	286.4300	7.3200
1.8100	287.9950	7.3200
1.5000	289.5500	7.3200
1.3100	292.4000	7.3200
1.1900	293.9700	7.3200
1.1200	292.6500	7.3200
1.2300	287.6600	7.3200
2.3000	285.6850	7.3200
2.5300	288.3700	7.3200
1.7700	290.4850	7.3200
1.3200	291.7700	7.3200
1.0900	292.4100	7.3200
0.9700	292.5400	7.3200
0.9100	291.6900	7.3200
0.8700	290.8850	7.3200
0.8400	291.8900	7.3200
0.8100	292.4900	7.3200
0.8100	291.9750	7.3200
0.9200	291.0550	7.3200
1.3300	289.4250	7.3200
2.0600	290.0700	7.3200
1.4600	288.8250	7.3200
1.0300	288.0900	7.3200
0.8400	290.5900	7.3200
0.7400	290.3450	7.3200
0.6900	289.7850	7.3200
0.6400	289.0700	7.3200
0.7900	288.7050	7.3200
9.5000	284.1850	7.3200
11.0600	282.9850	7.3200
4.0900	287.7200	7.3200
2.2800	288.9200	7.3200
3.0700	289.3950	7.3200
4.8200	288.3200	7.3200
9.0700	282.9750	7.3200
3.3700	280.2350	7.3200
1.5600	283.3350	7.3200
0.9500	285.8700	7.3200
0.7000	287.3250	7.3200
0.5800	288.1050	7.3200
0.5100	288.4150	7.3200
0.4800	287.5000	7.3200
0.4500	289.6100	7.3200
0.6800	285.7150	7.3200
6.2500	274.4650	7.3200
3.9100	275.1250	7.3200
2.0200	277.9950	7.3200
1.2300	280.5600	7.3200
4.3400	275.5400	7.3200
6.5800	273.9350	7.3200
3.6600	275.8650	7.3200
1.8900	276.2600	7.3200
1.0700	275.5100	7.3200
0.7600	275.7750	7.3200
0.6300	276.1250	7.3200
1.1900	279.4650	7.3200
2.1200	280.8300	7.3200
8.0700	280.1350	7.3200
13.1300	279.5050	7.3200
5.5400	280.2450	7.3200
2.4700	281.0050	7.3200
1.2700	283.9800	7.3200
0.8500	285.4850	7.3200
0.6700	280.0000	7.3200
0.5900	275.8600	7.3200
0.7500	276.3100	7.3200
1.0300	276.9300	7.3200
0.8000	278.7900	7.3200
1.9400	276.1400	7.3200
2.9000	274.2900	7.3200
1.9100	274.7800	7.3200
1.6100	273.1550	7.3200
1.7600	273.1500	7.3200
1.3400	273.1650	7.3200
1.7800	273.3450	7.3200
2.1400	274.0150	7.3200
1.1800	274.4700	7.3200
0.8200	274.8350	7.3200
0.6600	275.9400	7.3200
0.6000	278.4850	7.3200
0.5700	278.6300	7.3200
0.5600	275.8800	7.3200
0.5400	274.2950	7.3200
0.5400	274.0000	7.3200
0.5400	274.8950	7.3200
0.5400	276.5450	7.3200
0.5400	278.2750	7.3200
1.3000	274.4050	7.3200
3.0800	273.1500	7.3200
2.0100	273.1500	7.3200
1.9700	273.1550	7.3200
1.9000	273.7750	7.3200
3.2500	274.2050	7.3200
7.1100	273.3750	7.3200
3.6400	273.6450	7.3200
1.7600	273.9800	7.3200
1.0200	273.1750	7.3200
0.7600	273.1800	7.3200
1.0700	273.1500	7.3200
1.8000	273.1900	7.3200
2.4900	273.4000	7.3200
4.9900	273.3400	7.3200
5.1400	273.3050	7.3200
2.5500	273.1900	7.3200
1.2100	273.1650	7.3200
0.8300	273.1500	7.3200
0.7000	273.1500	7.3200
0.6300	273.1500	7.3200
0.6100	273.1500	7.3200
0.5900	273.1500	7.3200
0.5900	273.1500	7.3200
0.5900	273.1500	7.3200
0.5900	273.1500	7.3200
0.5800	273.1500	7.3200
0.5800	273.1500	7.3200
0.5800	273.1500	7.3200
0.5800	273.1500	7.3200
0.5800	273.1500	7.3200
0.5900	273.1500	7.3200
0.5900	273.1500	7.3200
0.5900	273.2650	7.3200
0.5900	273.2550	7.3200
0.6000	273.1500	7.3200
0.6000	273.1500	7.3200
0.6000	273.2700	7.3200
0.6000	273.2900	7.3200
0.6000	273.1650	7.3200
0.6000	273.1500	7.3200
0.6100	273.1500	7.3200
0.6100	273.1500	7.3200
0.6100	273.1500	7.3200
0.6100	273.1500	7.3200
0.6100	273.1500	7.3200
0.6100	273.1500	7.3200
0.6100	273.1500	7.3200
0.6200	273.1500	7.3200
0.6200	273.2000	7.3200
0.6300	273.1850	7.3200
0.6300	273.1500	7.3200
0.6400	273.1500	7.3200
0.6400	273.1500	7.3200
0.6400	273.1600	7.3200
0.6400	273.1500	7.3200
0.6400	273.1500	7.3200
0.6400	273.1500	7.3200
0.6400	273.1500	7.3200
0.6400	273.2300	7.3200
0.6400	273.3650	7.3200
0.6400	273.3900	7.3200
0.6400	273.2450	7.3200
0.6400	273.1500	7.3200
0.6400	273.3000	7.3200
0.6400	273.3500	7.3200
0.6400	273.1650	7.3200
0.6400	273.1600	7.3200
0.6400	273.1500	7.3200
0.6400	273.1500	7.3200
0.6400	273.1500	7.3200
0.6400	273.1500	7.3200
0.6400	273.1500	7.3200
0.6400	273.1500	7.3200
0.6400	273.1650	7.3200
0.6400	273.1550	7.3200
0.6400	273.1550	7.3200
0.6400	273.1500	7.3200
0.6400	273.1550	7.3200
0.6400	273.1650	7.3200
0.6400	273.1500	7.3200
0.6400	273.1600	7.3200
0.6400	273.2250	7.3200
0.6400	273.1850	7.3200
0.6400	273.2150	7.3200
0.6300	273.2100	7.3200
0.6300	273.1700	7.3200
0.6300	273.1500	7.3200
0.6300	273.1500	7.3200
0.6300	273.1500	7.3200
0.6300	273.1500	7.3200
0.6300	273.1500	7.3200
0.6300	273.1500	7.3200
0.6300	273.1500	7.3200
0.6300	273.1500	7.3200
0.6300	273.1500	7.3200
0.6200	273.1500	7.3200
0.6200	273.1500	7.3200
0.6200	273.1500	7.3200
0.6200	273.1500	7.3200
0.6200	273.1500	7.3200
0.6200	273.1500	7.3200
0.6200	273.1500	7.3200
0.6200	273.1500	7.3200
0.6200	273.1500	7.3200
0.6200	273.1500	7.3200
0.6100	273.2000	7.3200
0.6100	273.2150	7.3200
0.6100	273.1700	7.3200
0.6100	273.4050	7.3200
0.6100	273.7500	7.3200
0.6100	273.6200	7.3200
1.6000	273.4000	7.3200
1.3300	273.2400	7.3200
0.8400	273.3850	7.3200
0.7700	273.3050	7.3200
1.0900	273.2800	7.3200
1.8900	273.2650	7.3200
1.2700	273.1500	7.3200
0.8200	273.2050	7.3200
0.7000	273.5700	7.3200
0.9600	273.2400	7.3200
1.7800	273.2950	7.3200
1.7700	273.8450	7.3200
1.5900	274.7800	7.3200
2.4300	275.0550	7.3200
4.1100	273.8300	7.3200
2.6000	273.1500	7.3200
1.8100	273.5600	7.3200
2.4400	274.6650	7.3200
3.5800	273.8400	7.3200
2.4800	273.1950	7.3200
2.6400	273.8600	7.3200
4.2300	273.7550	7.3200
2.6600	273.1600	7.3200
3.6300	273.5700	7.3200
5.5400	275.2900	7.3200
10.0500	277.7300	7.3200
19.8000	276.8750	7.3200
12.8700	274.5050	7.3200
4.9100	273.3250	7.3200
1.8400	273.1500	7.3200
1.5700	273.1750	7.3200
2.5700	274.5050	7.3200
2.4600	273.7800	7.3200
1.7300	273.1600	7.3200
1.7300	273.8450	7.3200
1.4000	275.0100	7.3200
2.9700	275.0550	7.3200
4.7000	278.8350	7.3200
16.6400	280.0150	7.3200
28.4000	276.1550	7.3200
10.4200	274.5750	7.3200
5.8100	276.6750	7.3200
10.6100	279.1000	7.3200
26.8000	279.6400	7.3200
35.5700	277.7250	7.3200
34.3700	278.6850	7.3200
27.8200	280.1200	7.3200
30.3400	280.0650	7.3200
39.0800	276.4250	7.3200
13.7300	274.0150	7.3200
11.1300	275.0750	7.3200
5.9400	276.4650	7.3200
5.7800	275.3300	7.3200
6.3900	277.6450	7.3200
21.1500	280.6550	7.3200
12.3600	274.4950	7.3200
8.2800	273.3800	7.3200
4.0900	273.2200	7.3200
4.0000	273.2650	7.3200
4.7900	274.0500	7.3200
4.5300	277.3850	7.3200
4.2600	275.4300	7.3200
7.2300	276.5350	7.3200
4.7400	273.5950	7.3200
2.3300	275.4550	7.3200
5.3200	277.7650	7.3200
22.3400	277.0400	7.3200
16.4200	276.0500	7.3200
15.8200	274.9950	7.3200
9.0500	274.9500	7.3200
11.6900	275.9900	7.3200
21.5100	276.5700	7.3200
19.5700	277.4050	7.3200
15.8500	279.4750	7.3200
23.6400	280.8600	7.3200
24.2900	276.7700	7.3200
18.5400	277.1800	7.3200
18.1700	278.6100	7.3200
24.4200	279.2050	7.3200
10.4500	275.2900	7.3200
10.3700	275.4100	7.3200
16.9700	275.8250	7.3200
13.7500	279.1800	7.3200
19.7600	280.4950	7.3200
31.6300	281.8450	7.3200
37.9500	278.8050	7.3200
17.6400	276.2050	7.3200
14.1700	278.6100	7.3200
19.5200	282.0300	7.3200
28.0000	280.5550	7.3200
28.1600	282.5650	7.3200
26.6500	283.6900	7.3200
39.2000	285.1300	7.3200
52.7600	285.1750	7.3200
65.0100	288.6750	7.3200
61.5900	285.0250	7.3200
52.3500	284.5600	7.3200
42.9800	286.3000	7.3200
36.2000	281.3100	7.3200
43.0000	277.7050	7.3200
47.0600	277.1000	7.3200
34.7100	276.6050	7.3200
24.4200	280.3650	7.3200
21.2000	284.4400	7.3200
22.6200	280.9950	7.3200
20.3000	279.4150	7.3200
17.2100	284.3950	7.3200
15.7500	285.2450	7.3200
14.6600	284.7200	7.3200
13.7200	284.5450	7.3200
12.8800	284.4700	7.3200
12.1100	286.8450	7.3200
11.4200	288.7300	7.3200
10.7700	289.1150	7.3200
10.1800	287.1900	7.3200
9.6300	286.5650	7.3200
9.0900	289.2950	7.3200
8.6100	290.9350	7.3200
8.6100	289.8350	7.3200
8.5500	289.7300	7.3200
7.9700	288.8000	7.3200
7.2700	285.7550	7.3200
7.4600	283.8600	7.3200
6.7300	287.4600	7.3200
5.7900	287.6450	7.3200
5.2500	289.4550	7.3200
4.9500	290.6300	7.3200
5.0900	291.3650	7.3200
5.9300	291.6150	7.3200
6.0900	291.7900	7.3200
5.0900	292.7450	7.3200
4.0700	291.6300	7.3200
3.6700	291.3250	7.3200
3.4100	292.7750	7.3200
3.2000	295.6200	7.3200
3.0300	294.7600	7.3200
2.9000	295.3200	7.3200
2.8700	292.3200	7.3200
2.8400	294.3450	7.3200
3.3800	293.3750	7.3200
3.7000	293.2450	7.3200
2.8900	291.7000	7.3200
2.4600	292.5800	7.3200
2.2500	293.3500	7.3200
4.2400	292.8100	7.3200
5.4100	293.1700	7.3200
5.8400	294.0050	7.3200
6.2100	292.5650	7.3200
4.4100	294.0900	7.3200
2.8600	294.4750	7.3200
6.2400	292.1900	7.3200
7.2800	292.2200	7.3200
5.2000	292.7150	7.3200
4.0000	291.1200	7.3200
4.2200	292.0250	7.3200
5.7700	292.0600	7.3200
4.6700	289.5450	7.3200
3.0700	289.4350	7.3200
2.6800	288.9200	7.3200
2.1200	290.4750	7.3200
1.5700	289.7200	7.3200
1.3000	287.3650	7.3200
1.1600	290.2550	7.3200
1.0800	290.6950	7.3200
1.0300	292.9850	7.3200
0.9900	291.8050	7.3200
0.9900	293.6050	7.3200
1.8100	292.2250	7.3200
12.9600	286.5100	7.3200
5.8600	291.2000	7.3200
2.2600	293.3650	7.3200
1.4600	288.9250	7.3200
1.3100	285.2150	7.3200
1.0800	289.8800	7.3200
0.9100	292.5050	7.3200
0.8100	293.2100	7.3200
3.8800	290.5800	7.3200
7.2300	288.1400	7.3200
3.0100	284.9550	7.3200
1.8100	282.7250	7.3200
1.6700	285.1550	7.3200
1.4100	286.0000	7.3200
1.0300	288.1250	7.3200
0.8200	291.4250	7.3200
0.7000	290.6350	7.3200
0.6300	282.7250	7.3200
0.6000	283.5700	7.3200
0.6200	288.7950	7.3200
1.0400	286.5400	7.3200
1.7100	280.7500	7.3200
1.9800	281.0150	7.3200
1.3500	286.0500	7.3200
0.9100	288.9750	7.3200
0.6900	288.5350	7.3200
0.5700	287.6000	7.3200
0.5200	287.9200	7.3200
0.4900	289.4450	7.3200
0.4700	289.8050	7.3200
0.4500	290.4200	7.3200
0.4300	289.7900	7.3200
0.4200	285.9850	7.3200
0.4100	288.1250	7.3200
1.4000	285.1350	7.3200
2.6900	284.5500	7.3200
1.5700	287.2500	7.3200
0.9300	289.2600	7.3200
0.6500	290.0400	7.3200
0.5100	290.3350	7.3200
0.4400	289.7700	7.3200
0.4000	288.0700	7.3200
0.3900	289.1250	7.3200
0.4000	289.7150	7.3200
0.4100	289.6350	7.3200
0.4200	287.7850	7.3200
1.8200	284.2300	7.3200
5.5000	283.1850	7.3200
12.1400	281.4000	7.3200
16.0000	279.1050	7.3200
8.2700	277.9500	7.3200
3.7100	280.4050	7.3200
1.9700	281.8000	7.3200
1.0800	280.5350	7.3200
0.7600	280.0700	7.3200
0.5900	281.7400	7.3200
0.4900	283.7300	7.3200
0.4400	283.7550	7.3200
0.4100	284.4800	7.3200
0.4000	282.9950	7.3200
0.4600	281.1450	7.3200
0.4900	281.4300	7.3200
0.4800	282.2450	7.3200
0.4500	281.4900	7.3200
0.4200	280.1450	7.3200
3.4900	278.6100	7.3200
49.7600	277.8100	7.3200
17.2400	273.4800	7.3200
4.4000	273.1650	7.3200
2.0000	273.6100	7.3200
4.2600	275.7600	7.3200
4.6800	276.9850	7.3200
6.3600	275.9250	7.3200
5.5400	274.3750	7.3200
3.7000	275.1450	7.3200
3.7600	277.0900	7.3200
3.1200	277.6150	7.3200
2.0000	278.5700	7.3200
5.5200	278.3150	7.3200
9.2800	277.0950	7.3200
8.2100	276.1450	7.3200
8.1900	273.9350	7.3200
3.5100	273.1550	7.3200
2.4700	273.1500	7.3200
2.2200	273.1500	7.3200
1.5400	273.1500	7.3200
1.2500	273.1500	7.3200
0.9100	273.2300	7.3200
1.8400	273.4650	7.3200
3.6300	273.2650	7.3200
1.6200	273.8300	7.3200
2.6200	274.5050	7.3200
3.1000	275.6500	7.3200
10.0500	274.6600	7.3200
3.6200	273.1750	7.3200
1.5600	273.1500	7.3200
1.0200	273.1500	7.3200
0.8200	273.1500	7.3200
0.7500	273.1500	7.3200
0.7200	273.1700	7.3200
0.7100	273.1500	7.3200
0.7000	273.1500	7.3200
0.7000	273.1500	7.3200
0.7100	273.1850	7.3200
0.7200	273.3550	7.3200
0.7200	274.4150	7.3200
0.8900	273.5300	7.3200
1.1200	273.6100	7.3200
1.3300	273.4650	7.3200
1.9300	273.1750	7.3200
1.4400	273.3350	7.3200
1.0800	273.6200	7.3200
1.8700	273.6100	7.3200
2.5800	273.2300	7.3200
1.4700	273.4250	7.3200
1.5300	273.7100	7.3200
1.6900	274.1500	7.3200
2.8700	273.9900	7.3200
1.6800	273.1500	7.3200
1.1000	273.1500	7.3200
0.9400	273.2150	7.3200
5.4000	273.9700	7.3200
22.0000	274.0400	7.3200
5.1300	273.2750	7.3200
1.9100	273.6100	7.3200
6.7200	273.9450	7.3200
3.7600	273.2250	7.3200
1.7800	273.3300	7.3200
1.3000	273.4100	7.3200
1.9800	273.1600	7.3200
1.5400	273.1500	7.3200
1.1400	273.1500	7.3200
1.0200	273.1500	7.3200
