5.0900	277.3800	57.9100
6.0200	277.6500	57.6400
6.1400	278.4867	57.6400
5.3000	279.2267	57.6400
6.8600	280.7500	57.6400
4.7500	281.4767	57.6400
3.4900	281.2167	57.6400
1.4500	279.5800	57.6400
2.7700	277.0167	57.6400
15.3000	274.6000	57.6400
26.3100	274.7933	57.6400
54.9400	274.8833	57.6400
35.5900	274.9200	57.6400
16.5400	275.1067	57.6400
8.3300	274.2167	57.6400
5.1700	273.9967	57.6400
3.4400	273.7367	57.6400
2.4300	273.8500	57.6400
1.9800	274.7967	57.6400
1.6800	277.4333	57.6400
2.0300	277.2867	57.6400
3.0100	276.0767	57.6400
3.2300	276.4533	57.6400
3.7300	276.1600	57.6400
25.6900	274.9067	57.6400
23.9300	274.2933	57.6400
28.1400	274.0300	57.6400
17.3000	273.9533	57.6400
10.5000	274.4733	57.6400
8.2300	275.0133	57.6400
6.9600	274.0967	57.6400
4.9000	274.3067	57.6400
3.8100	275.0200	57.6200
5.4200	276.1167	57.6200
11.6800	276.7733	57.6200
14.7800	278.2867	57.6200
21.8600	278.5600	57.6200
20.0600	276.3100	57.6200
13.1200	274.3933	57.6200
8.7200	274.1733	57.6200
7.8100	274.3333	57.6200
39.8800	273.8100	57.6200
28.8500	273.5333	57.6200
21.2800	273.3667	57.6200
17.6000	273.6233	57.6200
16.5900	274.1667	57.6200
17.1600	274.3433	57.6200
20.4100	275.2433	57.6200
31.9900	275.3233	57.6200
61.4500	275.4633	57.6200
64.3000	275.1867	57.6200
81.6100	275.2633	57.6200
135.3600	275.5933	57.6200
224.8700	275.7033	57.6200
350.2000	277.1700	57.6200
295.1300	276.0200	57.6200
258.4400	275.4000	57.6200
223.8400	275.7067	57.6200
189.4700	276.5167	57.6200
166.6900	276.4633	57.6200
143.6500	275.4333	57.6600
156.4600	275.0400	57.6600
137.1600	274.1833	57.6600
159.0600	275.7133	57.6600
320.7100	276.5700	57.6600
317.0300	277.3233	57.6600
302.8000	281.1800	57.6600
268.5400	281.2767	57.6600
229.0400	276.8133	57.6600
183.0000	275.0200	57.6600
155.9200	276.7200	57.6600
140.4200	277.4000	57.6600
134.8200	280.0500	57.6600
123.4600	280.1233	57.6600
99.7800	277.8567	57.6600
98.1700	276.8900	57.6600
98.6200	277.5000	57.6600
105.5300	280.0900	57.6600
113.6900	283.2367	57.6600
106.0900	284.1433	57.6600
107.2000	284.6867	57.6600
103.6500	284.1933	57.6600
127.9000	283.7967	57.6600
183.0700	283.6200	57.6600
333.9800	280.0233	57.6600
319.4800	278.2300	57.6600
258.0900	278.0467	57.6600
213.5100	280.0000	57.6600
176.2700	281.1500	57.6600
149.1700	280.9800	57.6600
129.4200	281.6233	57.6700
113.7400	281.6000	57.9600
97.8100	277.7300	57.9600
81.8400	274.3867	57.9600
71.6000	274.5633	57.9600
63.4900	275.9700	57.9600
57.4900	277.3600	57.9600
72.3900	275.1300	57.9600
60.1100	274.1133	57.9600
49.7200	274.3600	57.9600
45.1000	275.2933	57.9600
39.4000	276.1000	57.9600
36.4700	275.5500	57.9600
33.8500	276.1967	57.9600
31.6200	276.3667	57.9600
30.4300	277.5500	57.9600
29.0000	278.3867	57.9600
31.7400	278.5800	57.9600
38.6900	279.3733	57.9600
61.7500	278.9033	57.9600
37.5300	276.5467	57.9600
49.8200	276.9700	57.9600
31.9000	279.1467	57.9600
23.1400	281.0933	57.9600
20.7300	283.5400	57.9600
20.7900	286.6900	57.9600
20.0200	287.8533	57.9600
17.9600	286.4433	57.9600
16.8900	282.6200	57.9600
16.0500	279.1100	57.9600
15.0900	281.5367	57.5900
14.6200	280.9233	40.1500
14.0300	278.7500	40.1500
13.2900	279.5400	40.1500
12.7600	283.1233	40.1500
13.0000	284.0100	40.1500
12.3700	284.3933	40.1500
11.5000	286.7867	40.1500
12.2200	289.3933	40.1500
12.0800	289.4333	40.1500
10.4300	288.6633	40.1500
9.3500	289.7333	40.1500
8.8000	290.9533	40.1500
8.7200	288.6233	40.1500
8.2600	285.9400	40.1500
10.3400	282.9633	40.1500
17.6800	282.4833	40.1500
12.8900	284.4833	40.1500
8.8200	286.2500	40.1500
7.4100	288.3933	40.1500
7.3900	289.6000	40.1500
7.2200	290.4767	40.1500
6.4300	291.6533	40.1500
5.8100	293.2100	40.1500
5.4200	293.2033	40.1500
5.1600	293.0900	40.1500
5.0100	292.7833	40.1500
5.0500	290.4367	40.1500
5.1600	287.5233	40.1500
4.8500	286.5100	40.1500
4.5300	288.4467	40.1500
4.2800	292.2500	40.1500
4.1000	293.5467	40.2100
3.9700	288.0433	40.2100
3.8400	284.6500	40.2100
3.7200	284.0000	40.2100
3.6200	285.8733	40.2100
3.5200	285.7200	40.2100
3.4400	288.3567	40.2100
3.3400	290.5867	40.2100
3.2400	289.1567	40.2100
3.1600	289.3100	40.2100
3.1500	288.3667	40.2100
3.0900	287.0700	40.2100
2.9700	286.0500	40.2100
2.8700	288.5233	40.2100
2.7800	290.5500	40.2100
2.7000	291.8267	40.2100
2.6900	292.4700	40.2100
2.7000	290.6967	40.2100
2.6300	291.4167	40.2100
2.5200	293.5233	40.2100
2.4100	295.3633	40.2100
2.3200	295.8533	40.2100
2.2500	295.2567	40.2100
2.1900	292.0667	40.2100
2.1200	288.2400	40.2100
2.0900	286.4233	40.2100
31.3000	284.0533	40.2100
70.6200	282.4633	40.2100
26.2300	287.1300	40.2100
10.2600	289.7933	40.2300
5.6800	291.2533	41.2300
3.8400	293.4967	41.2300
2.8900	296.3100	41.2300
2.3700	298.4133	41.2300
2.0500	298.7367	41.2300
1.8500	297.2900	41.2300
1.7300	294.6800	41.2300
1.6700	293.5733	41.2300
1.6300	295.7633	41.2300
1.7600	295.4500	41.2300
2.8100	294.4800	41.2300
5.0900	292.7833	41.2300
4.7300	293.4900	41.2300
3.4600	294.2167	41.2300
2.6800	293.5467	41.2300
2.2800	292.4667	41.2300
1.9600	291.2200	41.2300
1.6900	289.5400	41.2300
1.5000	291.3633	41.2300
1.3600	291.4800	41.2300
1.3100	290.8633	41.2300
1.3000	291.5733	41.2300
1.2800	293.5267	41.2300
1.2300	295.7800	41.2300
1.1800	297.0667	41.2300
1.1300	297.2567	41.2300
1.0800	297.1800	41.2300
1.1100	295.3667	41.2300
1.2800	293.4800	41.2100
1.3200	292.3167	41.2200
1.2400	291.2800	41.2300
1.1400	293.9333	41.4000
1.0600	294.7733	41.3900
0.9900	294.3933	41.3900
0.9400	291.9867	41.3900
0.9300	292.3733	41.3900
0.9600	295.1800	41.3800
0.9800	297.5100	41.3800
0.9600	300.8600	41.3800
0.9200	301.1267	41.3800
0.8800	298.7867	41.3800
0.8400	297.3367	41.3800
0.8300	298.9167	41.3800
0.8700	296.1367	41.3800
0.9000	296.2033	41.3800
0.8900	297.3033	41.3800
0.8500	297.4833	41.3800
0.8100	297.5300	41.3800
0.7700	295.4400	41.3800
0.7500	294.2467	41.3800
0.7500	294.9033	41.3800
0.7400	291.7100	41.3800
0.7200	290.3667	41.3800
0.7000	289.5300	41.3800
0.6800	290.1533	41.3800
0.6800	294.2900	41.3800
0.7700	297.3800	41.3800
0.9400	297.8600	41.3800
1.0300	297.6267	41.3800
0.9900	297.6800	41.3800
0.8900	297.6033	41.3800
0.8000	294.6067	41.3700
0.7300	294.3300	40.9500
0.6800	294.9633	40.9500
0.6400	294.8167	40.9500
0.6100	295.4500	40.9500
0.5800	293.0833	40.9500
0.5600	288.6833	40.9500
0.5400	292.3233	40.9500
0.5400	294.0333	40.9500
0.5500	294.5433	40.9500
0.5400	294.0467	40.9500
0.5300	293.1600	40.9500
0.5100	293.0667	40.9600
0.5300	292.1000	40.9800
0.5600	293.1533	40.9800
0.6700	293.5467	40.9800
1.1100	293.8533	40.9800
1.6400	293.0000	40.9800
1.6700	293.4300	40.9800
1.3900	293.4233	40.9800
1.1100	293.7267	40.9800
0.8900	292.8867	40.9800
0.7700	293.7233	40.9800
0.7500	294.3800	40.9800
0.8800	292.0167	40.9800
7.5800	287.3600	40.9800
22.3900	283.3900	40.9800
11.5200	285.4333	40.9800
5.4700	286.1567	40.9800
3.1700	286.7533	40.9800
2.7400	290.4800	40.9600
2.9300	294.3267	39.9300
2.4300	294.9167	39.9300
1.8000	294.1533	39.9300
1.3500	294.0533	39.9300
1.0400	291.3733	39.9300
0.8500	288.4033	39.9300
0.7600	289.0833	39.9300
0.7400	287.6633	39.9300
0.7500	283.6833	39.9300
0.7300	284.9800	39.9300
0.6800	287.6733	39.9300
0.6300	284.6533	39.9300
0.6100	288.0433	39.9300
0.5900	289.3367	39.9300
0.6000	290.3300	39.9300
0.6100	291.8600	39.9300
0.6100	287.2133	39.9300
0.5800	286.5333	39.9300
0.5500	288.4233	39.9300
0.5200	290.1000	39.9300
0.4900	289.1667	39.9300
0.4900	285.1033	39.9300
0.5100	283.4800	39.9300
0.5400	281.1067	39.9300
0.5500	284.5367	39.9300
0.5200	287.1600	39.9300
0.4900	286.6400	39.9300
0.4900	284.4567	39.9300
0.5100	283.3900	39.9300
8.4100	282.3100	39.9300
56.6000	279.9867	39.9200
20.9200	280.5667	39.3100
8.1600	282.2267	39.3100
4.2300	283.0033	39.3100
3.2200	284.7400	39.3100
3.3100	284.8967	39.3100
2.8000	282.9867	39.3100
2.1000	279.8533	39.3100
1.5400	281.1833	39.3100
1.1700	283.3100	39.3100
0.9100	284.1033	39.3100
0.8000	281.9400	39.3100
24.6600	279.2533	39.3100
96.0500	278.4833	39.3100
43.5500	278.6567	39.3100
28.9300	279.2667	39.3100
15.1900	280.2600	39.3100
44.0800	278.7200	39.3100
21.4200	277.5367	39.3100
8.4100	279.1233	39.3100
7.4500	278.3767	39.3100
22.1100	277.7600	39.3100
106.1900	279.0067	39.3100
45.7700	275.8400	39.3100
18.0700	276.3500	39.3100
51.9100	275.4133	39.3100
21.4100	274.6500	39.3100
9.5600	274.1600	39.3100
5.1900	274.2467	39.3100
44.4600	274.5533	39.3100
40.0200	274.3733	39.3100
24.5200	274.7533	39.4000
70.3800	275.3267	39.4000
65.1100	274.7933	39.4000
31.8100	274.2900	39.4000
35.2400	274.9600	39.4000
72.1400	276.0633	39.4000
66.8700	276.0400	39.4000
59.9200	276.6333	39.4000
63.0600	276.1167	39.4000
60.8500	274.3000	39.4000
57.7200	274.2533	39.4000
56.3300	274.3333	39.4000
54.5500	274.7233	39.4000
132.2500	274.7900	39.4000
97.6800	273.6067	39.4000
74.0300	273.8400	39.4000
96.0600	274.3100	39.4000
93.5000	274.4400	39.4000
101.0400	274.9367	39.4000
140.1500	275.2000	39.4000
135.0800	274.6400	39.4000
120.3600	274.7267	39.4000
152.5300	274.3333	39.4000
121.8200	274.0833	39.4000
114.9200	274.4833	39.4000
111.0300	274.9867	39.4000
109.4600	276.6133	39.4000
138.8000	276.2400	39.4000
153.8400	276.4433	39.4000
143.2400	276.7200	39.4000
196.0300	278.2600	39.3900
182.1500	278.6733	39.2000
453.1300	279.4367	39.2000
581.7500	276.7467	39.2000
479.9700	275.2100	39.2000
433.5500	275.4667	39.2000
441.2100	275.8133	39.2000
429.0400	277.9233	39.2000
401.7600	278.2233	39.2000
400.0800	277.2867	39.2000
339.7400	276.4800	39.2000
308.1900	278.2033	39.2000
281.9200	279.4033	39.2000
239.3300	276.1100	39.2000
203.2500	275.1400	39.2000
179.2800	273.5900	39.2000
159.5500	273.4867	39.2000
141.1500	273.5767	39.2000
124.5600	273.5300	39.2000
111.7200	273.4800	39.2000
101.5500	273.4500	39.2000
97.3800	273.7567	39.2000
97.5100	273.5000	39.2000
81.0300	273.3333	39.2000
74.5000	273.6433	39.2000
73.9800	274.3667	39.2000
77.9200	274.2000	39.2000
70.5000	273.5900	39.2000
58.9100	273.3300	39.2000
54.0000	273.2133	39.2000
50.1600	273.2700	39.2000
47.1100	273.4267	39.2000
45.6600	273.8633	39.1900
45.9300	273.9033	39.1900
45.3600	274.5300	39.1900
48.3000	274.9767	39.1900
44.5000	276.0167	39.1900
37.5800	275.7333	39.1900
40.4400	275.7767	39.1900
129.4500	275.2400	39.1900
58.8900	274.8033	39.1900
36.6100	275.9933	39.1900
35.8000	277.2733	39.1900
42.2500	278.7367	39.1900
37.5900	277.5133	39.1900
38.4600	278.4467	39.1900
43.8500	277.7767	39.1900
38.2000	276.9700	39.1900
36.3000	275.7867	39.1900
33.8900	275.3467	39.1900
46.9500	275.7500	39.1900
173.2800	276.3033	39.1900
111.0200	277.6567	39.1900
64.6800	280.4033	39.1900
78.0300	280.3267	39.1900
65.7400	276.5500	39.1900
57.4500	277.4100	39.1900
60.7900	277.7367	39.1900
56.9100	277.2633	39.1900
63.0100	277.7333	39.1900
58.9200	275.9067	39.2200
53.2400	275.0833	39.2200
50.6800	275.1400	39.2200
54.1600	275.9667	39.2200
60.7600	276.2133	39.2200
63.8300	276.0867	39.2200
83.6000	275.6233	39.2200
67.3100	274.1833	39.2200
51.9500	274.3167	39.2200
60.9600	274.7800	39.2200
73.1500	275.6700	39.2200
79.9600	277.2267	39.2200
69.7700	275.4500	39.2200
51.4800	274.0233	39.2200
47.7500	274.4033	39.2200
47.1000	273.8233	39.2200
46.9900	273.8600	39.2200
47.8500	273.8367	39.2200
49.1000	275.4500	39.2200
55.2400	278.5667	39.2200
64.2400	280.7133	39.2200
64.6300	280.7800	39.2200
98.9100	277.4333	39.2200
108.6100	276.3867	39.2200
66.3100	275.9333	39.2200
53.6000	276.5233	39.2200
53.8600	278.1700	39.2200
57.6200	279.5967	39.2200
60.4700	281.1800	39.2200
61.8000	282.2433	39.2200
68.5000	283.4867	39.2200
77.2900	284.0533	39.4200
85.6900	285.2867	39.4200
102.3600	286.1067	39.4200
134.2600	286.5567	39.4200
152.4600	285.3400	39.4200
132.1900	281.4900	39.4200
102.8500	281.2600	39.4200
83.7700	282.0333	39.4200
71.6300	281.9500	39.4200
82.0300	278.9800	39.4200
65.0800	281.2467	39.4200
52.6000	281.8100	39.4200
43.4800	283.9600	39.4200
38.7700	285.5700	39.4200
35.7900	280.4400	39.4200
32.8500	276.4333	39.4200
36.3300	275.0100	39.4200
38.7700	274.9167	39.4200
33.5500	276.3167	39.4200
31.3800	278.2100	39.4200
26.9800	279.9000	39.4200
23.4800	281.8533	39.4200
21.7300	283.3400	39.4200
20.4400	282.8100	39.4200
19.2700	283.6733	39.4200
18.2500	283.0133	39.4200
17.4300	278.9667	39.4200
20.0800	277.5433	39.4200
22.1100	278.1600	39.4200
34.6200	277.1900	39.5600
52.9600	277.6933	45.8000
27.4400	281.1767	45.8000
16.4000	282.7400	45.8000
14.2900	282.8067	45.8000
15.7100	283.7467	45.8000
13.5700	281.8133	45.8000
11.7000	280.0333	45.8000
10.7300	278.7333	45.8000
10.2100	280.8900	45.8000
9.8700	280.0800	45.8000
9.5900	280.4300	45.8000
9.5300	284.2000	45.8000
10.0800	285.8567	45.8000
9.6200	283.7167	45.8000
9.0500	284.6567	45.8000
8.6600	284.3300	45.8000
8.3800	285.7833	45.8000
8.3800	286.2767	45.8000
9.6000	283.2233	45.8000
41.3200	277.9633	45.8000
79.7000	277.4867	45.8000
33.3100	278.1500	45.8000
16.3500	280.2933	45.8000
10.5200	284.0067	45.8000
8.5700	287.6833	45.8000
8.4100	288.5867	45.8000
8.3600	286.9933	45.8000
8.7800	285.5333	45.8000
8.2000	288.3100	45.8000
7.4400	290.7467	45.8000
7.0200	291.4167	45.8100
10.2900	291.5900	45.8700
18.3700	287.0333	45.8700
13.0200	286.3767	45.8700
9.1100	287.5200	45.8700
7.4600	290.0100	45.8700
6.7600	290.0933	45.8700
6.4400	288.2633	45.8700
6.2900	284.5100	45.8700
6.4300	281.5733	45.8700
6.3600	283.9200	45.8700
6.1200	286.7967	45.8700
5.9400	289.3733	45.8700
5.8100	291.3133	45.8700
5.7000	291.1233	45.8700
5.7000	291.2867	45.8700
6.1900	291.8267	45.8700
6.0800	289.9033	45.8700
5.7100	288.7667	45.8700
5.4400	288.4133	45.8700
5.2500	289.6267	45.8700
5.1000	290.5200	45.8700
5.7400	290.6067	45.8700
6.2000	290.5500	45.8700
5.5300	291.2267	45.8700
5.0600	293.6000	45.8700
4.7800	295.3667	45.8700
4.6000	294.3933	45.8700
4.5600	292.6833	45.8700
4.5400	291.3133	45.8700
4.7100	291.4567	45.9000
4.6200	292.2900	47.0400
4.3500	293.8467	47.0400
4.1000	293.9633	47.0400
3.9300	291.9100	47.0400
3.8200	291.1600	47.0400
3.7400	291.9400	47.0400
4.0900	293.2367	47.0300
4.5000	291.1967	47.0300
4.2600	293.7900	47.0300
3.8300	298.1733	47.0300
3.5300	300.1467	47.0300
3.3400	300.7867	47.0200
3.2100	299.5467	47.0200
3.2800	298.7067	47.0200
3.5100	297.7600	47.0200
3.4900	295.9800	47.0200
3.2400	295.1000	47.0200
3.0200	295.1033	47.0200
2.8400	294.5433	47.0200
2.7400	295.2567	47.0200
2.8800	297.8700	47.0200
3.4400	296.4500	47.0300
4.3400	295.2467	47.0400
4.1000	294.8733	47.0400
3.4500	294.8733	47.0400
2.9300	295.3300	47.0400
2.5800	296.2133	47.0400
2.4900	296.1333	47.0300
2.5600	297.1867	47.0300
2.5000	298.1733	47.0300
2.3400	298.2800	47.0300
2.1700	297.8700	47.2300
2.0400	297.3833	47.2500
1.9800	296.5867	47.2500
1.9600	293.6400	47.2500
1.9400	290.0700	47.2500
1.9300	288.9767	47.2500
1.8700	289.9033	47.2500
1.7700	291.3667	47.2500
1.6700	295.5633	47.2400
1.5900	297.8333	47.2300
1.5300	298.8800	47.2300
1.4800	298.9333	47.2300
1.4300	299.6867	47.2200
1.3900	301.0300	47.2200
1.3500	300.4200	47.2200
1.3200	299.9467	47.2200
1.2900	298.3833	47.2200
1.2500	296.8600	47.2200
1.2100	296.3700	47.2100
1.1800	292.4767	47.2100
1.1600	289.3733	47.2100
1.1200	291.1200	47.2100
1.0900	292.3533	47.2100
1.0700	292.3533	47.2100
1.0500	292.4300	47.2100
1.0200	292.0300	47.2100
0.9900	292.8000	47.2100
0.9700	295.2400	47.2100
0.9500	295.9600	47.2100
0.9300	295.3933	47.2200
0.9100	294.1167	47.2200
0.9300	296.3700	46.7500
0.9600	298.5433	46.7500
0.9700	297.9500	46.7500
0.9400	293.3767	46.7500
0.9000	288.5233	46.7500
0.8500	285.8133	46.7400
0.8700	284.8967	46.7600
1.4000	286.1933	46.7600
1.7400	290.0500	46.7600
1.6100	293.8733	46.7600
1.3600	295.6200	46.7600
1.1600	296.4200	46.7600
1.0000	296.5933	46.7600
0.8900	294.7667	46.7600
0.8100	292.9567	46.7600
0.7500	288.8933	46.7600
0.7000	288.7433	46.7600
0.6600	287.6800	46.7600
0.6300	292.2433	46.7600
0.6200	294.5700	46.7600
0.6000	295.0067	46.7600
0.5900	295.5467	46.7500
0.5800	295.3567	46.7500
0.5600	295.5000	46.7500
0.5600	294.1133	46.7400
0.5500	293.0067	46.7400
0.5400	291.3000	46.7400
0.5300	288.3233	46.7400
0.5300	286.8300	46.7500
0.5200	283.2333	46.7300
0.5200	281.0900	45.5600
0.5300	281.0567	45.5600
0.5400	283.9133	45.5600
0.5400	286.5500	45.5600
0.5400	287.3767	45.5600
0.5500	290.1300	45.5600
0.5600	291.7633	45.5600
0.5600	292.3500	45.5600
0.5600	290.9567	45.5600
0.5500	291.1067	45.5600
0.5400	283.9167	45.5600
0.5400	284.7633	45.5600
0.5300	285.9500	45.5600
0.5300	288.6433	45.5600
0.5200	289.4033	45.5600
0.5200	289.5967	45.5600
0.5000	289.4267	45.5600
0.5000	288.9700	45.5600
0.5000	286.1967	45.5600
0.5600	285.7233	45.5600
0.7200	284.4433	45.5600
0.8400	284.1633	45.5600
0.8400	284.3933	45.5600
0.7900	281.4100	45.5600
0.7200	282.1367	45.5600
0.6600	281.7667	45.5600
0.6100	282.0367	45.5600
0.5600	285.3467	45.5600
0.5400	281.7300	45.5600
0.5200	278.8567	45.5600
0.5000	279.0967	45.5400
0.5000	278.1400	44.8500
0.4900	278.8667	44.8500
0.4800	280.9833	44.8500
0.4800	282.0200	44.8500
0.4700	282.3633	44.8500
0.4700	280.1300	44.8500
1.9600	277.2333	44.8500
166.1100	277.9100	44.8500
99.6400	276.6200	44.8500
39.4900	276.0000	44.8500
29.0200	276.6867	44.8500
18.4200	278.8733	44.8500
30.8200	278.4667	44.8500
17.8800	278.4133	44.8500
7.7900	279.1833	44.8500
3.9800	279.7000	44.8500
2.3700	279.2833	44.8500
1.6200	278.1267	44.8500
1.2200	281.0167	44.8500
0.9900	284.1500	44.8500
0.8500	285.0933	44.8500
0.7400	284.2333	44.8500
0.6800	281.6633	44.8500
0.6200	280.4967	44.8500
0.5900	278.9267	44.8500
0.5700	278.9400	44.8500
0.5600	280.4300	44.8500
0.5500	281.2533	44.8500
0.5500	280.2833	44.8500
0.5500	278.9533	44.8600
0.5500	277.3800	44.9500
0.5600	277.6400	44.9500
0.5600	278.1500	44.9500
0.5700	279.6800	44.9500
0.9600	280.3233	44.9500
1.0600	280.3100	44.9500
0.9900	278.4700	44.9500
0.9300	277.7600	44.9500
0.8600	277.8667	44.9500
6.8600	276.8200	44.9500
19.2500	276.1633	44.9500
13.7100	277.3800	44.9500
20.7500	277.4167	44.9500
197.5300	279.2633	44.9500
236.4800	277.1833	44.9500
193.8900	276.1767	44.9500
113.7600	274.8733	44.9500
49.4500	274.1867	44.9500
143.2300	276.0700	44.9500
258.1600	276.1000	44.9500
315.6900	276.2433	44.9500
310.5000	278.1100	44.9500
266.1500	275.4267	44.9500
224.8000	274.7000	44.9500
194.9800	273.7267	44.9500
181.6400	274.0833	44.9500
283.8700	276.5633	44.9500
812.4300	279.0100	44.9500
1064.6400	275.2633	44.9500
1144.1400	274.6800	44.9500
1066.1800	275.1333	44.9400
776.6300	274.5800	44.7300
574.5600	275.4533	44.7300
474.8500	276.9333	44.7300
413.8500	279.5567	44.7300
370.5000	278.9167	44.7300
305.0500	279.2033	44.7300
259.4100	278.2367	44.7300
217.4200	278.2600	44.7300
183.8700	278.4133	44.7300
163.0100	276.3000	44.7300
192.7500	276.1167	44.7300
227.4400	277.5233	44.7300
383.6500	278.9133	44.7300
314.1600	279.1633	44.7300
277.6400	276.4100	44.7300
242.8800	277.5233	44.7300
236.7700	280.2400	44.7300
226.9200	281.3900	44.7300
207.6600	280.3467	44.7300
191.5600	279.3367	44.7300
184.8600	277.7433	44.7300
195.1300	277.3300	44.7300
268.9400	278.5800	44.7300
171.5600	277.9767	44.7300
189.5400	278.2700	44.7300
159.5000	280.1433	44.7300
148.6300	278.5200	44.7300
166.0500	276.1767	44.7300
128.2400	276.0767	44.7300
117.7100	277.3200	44.7300
117.1300	280.7933	44.7300
107.2600	281.2133	44.7100
96.1800	275.5800	44.7100
85.5700	274.5767	44.7100
78.0100	275.0600	44.7100
71.8100	274.7300	44.7100
66.4000	274.5267	44.7100
61.5400	274.0067	44.7100
57.2000	274.0400	44.7100
53.3600	274.4767	44.7100
51.0000	275.5767	44.7100
50.4100	276.6900	44.7100
48.9700	277.4733	44.7100
58.0300	279.0667	44.7100
69.6700	278.1500	44.7100
54.7600	279.1433	44.7100
174.9900	276.7000	44.7100
97.2400	274.8600	44.7100
51.9100	275.1867	44.7100
47.7400	275.2300	44.7100
49.4100	274.2333	44.7100
42.5400	274.9367	44.7100
47.8900	276.3067	44.7100
43.9100	276.2800	44.7100
46.6400	277.8300	44.7100
47.4300	276.9767	44.7100
45.3800	275.8767	44.7100
40.4300	275.1633	44.7100
34.0700	275.2367	44.7200
32.4200	275.5267	44.7500
31.3600	275.8400	44.7500
30.4600	276.0933	44.7500
29.5800	275.3633	44.7500
28.2300	276.1167	44.7500
27.0900	276.8633	44.7500
26.0700	277.1033	44.7500
25.1100	277.4500	44.7500
24.2600	278.1533	44.7500
35.2200	277.9633	44.7500
33.1700	278.9700	44.7500
25.2900	279.9700	44.7500
20.7000	281.1533	44.7500
71.8200	278.1700	44.7500
207.8300	277.4633	44.7500
117.3800	276.3533	44.7500
54.1200	275.4067	44.7500
41.3900	275.5900	44.7500
32.2400	276.2200	44.7500
35.7200	276.2767	44.7500
34.9800	277.1667	44.7500
31.2700	278.3833	44.7500
48.2900	277.3267	44.7500
42.0500	277.6733	44.7500
33.7100	278.9767	44.7500
72.4500	278.6733	44.7500
66.0300	276.5967	44.7500
39.6000	277.0967	44.7500
35.0100	279.3200	44.7500
34.9200	282.5133	44.7500
35.3900	284.5733	44.7500
36.1200	281.6000	44.9800
36.3900	277.2767	44.9800
38.2300	274.6133	44.9800
47.2400	274.1967	44.9800
52.3400	274.2600	44.9800
48.0800	275.3100	44.9800
45.0100	275.8133	44.9800
67.1200	279.3400	44.9800
48.0500	281.8800	44.9800
37.2500	282.6333	44.9800
43.1300	280.8700	44.9800
59.1100	279.2167	44.9800
165.8100	276.4267	44.9800
141.0100	275.6967	44.9800
90.1800	275.6900	44.9800
79.4000	276.6133	44.9800
110.2900	276.8667	44.9800
79.7600	276.9467	44.9800
75.3300	277.2900	44.9800
76.8600	280.3733	44.9800
85.6700	280.3767	44.9800
126.3200	277.6667	44.9800
87.4800	278.3667	44.9800
183.1200	277.1700	44.9800
141.6000	275.4533	44.9800
129.9500	274.6700	44.9800
126.6400	275.6900	44.9800
183.3300	276.5767	44.9800
248.2700	276.0033	44.9800
257.4700	276.5333	45.3100
237.2800	277.9800	60.6900
246.7900	281.4600	60.6900
251.2500	280.5333	60.6900
250.9000	278.8500	60.6900
227.3500	277.5100	60.6900
209.1200	278.7867	187.5600
197.7700	279.9167	205.1200
181.0300	278.4500	188.2800
167.7500	276.2000	175.2300
150.4500	278.3000	157.4700
139.7200	280.4533	146.3600
128.5700	281.9233	135.4800
117.1500	283.8167	123.6300
107.4900	286.3433	113.3200
99.3500	285.8400	104.8500
92.0900	281.7967	97.3400
85.3100	279.3767	90.2400
79.3000	277.8800	83.9600
73.8800	279.4700	78.3500
68.9700	283.1600	73.2200
64.4400	286.2167	68.4700
60.2400	288.6000	64.0400
56.3300	289.5533	60.7800
52.8500	290.5700	60.6900
49.5600	287.5567	60.6900
47.7000	285.9533	60.6900
45.1100	287.4933	60.6900
41.3200	291.7533	60.6900
38.5800	292.9200	60.6900
36.2100	290.9400	60.6900
34.0500	288.9667	60.7000
32.0100	287.8300	60.7900
29.7800	288.9000	60.7900
27.3500	290.5167	60.7900
25.1700	291.7800	60.7900
23.0000	292.0633	60.7900
20.9900	292.4700	60.7900
19.3700	293.1400	60.7900
17.9700	292.7800	60.7900
16.5600	291.8833	60.7900
15.2700	290.5200	60.7900
14.1300	289.2000	60.7900
13.1300	288.2033	60.7900
12.3100	287.0033	60.7900
11.7100	286.9667	60.7900
10.9400	288.0467	60.7900
10.2500	290.5000	60.7900
9.6600	293.0400	60.7900
9.1500	292.9133	60.7900
8.8100	290.0033	60.7900
8.5100	287.8267	60.7900
8.0400	286.8300	60.7900
7.5900	285.9233	60.7900
7.1800	285.4000	60.7900
6.8200	285.4300	60.7900
6.5100	288.2633	60.7900
6.2200	291.8133	60.7900
5.9500	294.3567	60.7900
5.7100	295.4433	60.7900
5.4800	295.5867	60.7900
5.2600	292.0867	60.8200
5.0500	291.2233	62.3400
4.8400	290.4367	62.3400
4.6600	291.1700	62.3400
4.4900	291.3533	62.3400
4.3100	292.3700	62.3400
4.1600	292.8500	62.3400
4.0000	293.6033	62.3400
3.8600	291.4100	62.3400
3.7300	292.4700	62.3400
3.6000	293.9967	62.3400
3.4700	294.0933	62.3300
3.3500	294.2867	62.3300
3.2400	292.9567	62.3300
3.1300	293.0300	62.3300
3.0400	294.5200	62.3300
2.9300	294.3533	62.3400
2.8400	295.2033	62.3400
2.7600	297.3000	62.3400
2.6700	297.7900	62.3300
2.5800	298.0000	62.3300
2.5300	298.4767	62.3300
2.4700	299.9767	62.3300
2.3900	300.6300	62.3300
2.4400	300.5633	62.3400
3.4500	296.9267	62.3400
4.5000	295.8200	62.3400
4.4600	296.2300	62.3400
3.5200	297.8300	62.3400
2.7700	298.9500	62.3400
2.3200	300.6433	62.3400
2.0600	300.4033	62.3400
1.9000	297.2300	62.6100
3.5800	293.9900	62.6100
42.1100	289.7367	62.6100
33.8900	291.6133	62.6100
22.8700	290.9267	62.6100
10.2800	290.2500	62.6100
5.3800	289.8967	62.6100
3.3900	290.2800	62.6100
2.4700	290.9633	62.6100
2.0400	292.1733	62.6100
1.7900	290.3933	62.6100
1.6000	289.7733	62.6100
1.4700	291.2367	62.6100
1.3700	293.3633	62.6100
1.2900	292.4767	62.6100
1.2400	292.5700	62.6100
1.3600	294.2700	62.6100
1.6000	296.9433	62.6100
1.6400	297.9067	62.6100
1.5000	296.3800	62.6100
1.3400	296.8433	62.6100
1.2100	293.7500	62.6100
1.1500	290.8633	62.6100
1.1600	293.2400	62.6100
1.2300	295.6567	62.6100
1.2500	295.7000	62.6100
1.1900	294.2200	62.6100
1.1100	294.6167	62.6100
1.0600	293.2167	62.6100
1.0100	295.5700	62.6100
0.9800	296.9200	62.6000
0.9600	296.9167	61.9600
0.9400	297.9333	61.9600
0.9000	298.0433	61.9600
0.9200	297.3600	61.9600
1.0600	296.1333	61.9600
1.6300	294.3000	61.9600
1.8000	291.8367	61.9600
1.6000	286.3067	61.9600
1.4000	286.7867	61.9600
1.9300	286.0533	61.9600
2.2900	290.0733	61.9600
2.5600	292.4233	61.9600
2.2000	292.2133	61.9600
1.6900	291.6467	61.9600
1.3200	292.5733	61.9600
1.0600	289.3367	61.9600
0.9000	284.7200	61.9600
0.8000	287.9267	61.9600
0.7100	291.2133	61.9600
0.6700	292.3967	61.9600
0.6400	294.7000	61.9600
0.6700	295.6933	61.9600
0.7200	296.5700	61.9600
0.7300	297.0800	61.9600
0.7100	296.6400	61.9600
0.6600	295.9667	61.9600
0.6200	296.4300	61.9500
0.6000	296.0333	61.9500
0.6300	293.3167	61.9500
0.6900	289.9733	61.9200
0.7000	290.8800	60.3600
0.6800	289.4967	60.3600
0.6500	291.1800	60.3600
0.6300	291.8267	60.3600
0.6700	289.7867	60.3600
0.7600	290.4133	60.3600
0.8100	289.6800	60.3600
0.7900	288.5167	60.3600
0.7400	285.3733	60.3600
0.6900	281.4200	60.3600
0.6500	282.8133	60.3600
0.6800	284.9267	60.3600
0.7700	283.5767	60.3600
0.8000	286.3800	60.3600
0.7800	285.3633	60.3600
0.7300	285.1700	60.3600
0.6700	286.8133	60.3600
0.6300	289.2933	60.3600
0.5900	287.8567	60.3600
0.5700	288.9033	60.3600
0.5500	290.3833	60.3600
0.5300	290.1733	60.3600
0.5200	284.1733	60.3600
0.5100	286.2867	60.3600
0.5000	290.1933	60.3600
0.4900	291.2000	60.3600
0.4800	291.7733	60.3600
0.4700	292.5833	60.3600
0.4700	288.7433	60.3600
0.4700	277.8033	60.3600
0.4600	277.3633	60.3500
0.4700	276.2067	59.4300
0.4700	276.8433	59.4300
1.3100	275.3133	59.4300
4.0600	275.8033	59.4300
5.1800	275.8333	59.4300
5.5900	276.2167	59.4300
7.3300	277.3567	59.4300
28.5500	277.3433	59.4300
129.5000	277.3000	59.4300
98.9400	277.2600	59.4300
28.1000	277.4667	59.4300
10.8300	278.8967	59.4300
5.2300	278.3067	59.4300
2.9700	278.5800	59.4300
12.5300	276.4767	59.4300
24.5000	276.0567	59.4300
21.2800	277.3500	59.4300
15.2100	277.5933	59.4300
7.4000	279.2467	59.4300
4.1400	279.1400	59.4300
2.7400	276.3433	59.4300
1.9500	274.6933	59.4300
1.4700	274.3233	59.4300
1.1500	274.9200	59.4300
0.9400	274.5633	59.4300
0.8400	275.5233	59.4300
1.1500	275.4533	59.4300
1.0600	277.0367	59.4300
1.4100	275.7500	59.4300
31.4100	275.9400	59.4400
44.7600	276.3267	59.5600
56.1900	276.8433	59.5600
30.1600	277.5567	59.5600
14.2200	277.7067	59.5600
15.1000	275.9467	59.5600
69.7300	276.6567	59.5600
126.0300	276.0533	59.5600
29.2200	274.7100	59.5600
11.3400	275.0600	59.5600
18.4600	275.1233	59.5600
22.8700	274.8567	59.5600
14.6300	274.7867	59.5600
36.7800	275.2267	59.5600
111.5900	276.3067	59.5600
70.9600	274.8467	59.5600
33.1000	274.5200	59.5600
35.9500	275.0800	59.5600
40.3300	276.3500	59.5600
44.9100	277.5733	59.5600
89.4000	276.2667	59.5600
79.0500	276.2600	59.5600
62.7200	275.9800	59.5600
60.4000	275.8333	59.5600
191.7200	276.1000	59.5600
163.5600	274.7167	59.5600
115.2500	273.6333	59.5600
126.2200	273.3033	59.5600
131.3200	273.4133	59.5600
164.8100	273.9400	59.5600
229.2000	274.5800	59.5600
162.8400	274.6400	59.5500
190.8500	274.6567	59.2700
210.6400	274.0533	59.2700
167.0100	273.3167	59.2700
154.5700	273.2700	59.2700
145.6500	273.4800	59.2700
136.9900	274.0933	59.2700
135.8800	274.3400	59.2700
143.6800	274.7267	59.2700
188.3600	276.4067	59.2700
212.7000	276.1733	59.2700
152.3100	277.3833	59.2700
147.8100	278.2667	59.2700
161.9300	278.2800	59.2700
159.7200	277.4167	59.2700
161.2500	275.8067	59.2700
146.2500	275.8933	59.2700
137.9600	275.8200	59.2700
130.4900	276.0600	59.2700
122.5800	275.7900	59.2700
114.4100	275.1533	59.2700
105.1600	274.6600	59.2700
97.3000	275.1300	59.2700
91.4500	276.3800	59.2700
97.5900	275.8800	59.2700
92.0000	274.4800	59.2700
77.7300	273.9433	59.2700
87.4600	274.2700	59.2700
106.4600	274.3633	59.2700
79.6300	275.2900	59.2700
83.4900	276.1733	59.2700
78.7800	274.1800	59.2700
66.7300	274.1133	59.2500
67.1400	274.1000	59.2500
105.9300	274.2200	59.2500
79.9200	274.2033	59.2500
67.0400	274.5933	59.2500
61.9300	275.9400	59.2500
80.6400	274.7100	59.2500
66.9800	274.1600	59.2500
60.0500	274.1233	59.2500
56.8300	274.4533	59.2500
54.5200	275.2967	59.2500
53.2900	276.0000	59.2500
52.1200	275.5867	59.2500
58.0100	275.4500	59.2500
62.4400	275.3500	59.2500
135.3000	276.6167	59.2500
430.8500	279.2667	59.2500
505.8100	277.5067	59.2500
446.8300	275.7800	59.2500
597.2300	275.2333	59.2500
524.1800	275.3133	59.2500
440.2600	275.3900	59.2500
398.7100	275.3700	59.2500
358.5200	275.5533	59.2500
374.4000	275.4967	59.2500
484.2600	275.2667	59.2500
372.2500	274.6267	59.2500
316.2700	274.4300	59.2500
321.6300	275.6200	59.2900
308.7500	275.3133	59.2900
259.5700	276.0100	59.2900
240.2800	276.1433	59.2900
216.0000	275.8700	59.2900
205.8200	277.0733	59.2900
199.1900	278.4900	59.2900
177.1000	280.7800	59.2900
176.3200	284.0867	59.2900
161.4800	283.2733	143.5200
139.7600	281.8567	150.5200
132.1000	282.2267	141.5800
128.9800	282.1033	137.7100
124.6500	282.6067	132.7900
118.9400	281.8167	126.6500
115.1800	282.2133	122.2800
107.1400	283.2333	113.7600
102.8700	284.2467	108.8300
103.1300	281.9233	108.7100
96.5800	281.3900	101.6200
96.7300	283.0267	101.5000
96.7100	284.5967	100.8100
99.5300	283.8033	103.5600
98.4800	281.2333	102.5200
91.0000	277.9600	94.9600
151.2000	275.6633	162.4000
110.0100	275.4100	118.3800
99.9900	278.8633	105.0500
89.1600	282.7067	92.2200
92.4200	282.9333	95.1000
95.9300	278.0967	100.1600
88.8400	277.1100	92.2400
82.6900	277.0133	85.1800
83.3400	280.1600	85.9500
68.9100	282.6600	72.1500
61.6800	282.1967	64.3300
56.7500	281.4033	60.0200
51.6200	281.4667	59.6000
44.8800	282.1533	59.6000
39.6300	283.6433	59.6000
35.7500	284.4667	59.6000
32.4000	284.9400	59.6000
29.4300	284.7067	59.6000
26.8500	282.4000	59.6000
24.8300	278.9600	59.6000
31.4100	276.9200	59.6000
35.1900	276.4633	59.6000
39.3100	276.8833	59.6000
34.6300	276.6333	59.6000
37.7600	275.9633	59.6000
78.5000	275.9533	59.6000
57.9100	276.8567	59.6000
41.3500	277.4533	59.6000
24.7700	280.8700	59.6000
18.2000	282.5467	59.6000
16.9000	285.2033	59.6000
16.2900	287.4567	59.6000
15.5500	289.1533	59.6000
14.9000	286.6633	59.6000
14.3600	282.7833	59.6000
13.8900	284.4100	59.6400
13.4500	286.6500	61.4600
13.0200	288.3333	61.4600
12.5500	289.7600	61.4600
12.0000	288.7933	61.4600
11.4700	286.8200	61.4600
10.9800	285.0400	61.4600
10.5400	284.4600	61.4600
12.2400	283.4800	61.4600
11.8400	282.4767	61.4600
12.5800	281.8667	61.4600
15.7300	279.4533	61.4600
12.4600	279.7733	61.4600
9.6800	282.8000	61.4600
8.3300	284.7367	61.4600
7.6300	286.0500	61.4600
7.2200	284.5133	61.4600
6.9300	284.5633	61.4600
8.0000	282.5700	61.4600
11.7000	281.5733	61.4600
11.4500	284.0467	61.4600
13.2600	284.9133	61.4600
12.4200	284.1867	61.4600
9.6100	282.9867	61.4600
7.6600	283.3300	61.4600
6.4600	285.7033	61.4600
5.8100	287.5400	61.4600
5.4400	288.2367	61.4600
5.5200	285.3000	61.4600
5.9600	283.1167	61.4600
6.9800	284.9033	61.4600
8.0000	286.7600	61.4600
7.1000	288.2600	61.5500
5.8600	289.2467	61.5500
5.0700	291.2900	61.5500
4.6400	291.5733	61.5500
4.4200	290.9767	61.5500
4.3200	288.5067	61.5500
4.2000	286.5567	61.5500
4.2100	283.3100	61.5500
4.3200	283.9367	61.5500
4.1900	284.3733	61.5500
3.9900	285.8100	61.5500
3.8100	286.5800	61.5500
3.6500	287.9433	61.5500
3.5400	288.9567	61.5500
3.4300	290.3267	61.5500
3.3300	291.5267	61.5500
3.2500	292.4267	61.5500
3.1700	293.5267	61.5500
3.1500	292.8833	61.5500
3.1000	292.2967	61.5500
3.0200	292.3833	61.5500
2.9400	293.6700	61.5500
2.8500	294.1867	61.5500
2.7800	293.6600	61.5500
2.7100	292.9633	61.5500
2.6500	291.8700	61.5500
2.5900	291.4867	61.5500
2.5200	293.8133	61.5500
4.5800	294.9333	61.5500
5.7900	293.5967	61.5800
6.0600	292.6567	63.1200
5.4500	292.5333	63.1200
4.3300	293.3500	63.1200
3.4100	294.1933	63.1200
2.8200	294.9833	63.1200
2.4600	296.0967	63.1200
2.2600	295.8400	63.1200
2.1200	294.4000	63.1200
2.0200	293.7800	63.1200
1.9800	292.2833	63.1200
2.1600	292.2233	63.1200
2.2200	293.8833	63.1200
2.0900	294.8533	63.1200
1.9400	295.2800	63.1200
1.8200	293.6867	63.1200
1.7200	293.6233	63.1100
1.7000	295.3367	63.1100
1.9300	294.3300	63.1100
2.0200	293.1200	63.1100
1.9000	293.4867	63.1100
1.7900	295.1067	63.1100
1.6700	296.6467	63.1100
1.5700	297.5567	63.1100
1.5500	298.8467	63.1100
1.6100	298.4033	63.1200
1.6800	298.2333	63.1200
2.1400	298.6367	63.1200
2.1500	298.1500	63.1200
1.8500	297.8333	63.1200
1.5800	295.0833	63.1200
1.4200	295.3367	63.1300
1.4500	294.4233	63.4000
1.4700	291.7967	63.4000
1.7900	291.6733	63.4000
2.9500	292.7167	63.4000
3.1500	291.8867	63.4000
2.5400	292.0833	63.4000
1.9500	292.8667	63.4000
1.5600	295.5667	63.4000
1.3300	297.9267	63.4000
1.1800	297.0367	63.4000
1.0700	299.0833	63.4000
0.9900	299.9600	63.4000
0.9200	299.5067	63.4000
0.8700	298.0600	63.4000
0.8300	295.7633	63.3900
0.8000	294.9533	63.3800
0.7800	295.4700	63.3800
0.7500	296.3767	63.3800
0.7300	298.6633	63.3800
0.7100	298.2867	63.3800
1.2000	296.9333	63.3800
1.6100	293.8167	63.3800
1.6000	288.9067	63.4000
1.4500	289.5667	63.4000
1.3200	290.1067	63.4000
1.2600	287.5300	63.4000
1.1700	290.4300	63.4000
1.0900	293.7200	63.4000
1.3100	296.0833	63.4000
1.4300	297.4200	63.4000
1.2900	297.5667	63.3900
1.1100	295.4667	62.7400
0.9400	290.9600	62.7400
0.8200	287.4400	62.7400
0.7400	289.9333	62.7400
0.6700	293.3267	62.7400
0.6300	295.3833	62.7400
0.6000	295.7367	62.7400
0.5800	295.9133	62.7300
0.5600	294.3400	62.7300
0.5500	293.9733	62.7300
0.5400	295.2267	62.7300
0.5300	293.6200	62.7300
0.5300	288.0267	62.7300
0.5200	287.2133	62.7300
0.5200	289.9567	62.7300
0.5100	290.3100	62.7300
0.5000	290.3067	62.7300
0.5300	283.9000	62.7300
0.6100	281.4667	62.7300
0.8500	280.4333	62.7400
1.1000	283.9700	62.7400
1.1000	289.3500	62.7400
0.9900	291.4400	62.7400
0.8600	292.1867	62.7400
0.7600	292.8300	62.7400
0.6700	291.1633	62.7400
0.6200	291.6800	62.7400
0.5800	292.0700	62.7400
0.5500	291.0067	62.7400
0.5200	289.6267	62.7000
0.5100	288.4600	61.1200
0.5200	289.8767	61.1200
0.7000	291.0600	61.1200
0.8700	292.0867	61.1200
0.8800	290.9567	61.1200
0.8200	289.6867	61.1200
0.7400	288.5700	61.1200
0.6700	288.9867	61.1200
0.8500	284.5367	61.1200
1.2200	283.1567	61.1200
1.4800	285.6533	61.1200
1.4800	288.4600	61.1200
1.2800	291.6867	61.1200
1.0700	291.6667	61.1200
0.8900	291.8100	61.1200
0.7600	290.4900	61.1200
0.7100	284.5267	61.1200
12.1400	278.0500	61.1200
30.8800	277.1700	61.1200
110.5300	276.8667	61.1200
40.8400	276.6900	61.1200
13.8100	278.2900	61.1200
13.1200	279.0533	61.1200
33.2200	278.2133	61.1200
17.3700	277.2767	61.1200
21.0600	276.6833	61.1200
28.8300	275.6200	61.1200
15.3400	277.0233	61.1200
9.3800	277.4233	61.1200
6.3100	279.2133	61.1200
3.9700	278.0467	61.1000
2.5100	277.6200	60.1800
1.7100	280.0233	60.1800
2.3500	279.6900	60.1800
4.6600	276.7667	60.1800
4.5100	278.6667	60.1800
3.2700	280.7800	60.1800
2.2700	282.3800	60.1800
1.6100	283.6233	60.1800
1.2000	279.6267	60.1800
2.2900	280.4100	60.1800
11.2300	278.6967	60.1800
11.6700	278.0867	60.1800
7.2000	280.0933	60.1800
4.9000	279.8133	60.1800
3.4100	280.4400	60.1800
2.5300	280.1767	60.1800
2.2200	280.3633	60.1800
1.8900	280.0233	60.1800
1.5300	277.8033	60.1800
1.2200	276.7800	60.1800
1.0000	276.0367	60.1800
0.8400	276.8000	60.1800
0.7300	277.9067	60.1800
0.6500	279.2100	60.1800
0.6400	278.9467	60.1800
6.1400	275.6633	60.1800
15.9000	275.9267	60.1800
12.8100	274.3333	60.1800
7.1200	274.1400	60.1800
5.5800	274.3733	60.1800
4.4800	274.4700	60.3100
3.2300	274.3300	60.3100
2.4700	274.4667	60.3100
2.3000	274.7167	60.3100
2.8600	274.6267	60.3100
2.4900	274.8933	60.3100
54.6000	275.2900	60.3100
120.0800	276.7300	60.3100
255.1100	278.7267	60.3100
100.4300	279.9400	60.3100
42.2000	280.4733	60.3100
23.9000	280.6667	60.3100
18.6300	280.1200	60.3100
18.5700	279.5767	60.3100
12.1500	278.1200	60.3100
9.6600	278.5800	60.3100
7.6500	278.3567	60.3100
5.2700	279.8367	60.3100
5.3000	280.1533	60.3100
5.8400	279.0900	60.3100
6.4200	277.0800	60.3100
6.9400	276.5533	60.3100
7.3700	275.8233	60.3100
7.7700	275.9467	60.3100
8.1700	276.3033	60.3100
8.9800	275.3000	60.3100
62.0800	275.6433	60.3100
137.7100	276.4267	60.3100
94.6200	275.6967	60.3100
65.0100	274.6900	60.3100
62.7200	273.8833	60.3000
78.5400	273.7567	60.0200
83.6200	273.2967	60.0200
85.8900	273.5633	60.0200
87.3200	274.0033	60.0200
82.6700	274.0300	60.0200
78.9200	273.8333	60.0200
77.2100	273.9267	60.0200
88.3900	273.6433	60.0200
76.2600	273.4800	60.0200
73.9400	273.8633	60.0200
78.6800	274.3500	60.0200
76.3100	274.1233	60.0200
66.3000	274.2567	60.0200
60.9500	274.7600	60.0200
60.7200	276.1867	60.0200
69.9900	276.5733	60.0200
74.7700	277.1233	60.0200
74.1900	279.0733	60.0200
78.7600	279.9267	60.0200
74.4300	280.3933	60.0200
73.1400	279.1167	60.0200
67.4600	277.9800	60.0200
61.5200	278.1867	60.0200
61.3600	277.8933	60.0200
63.5700	278.1800	60.0200
97.4200	276.7900	60.0200
156.6500	275.7533	60.0200
121.2000	275.3033	60.0200
116.2400	274.6000	60.0200
88.1300	274.4967	60.0200
88.0800	275.9500	60.0200
92.9400	276.5833	59.9900
95.8800	276.7433	59.9900
97.6200	277.8000	59.9900
97.3200	279.6467	59.9900
93.3600	277.3233	59.9900
84.2500	275.5100	59.9900
77.7900	274.9167	59.9900
74.6500	274.8500	59.9900
71.8600	274.8667	59.9900
72.1800	275.5600	59.9900
76.0200	275.9500	59.9900
77.1800	276.4067	59.9900
81.3400	276.5100	59.9900
133.1600	276.4500	59.9900
90.1300	276.2400	59.9900
77.6100	277.3367	59.9900
76.8400	277.4067	59.9900
79.7700	278.2133	59.9900
87.4000	277.8633	59.9900
120.5100	277.3100	59.9900
125.1100	275.9633	59.9900
90.2100	278.2367	59.9900
80.5800	278.5900	59.9900
80.4400	278.0267	59.9900
80.3900	277.5800	59.9900
83.8300	277.5700	59.9900
90.5700	277.2767	59.9900
184.9400	275.9567	60.0000
130.6800	275.8533	60.0400
131.2700	275.6400	60.0400
115.1300	276.1067	60.0400
100.8700	276.8900	60.0400
98.3000	277.2667	60.0400
101.0500	279.5833	60.0400
99.8300	281.5933	60.0400
101.7500	282.5633	60.0400
100.6200	283.5267	60.0400
91.7200	283.3733	60.0400
90.0700	283.4400	60.0400
86.3700	284.6433	60.0400
82.1100	284.4867	60.0400
77.6900	280.2333	60.0400
73.4800	278.7567	60.0400
69.5700	280.2233	60.0400
66.3900	279.5800	60.0400
62.6800	278.5400	60.0400
73.5100	278.0867	60.0400
135.2300	276.5300	60.0400
115.9800	275.6367	60.0400
165.1800	275.9500	60.0400
160.5200	276.1900	60.0400
102.1100	275.5800	60.0400
86.5600	275.2300	60.0400
87.6500	277.4500	60.0400
91.3700	278.6100	60.0400
223.1000	277.3667	60.0400
143.6300	276.0800	60.0400
118.1800	274.9967	60.0400
105.4800	276.6633	60.0500
101.8000	279.2467	60.3500
99.2000	279.5667	60.3500
101.1500	278.7333	60.3500
134.6900	275.4167	60.3500
104.5200	276.3933	60.3500
92.4500	278.9367	60.3500
106.3500	280.8467	60.3500
120.3600	276.3467	60.3500
137.4800	275.4100	60.3500
113.8400	276.6067	60.3500
105.6900	279.4133	60.3500
91.6300	278.3900	60.3500
86.6300	275.8167	60.3500
85.8800	275.0733	60.3500
82.4600	276.9600	60.3500
81.8200	280.5200	60.3500
89.4700	281.0533	60.3500
78.3500	277.9100	60.3500
72.1300	276.8767	60.3500
68.6900	278.2900	60.3500
65.7900	280.7733	60.3500
62.9100	282.4067	60.3500
77.5400	283.2233	60.3500
99.5300	278.9933	60.3500
79.2700	278.2467	60.3500
63.6800	281.4567	60.3500
54.6700	283.7800	60.3500
61.0700	282.8033	60.3500
60.8800	280.8067	60.3500
61.7800	282.2400	60.0200
60.5600	282.3100	44.3200
55.1400	282.3733	44.3200
49.9000	283.6433	44.3200
49.1600	284.2467	44.3200
94.8200	281.8467	44.3200
114.5300	280.0900	44.3200
67.2300	279.2833	44.3200
111.0700	279.9000	44.3200
212.2600	277.9300	44.3200
114.4300	277.3733	44.3200
74.7800	278.1500	44.3200
71.5600	282.4700	44.3200
72.8200	285.2667	44.3200
75.3100	286.0933	44.3200
76.7500	287.0933	44.3200
77.3600	282.3133	44.3200
73.4700	279.3933	44.3200
179.4600	277.9933	44.3200
233.0800	278.2700	44.3200
106.9100	281.1100	44.3200
94.0800	281.7233	44.3200
91.9700	284.0867	44.3200
90.2300	284.0000	44.3200
87.8700	284.3133	44.3200
85.8900	286.8100	44.3200
83.4700	289.9067	44.3200
80.6400	291.7033	44.3200
81.1200	290.9933	44.3200
89.3900	285.2633	44.3200
79.9100	284.5000	44.3200
70.2800	288.0733	44.3200
65.6000	286.5200	44.3900
61.9900	283.4567	44.3900
59.0200	283.6233	44.3900
56.3000	284.7067	44.3900
53.6500	283.3167	44.3900
51.1300	279.3833	44.3900
49.8100	278.0533	44.3900
47.7900	279.9667	44.3900
65.3600	281.5767	44.3900
54.6900	284.4233	44.3900
45.4200	284.9300	44.3900
41.7600	284.1833	44.3900
38.2000	285.9433	44.3900
35.4300	288.1200	44.3900
33.6200	286.9900	44.3900
32.8000	286.5633	44.3900
68.2300	279.1533	44.3900
151.9100	278.3800	44.3900
161.7800	279.9333	44.3900
65.0300	283.3733	44.3900
40.5300	286.5300	44.3900
38.8700	286.8267	44.3900
39.7300	287.8567	44.3900
40.1500	289.4500	44.3900
40.6800	289.8367	44.3900
46.8900	288.6967	44.3900
43.3700	288.8400	44.3900
38.5200	288.5733	44.3900
36.4500	289.1667	44.3900
35.0300	291.3433	44.4100
33.7100	293.1733	45.5200
32.3700	292.5867	45.5200
31.0200	290.7700	45.5200
29.7100	290.8667	45.5200
28.4200	291.1833	45.5200
27.1500	290.8467	45.5200
25.8100	291.5600	45.5200
24.4400	291.3733	45.5200
23.0200	290.2500	45.5200
21.7600	288.9667	45.5200
20.9100	289.4133	45.5200
19.4400	291.9433	45.5200
18.0200	293.7867	45.5200
16.8100	293.9667	45.5200
15.7100	295.7700	45.5200
14.7400	296.5767	45.5200
13.8900	296.8700	45.5200
13.1300	297.6167	45.5100
12.4400	298.2100	45.5100
11.8200	296.9967	45.5100
11.2500	296.8733	45.5100
10.7400	295.4200	45.5100
10.2600	294.0467	45.5100
9.7900	294.5200	45.5100
9.3500	293.0800	45.5100
8.9300	293.4367	45.5100
8.5500	295.1767	45.5100
8.2000	295.6000	45.5100
7.8600	295.8667	45.5100
7.6600	295.4200	45.5200
7.9400	295.5967	45.5200
7.6400	294.5700	45.7200
7.0600	293.0367	45.7200
6.6100	293.8600	45.7200
6.2900	295.3033	45.7200
6.0100	296.4600	45.7200
5.7800	297.0733	45.7200
5.5600	297.1567	45.7200
5.3500	296.6133	45.7200
5.1600	295.6900	45.7200
4.9600	294.7000	45.7200
4.7800	293.8667	45.7100
4.6200	293.7933	45.7100
4.4500	292.8000	45.7100
4.2900	293.6867	45.7100
4.1400	294.7600	45.7100
4.0100	293.6233	45.7100
3.8800	293.6800	45.7100
3.7600	293.4167	45.7100
3.6400	293.3833	45.7000
3.5300	293.7200	45.7000
3.4200	294.2967	45.7000
3.3100	294.9600	45.7000
3.2100	294.5800	45.7000
3.1000	295.1400	45.7000
3.0000	294.0900	45.7000
2.9100	294.1767	45.7000
2.8200	294.5833	45.7000
2.7500	295.5100	45.7000
2.6600	292.8833	45.7000
2.5700	289.1233	45.7000
2.4900	291.3500	45.6900
2.4100	292.5200	45.2400
2.3400	293.5433	45.2400
2.2700	292.9667	45.2400
2.2000	291.5267	45.2400
2.1500	290.4767	45.2400
2.1400	290.9633	45.2400
2.1300	291.9200	45.2400
2.0600	292.1200	45.2400
1.9800	290.7500	45.2400
1.9000	284.3667	45.2400
1.8400	282.7000	45.2400
1.7900	284.6667	45.2400
1.7700	286.3533	45.2400
1.7100	287.8733	45.2400
1.6600	289.1433	45.2400
1.6100	288.0967	45.2400
1.5600	283.8233	45.2400
1.6000	284.8133	45.2400
1.6000	288.3200	45.2400
1.5800	291.7800	45.2400
1.5500	292.1133	45.2400
1.4700	291.2000	45.2400
1.4000	288.6033	45.2400
1.3700	283.1567	45.2400
1.3900	284.0800	45.2400
1.3700	286.6000	45.2400
1.3100	287.4433	45.2400
1.2500	289.2067	45.2400
1.1900	291.3800	45.2400
1.1400	292.1800	45.2200
1.0900	290.1300	44.0800
1.0600	283.0667	44.0800
1.0900	279.9133	44.0800
1.2700	279.1467	44.0800
1.3500	282.4700	44.0800
1.3300	287.0167	44.0800
1.2400	287.2267	44.0800
1.1300	285.1300	44.0800
1.0500	283.1300	44.0800
0.9800	285.8067	44.0800
0.9200	287.8900	44.0800
0.8800	286.2767	44.0800
0.8400	288.6167	44.0800
0.8200	288.7400	44.0800
0.9100	283.4133	44.0800
1.4400	281.9700	44.0800
1.5500	287.7267	44.0800
1.5000	289.4333	44.0800
1.3400	285.7133	44.0800
1.1500	284.1367	44.0800
1.0300	285.4933	44.0800
0.9400	287.1267	44.0800
0.8700	287.0900	44.0800
0.8300	286.2200	44.0800
0.8000	285.4867	44.0800
1.0900	282.3300	44.0800
2.9600	278.8233	44.0800
8.0100	278.5200	44.0800
23.0500	278.3167	44.0800
13.7600	278.4300	44.0800
6.8100	280.7533	44.0700
3.8500	283.0900	43.4000
3.0300	281.6167	43.4000
6.1700	277.9433	43.4000
36.1400	276.0100	43.4000
27.9100	276.5367	43.4000
29.8600	278.3700	43.4000
75.9800	278.9733	43.4000
108.6200	277.6567	43.4000
32.3400	278.8267	43.4000
11.3300	281.0567	43.4000
5.3700	280.8000	43.4000
3.0900	277.9100	43.4000
2.1100	278.3133	43.4000
1.8300	281.3433	43.4000
1.5800	280.6800	43.4000
1.3800	280.4067	43.4000
1.2300	280.7000	43.4000
1.1300	281.3867	43.4000
1.0500	281.8867	43.4000
1.0000	282.1400	43.4000
0.9800	282.2467	43.4000
0.9800	281.0833	43.4000
0.9800	280.7900	43.4000
1.0700	281.5033	43.4000
5.1500	279.0700	43.4000
25.6200	275.1700	43.4000
14.5500	274.3233	43.4000
7.2600	274.5333	43.4000
19.5600	273.9967	43.4000
19.9900	274.0300	43.4000
63.7200	276.7633	43.4900
233.7900	276.1667	43.4900
41.1800	274.2800	43.4900
12.1400	274.0367	43.4900
6.2200	274.4600	43.4900
4.5800	274.7767	43.4900
4.5500	276.1700	43.4900
10.0000	275.0200	43.4900
13.1200	275.3100	43.4900
11.3600	276.6467	43.4900
10.6500	276.9633	43.4900
10.8800	276.5300	43.4900
10.9300	275.8300	43.4900
10.9300	275.2400	43.4900
11.2300	275.2967	43.4900
11.8900	274.9200	43.4900
12.6200	274.8200	43.4900
15.1600	274.6900	43.4900
105.1200	276.1533	43.4900
248.3200	279.0533	43.4900
234.4400	279.1467	43.4900
220.6000	279.7333	43.4900
347.7800	279.8500	43.4900
475.1000	281.1900	43.4900
418.2200	280.7367	43.4900
455.6400	277.4667	43.4900
435.4700	276.3367	43.4900
763.4800	278.9767	43.4900
934.3700	277.7433	43.4900
914.2200	277.2100	43.4900
1431.0000	278.5600	43.4900
1508.0400	277.3867	43.2800
1234.7900	275.9400	43.2800
852.3500	275.1633	43.2800
743.9300	275.6000	43.2800
571.3500	277.6833	43.2800
486.9500	279.0100	43.2800
409.6600	278.8967	43.2800
346.3900	275.1300	298.9800
281.6700	274.6533	307.3700
223.0800	275.9167	243.1500
267.6100	276.0133	287.2900
172.0900	275.3300	189.6100
139.6100	276.1800	150.6100
177.6800	276.4533	189.5400
159.4200	274.3800	174.8600
115.5600	273.8633	124.5400
110.7600	274.2700	119.7600
165.4400	274.7100	177.5500
119.5600	274.0433	132.2600
95.9100	273.9967	103.1000
110.5000	274.4000	118.9900
93.6600	274.2833	101.0400
81.7600	274.3900	87.8900
77.4400	276.1233	82.9900
76.5900	276.8367	81.7800
71.8200	275.5267	76.9800
68.4000	274.3167	74.2700
69.1200	274.4700	74.6800
101.0100	274.5500	110.7400
80.9500	275.5267	86.5800
113.3500	274.7533	123.9200
79.9400	275.1167	86.6900
126.3400	275.9500	140.5200
103.1200	277.1667	111.7300
113.7000	277.9833	115.3800
111.1500	274.7400	121.6900
76.2400	275.6700	81.6400
71.9400	277.1467	76.5600
76.0800	278.3067	80.4100
75.7900	278.8667	80.3300
73.7100	278.6400	78.0900
71.8200	278.8467	76.0200
67.3500	278.3667	71.5600
67.0300	278.3700	70.6600
64.8200	277.9033	68.3800
51.3400	274.5733	55.5100
44.3700	273.7200	47.6900
41.5600	273.5633	44.6500
40.0500	273.4400	43.2800
40.0400	273.3100	43.4100
39.1300	273.5733	43.2700
35.3800	274.0700	43.2700
33.4500	274.8833	43.2700
35.5700	276.3267	43.2700
40.0300	277.4867	43.2700
38.1300	277.6700	43.2700
37.4200	278.1533	43.2700
123.5800	276.9500	99.0000
231.1800	277.4800	247.5200
99.9100	275.0033	113.2100
51.2000	274.6200	55.3400
50.2800	273.9900	53.2600
53.5600	274.0033	56.7500
63.2800	274.7500	66.3200
187.5200	275.9067	204.1000
121.4100	275.0533	132.9100
78.9300	274.3967	83.3200
66.3400	274.4533	68.2600
68.3800	273.6533	69.9900
72.3900	273.4367	74.8500
73.4900	273.4633	76.0600
72.6000	273.5100	76.4400
80.5300	273.4933	84.0700
83.2800	273.6933	92.9900
81.2400	273.9300	86.8100
107.0100	274.2033	116.7200
85.3100	274.2333	89.5300
78.8700	274.3633	81.9400
85.0200	275.1067	87.7600
98.8900	274.3667	104.4700
83.2100	274.3933	88.2400
88.6300	275.8433	92.0100
148.7600	277.4833	152.0800
169.3800	276.3967	179.8000
105.5900	274.9767	114.9600
89.0900	276.6067	92.9900
131.4200	276.6033	135.6900
150.2100	275.4333	160.2300
112.6200	275.1267	120.3600
136.7400	275.6033	143.8700
157.1000	274.8967	170.0400
135.8900	275.2100	144.3200
180.9200	276.2600	193.0800
180.8700	276.2300	191.9200
168.3000	276.9100	175.1100
168.1300	276.4367	175.8600
167.7500	277.4767	174.4000
198.9300	277.9000	206.0400
209.4600	276.0933	222.5500
204.5800	276.2267	215.9000
209.1300	275.9100	219.9400
350.2600	277.0367	369.0200
358.6500	278.3067	378.9100
293.9800	280.5833	304.0100
309.7700	279.1333	321.5400
321.5800	275.0533	340.3600
285.9900	274.4467	300.6600
277.8300	275.6167	291.2200
269.7600	278.6567	282.4400
260.8700	282.0400	273.0600
253.7000	282.9867	264.9900
260.2000	280.9600	270.9100
237.3700	279.7833	248.1600
222.0200	281.2233	231.5900
196.3300	281.2433	206.6100
174.5300	282.2400	183.3700
158.2000	284.2100	166.2600
142.3600	286.3767	149.9000
129.8300	287.7067	136.7400
118.8000	286.7967	125.2300
104.4700	285.0867	110.6900
92.3400	283.5500	97.8300
83.6700	283.4833	88.7200
76.4900	284.5200	81.1500
70.2300	284.9067	74.5000
64.7000	284.9300	68.6600
59.7900	284.6800	63.6000
55.4000	283.8933	62.7000
51.3600	282.9533	62.7000
47.6900	284.4233	62.7000
44.4200	287.3533	62.7000
41.4400	286.9400	62.7000
38.7300	286.5200	62.7000
36.2500	287.6167	62.7000
33.8700	289.9433	62.7000
31.5200	291.5000	62.7000
29.1500	292.3733	62.7000
26.6700	293.3500	62.7000
24.4500	290.1767	62.7000
85.9900	282.6033	62.7000
74.2300	283.5333	62.7000
74.7300	282.5833	62.7000
76.1500	280.5767	62.7000
42.6900	281.2900	62.7000
28.0700	282.3167	62.7000
18.7400	281.7633	62.7000
15.8400	279.3767	62.7000
15.3100	279.0067	62.7000
15.5100	281.5700	62.7000
14.4700	283.4567	62.7000
13.5200	286.1933	62.7100
12.9600	287.5300	62.8000
13.5400	287.1500	62.8000
15.8000	287.1367	62.8000
16.4800	288.3867	62.8000
14.7700	288.8967	62.8000
12.5100	290.4233	62.8000
11.0600	290.1400	62.8000
10.2600	288.8300	62.8000
9.7600	287.9967	62.8000
9.3800	288.0867	62.8000
9.0800	288.7600	62.8000
8.8200	288.3033	62.8000
9.3600	286.5500	62.8000
14.5800	283.9167	62.8000
15.3400	283.9700	62.8000
11.7400	288.0433	62.8000
9.8800	290.1867	62.8000
8.4200	290.4667	62.8000
7.5900	288.8800	62.8000
7.1200	289.8067	62.8000
6.8200	290.5200	62.8000
6.5800	291.0433	62.8000
6.3800	293.4767	62.8000
6.3500	295.2967	62.8000
6.5000	297.3633	62.8000
6.3500	298.7067	62.8000
6.0100	299.5233	62.8000
6.2000	298.3867	62.8000
7.3700	296.0700	62.8000
7.5400	294.8233	62.8300
6.6000	294.5867	64.4000
6.1000	294.8900	64.4000
5.5600	295.1333	64.4000
5.0600	294.7933	64.4000
4.7400	293.5667	64.4000
4.5200	292.4100	64.4000
4.3500	291.7767	64.4000
4.2200	294.3933	64.4000
4.2700	295.8700	64.4000
4.6200	296.4600	64.4000
4.4600	295.5900	64.4000
4.1000	293.2800	64.4000
3.8400	293.0233	64.4000
3.6400	294.8900	64.4000
3.5600	295.9333	64.4000
3.6700	297.0767	64.4000
3.6100	297.4567	64.4000
3.4000	296.9933	64.4000
3.2100	297.0100	64.4000
3.0700	298.1567	64.4000
2.9500	299.5500	64.4000
2.9600	299.6600	64.4000
3.2800	300.2633	64.4000
3.8600	300.7133	64.4000
4.5700	299.9033	64.4000
4.2400	299.8800	64.4000
3.5900	300.1567	64.4000
3.0800	299.0933	64.4000
2.7200	297.1000	64.4000
2.4800	293.9567	64.4000
2.3500	292.4867	64.4100
2.2300	291.4200	64.6900
2.1400	292.1600	64.6900
2.0600	293.6067	64.6900
2.0000	295.2667	64.6900
1.9300	295.8833	64.6900
1.9200	294.5700	64.6900
2.0800	294.4067	64.6900
2.9300	292.4400	64.6900
3.2100	293.0333	64.6900
2.7800	294.4100	64.6900
2.3200	293.8467	64.6900
1.9900	293.4400	64.6900
1.7700	292.6367	64.6900
1.6400	294.6667	64.6900
1.5400	293.8200	64.6900
1.4700	292.0200	64.6900
1.4100	290.5033	64.6900
1.3700	293.2733	64.6900
1.3700	295.9633	64.6900
1.6800	295.5733	64.6900
2.1400	295.4633	64.6900
2.1400	295.3167	64.6900
1.8600	295.6067	64.6900
1.6100	293.2600	64.6900
1.4100	293.3567	64.6900
1.2700	293.4700	64.6900
1.2200	294.7633	64.6900
1.2500	296.8767	64.6900
1.2800	295.4200	64.6900
1.2200	291.8467	64.6900
1.1300	291.4500	64.6700
1.0600	294.5633	64.0100
1.0100	296.3233	64.0100
1.0300	295.4867	64.0100
1.1100	295.4000	64.0100
1.1900	296.2500	64.0100
1.1600	297.4800	64.0100
1.0900	295.9200	64.0100
0.9800	295.2033	64.0100
0.9000	292.1733	64.0100
0.8600	291.0533	64.0100
0.8400	294.8433	64.0100
0.8200	297.0167	64.0100
0.7800	297.2267	64.0100
0.7300	292.4733	64.0100
0.7000	283.2300	64.0100
0.6700	280.8633	64.0100
0.6500	286.5933	64.0100
0.6300	291.1467	64.0100
0.6000	288.6333	64.0100
0.5900	285.5267	64.0100
0.5800	288.4067	64.0100
0.5600	286.4433	64.0100
0.5500	285.3833	64.0100
0.6100	287.4033	64.0100
0.8200	289.4100	64.0100
0.8700	291.7467	64.0100
0.8300	292.4767	64.0100
0.7600	293.6367	64.0100
0.7000	293.5400	64.0100
0.6600	291.8900	63.9800
0.6400	288.6867	62.3600
0.6500	286.4000	62.3600
0.6600	285.5000	62.3600
0.6500	285.4200	62.3600
0.7300	282.6067	62.3600
0.9700	282.9700	62.3600
1.3500	284.4067	62.3600
1.4800	286.2533	62.3600
1.3600	288.6700	62.3600
1.1600	284.9633	62.3600
0.9900	284.2600	62.3600
0.8400	287.2633	62.3600
0.7500	288.7700	62.3600
0.6800	287.9767	62.3600
0.6300	286.8633	62.3600
0.6800	283.5467	62.3600
0.8100	279.6233	62.3600
0.8100	281.5267	62.3600
0.7300	286.8200	62.3600
0.6800	287.1167	62.3600
0.6300	287.4367	62.3600
0.6000	287.4767	62.3600
0.6100	288.7833	62.3600
0.6100	288.0833	62.3600
0.6000	282.1000	62.3600
0.5900	281.5767	62.3600
0.5800	284.8267	62.3600
0.5600	286.1700	62.3600
0.5400	286.0000	62.3600
0.5200	283.2733	62.3600
0.5000	280.9367	62.3400
0.4900	281.5000	61.4000
0.6700	279.5333	61.4000
8.4700	280.3600	61.4000
25.3500	280.5333	61.4000
21.0300	282.6133	61.4000
9.8600	284.8367	61.4000
5.2300	286.5733	61.4000
3.5900	284.0433	61.4000
3.5200	279.2467	61.4000
3.3200	277.7867	61.4000
3.3100	278.1467	61.4000
9.3900	276.1900	61.4000
19.3800	275.8533	61.4000
57.5600	276.9000	61.4000
32.9800	278.0900	61.4000
35.9300	278.8033	61.4000
35.9900	277.9967	61.4000
13.2400	279.0933	61.4000
6.2800	281.0133	61.4000
5.2100	282.0533	61.4000
9.4100	280.5700	61.4000
9.5800	278.3833	61.4000
12.5100	275.8033	61.4000
11.2300	274.9433	61.4000
7.4100	275.1067	61.4000
5.8300	275.3133	61.4000
20.8900	274.7900	61.4000
17.4000	273.8300	61.4000
8.0400	273.5633	61.4000
4.5400	274.0400	61.4100
4.0200	275.6900	61.5300
4.0000	275.1633	61.5300
3.6500	275.4400	61.5300
4.2000	276.1667	61.5300
6.6300	277.4067	61.5300
8.8700	278.2133	61.5300
8.6500	278.1267	61.5300
7.4800	279.3867	61.5300
7.7400	278.6200	61.5300
34.0700	276.3100	61.5300
32.6900	275.5233	61.5300
66.1700	276.7200	61.5300
94.6500	278.4767	61.5300
101.5100	279.8933	61.5300
45.4300	278.4567	61.5300
22.3900	274.7233	61.5300
9.4600	274.4000	61.5300
5.7000	274.0700	61.5300
5.3300	274.1833	61.5300
5.1300	274.3367	61.5300
5.2400	274.1500	61.5300
8.2000	273.8733	61.5300
10.3200	274.7200	61.5300
14.2600	275.5600	61.5300
23.7700	276.1833	61.5300
44.7500	276.5367	61.5300
160.2600	275.7800	61.5300
60.4600	274.0167	61.5300
24.0900	274.2400	61.5300
19.9700	275.2300	61.5300
21.6800	275.7800	61.5300
24.8300	275.3467	61.2300
29.8800	277.1400	61.2300
36.3100	278.5233	61.2300
106.7700	275.4833	61.2300
60.8900	274.0033	61.2300
39.7000	273.9000	61.2300
40.8200	274.5967	61.2300
44.2900	275.6700	61.2300
52.1300	277.2433	61.2300
55.3300	277.3133	61.2300
50.3800	274.3567	61.2300
47.4000	273.2800	61.2300
46.9000	273.1267	61.2300
46.9000	273.2567	61.2300
46.8000	273.3367	61.2300
46.7000	273.8367	61.2300
46.6800	273.7900	61.2300
46.0600	273.9467	61.2300
45.5200	275.3733	61.2300
46.3300	276.4133	61.2300
44.0300	274.5767	61.2300
42.9900	274.7567	61.2300
42.9100	276.2867	61.2300
43.2400	276.8233	61.2300
43.1000	276.9267	61.2300
42.3100	276.5267	61.2300
40.8900	276.7500	61.2300
41.2800	276.6733	61.2300
40.0900	275.9367	61.2300
40.7300	276.2000	61.2300
40.5900	276.2500	61.2300
38.6300	275.6433	61.2100
39.1000	275.8400	61.2100
38.5500	277.2667	61.2100
35.6200	279.0433	61.2100
32.7800	281.2033	61.2100
32.0800	280.6167	61.2100
31.7600	279.1033	61.2100
96.3700	276.7100	61.2100
118.3600	276.7000	61.2100
99.5500	277.2633	61.2100
199.0400	277.1700	61.2100
88.8200	275.7100	61.2100
69.1600	275.3467	61.2100
66.2400	275.6767	61.2100
65.2400	277.5700	61.2100
68.4300	277.7767	61.2100
65.2300	279.0700	61.2100
63.2200	279.8067	61.2100
63.0100	275.8100	61.2100
62.7600	275.7167	61.2100
71.4400	275.8433	61.2100
207.8900	275.8267	61.2100
123.7300	274.1767	61.2100
86.8200	273.4767	61.2100
120.9200	273.7067	61.2100
120.8800	273.5667	61.2100
115.1000	273.4433	61.2100
122.8500	273.4700	61.2100
115.2000	273.3967	61.2600
113.2900	273.7533	61.2600
111.4100	274.7833	61.2600
132.4000	277.2433	61.2600
144.6000	278.8133	61.2600
134.6700	278.6300	61.2600
125.3800	278.6767	61.2600
128.1400	275.8300	61.2600
113.2800	276.6400	61.2600
108.7800	276.7133	61.2600
109.5000	279.1500	61.2600
121.6400	284.2900	61.2600
115.2800	285.2467	61.2600
92.4700	283.3233	61.2600
84.8200	281.4667	61.2600
81.9000	283.0167	61.2600
79.6900	285.1167	61.2600
77.2100	284.0333	61.2600
74.5800	282.1167	61.2600
74.6100	280.3900	61.2600
72.3600	277.6500	61.2600
67.2300	277.6867	61.2600
64.1400	281.0833	61.2600
61.5600	282.9600	61.2600
59.1800	283.7733	61.2600
59.2200	280.4967	61.2600
72.2700	275.8467	61.2600
63.0000	274.7500	61.2600
54.1100	276.5000	61.2600
49.7800	279.9600	61.2600
47.4700	281.7267	61.2700
45.8500	281.4167	61.5800
44.4400	278.4200	61.5800
42.8200	279.8833	61.5800
41.2300	283.0167	61.5800
39.5500	284.0600	61.5800
37.8600	286.2167	61.5800
36.4400	284.9300	61.5800
36.1500	280.9833	61.5800
34.7800	279.8000	61.5800
32.5600	277.2200	61.5800
31.2000	277.6100	61.5800
39.6100	275.4333	61.5800
34.9600	277.3333	61.5800
30.7300	278.9233	61.5800
43.7200	278.0467	61.5800
32.2000	279.1767	61.5800
25.5300	280.5467	61.5800
23.5500	276.0833	61.5800
22.4900	275.4500	61.5800
22.6000	275.4933	61.5800
23.7500	277.4233	61.5800
71.0200	276.5167	61.5800
53.4700	277.8867	61.5800
26.7000	281.6900	61.5800
19.8000	282.4600	61.5800
17.8100	281.5567	61.5800
16.9900	283.9667	61.5800
18.9000	287.0600	61.5800
21.3100	287.9333	61.5800
19.4700	286.1367	61.1000
16.9200	284.1533	38.8600
28.1200	279.9233	38.8600
28.6400	277.2000	38.8600
24.1700	277.1467	38.8600
26.6600	277.3167	38.8600
22.0200	280.8800	38.8600
18.2600	286.0633	38.8600
14.6600	288.6200	38.8600
13.1500	289.0433	38.8600
14.7800	287.8067	38.8600
16.1400	287.0367	38.8600
13.9900	286.0233	38.8600
13.1900	284.0767	38.8600
11.7900	285.2500	38.8600
10.9100	288.0600	38.8600
10.4200	288.5533	38.8600
10.0800	287.7467	38.8600
9.8000	287.4267	38.8600
10.2300	286.3400	38.8600
10.9600	284.6967	38.8600
9.9800	282.6167	38.8600
9.2000	282.0433	38.8600
8.7600	283.3000	38.8600
8.4500	285.8967	38.8600
8.2100	288.4067	38.8600
8.6100	289.3967	38.8600
9.4200	289.9300	38.8600
8.5800	287.5200	38.8600
7.8500	288.3600	38.8600
7.4300	290.6900	38.8600
7.1500	291.7767	38.8600
6.9500	293.0400	38.9200
7.0700	292.8100	38.9200
7.6100	292.0600	38.9200
7.1900	290.3700	38.9200
7.8400	286.6533	38.9200
9.3800	280.2433	38.9200
8.2900	280.9133	38.9200
6.9800	284.2100	38.9200
6.1800	287.4400	38.9200
5.7700	288.5867	38.9200
5.5100	286.8633	38.9200
5.3600	287.6567	38.9200
5.2100	290.5633	38.9200
5.0500	291.8500	38.9200
4.8900	291.5300	38.9200
4.9800	292.1733	38.9200
5.5300	289.7033	38.9200
5.2700	289.8533	38.9200
4.8200	292.4400	38.9200
4.5200	292.5833	38.9200
4.3000	292.1100	38.9200
4.1500	291.1833	38.9200
4.1100	289.8967	38.9200
4.3300	287.8800	38.9200
4.2300	287.1300	38.9200
3.9600	290.4400	38.9200
3.7300	291.8900	38.9200
3.5700	291.1267	38.9200
3.4600	289.9300	38.9200
3.4000	290.0033	38.9400
3.6400	291.3067	39.9100
3.9500	291.4533	39.9100
3.7400	293.0933	39.9100
3.5000	295.7800	39.9100
3.7100	299.2767	39.9100
3.5300	300.5433	39.9100
3.2800	299.6833	39.9100
3.4000	297.9733	39.9100
3.4700	298.0900	39.9100
3.2200	298.2300	39.9100
2.9100	298.9500	39.9100
2.7200	296.4200	39.9100
2.6900	295.3400	39.9100
2.6400	295.6600	39.9100
2.7700	295.3367	39.9100
3.0500	295.0700	39.9100
2.9100	294.0567	39.9100
6.5400	289.5133	39.9100
26.8500	286.5233	39.9100
16.2200	288.3933	39.9100
7.7500	290.1033	39.9100
4.9600	292.1967	39.9100
4.1300	294.5800	39.9100
3.3600	295.4400	39.9100
2.7000	296.7733	39.9100
2.2700	296.9267	39.9100
2.0000	297.5767	39.9100
1.8600	296.3667	39.9100
2.0200	297.8200	39.9100
2.2800	297.0533	39.9100
2.2100	297.7933	39.9100
1.9600	299.1567	40.0900
1.7400	298.3933	40.0900
1.5800	298.4633	40.0900
1.4700	296.9833	40.0900
1.4300	294.8733	40.0900
1.5900	291.4800	40.0900
1.6400	290.8200	40.0900
1.5500	292.3767	40.0900
1.4300	294.1800	40.0900
1.3200	293.2467	40.0900
1.2600	293.9300	40.0900
1.4100	292.8000	40.0900
1.6300	292.6233	40.0900
1.6100	294.6267	40.0900
1.4400	295.4600	40.0900
1.2800	292.9433	40.0900
1.1600	290.9533	40.0900
1.0800	290.7400	40.0900
1.2700	291.0467	40.0900
1.8700	291.2933	40.0900
1.9500	294.8267	40.0900
1.8600	295.7233	40.0900
1.9200	295.7867	40.0900
1.4600	297.8867	40.0900
1.2800	298.8333	40.0900
1.4700	296.0233	40.0900
1.5600	294.9000	40.0900
1.4100	295.9667	40.0900
1.2100	298.5467	40.0900
1.2200	299.3900	40.0900
1.2500	298.3800	40.0800
1.2500	296.4133	39.6700
1.3700	295.9933	39.6700
1.5500	295.8633	39.6700
1.7400	292.2467	39.6700
1.6300	289.0700	39.6700
1.3600	293.6167	39.6700
1.1300	295.2267	39.6700
1.3700	294.8867	39.6700
2.0100	297.2467	39.6700
1.9800	297.3167	39.6700
1.6400	296.5333	39.6700
1.3000	295.9167	39.6700
1.0600	290.8367	39.6700
0.8900	288.0333	39.6700
0.7800	287.9733	39.6700
0.7000	288.3800	39.6700
0.6500	288.8800	39.6700
0.6200	288.1500	39.6700
0.6000	285.8367	39.6700
0.5800	284.6400	39.6700
0.6100	289.8867	39.6700
0.6400	290.3933	39.6700
1.1400	282.2167	39.6700
1.6500	283.5167	39.6700
1.6300	286.7867	39.6700
1.3900	289.1633	39.6700
1.1500	290.5533	39.6700
0.9500	287.3233	39.6700
0.8800	280.7167	39.6700
1.2700	284.0533	39.6500
3.3900	281.4333	38.6500
7.3600	283.3233	38.6500
6.0200	285.4367	38.6500
3.7100	281.5900	38.6500
2.4600	279.4600	38.6500
2.0500	279.6833	38.6500
1.7300	282.2567	38.6500
1.5100	286.2767	38.6500
1.3200	286.7100	38.6500
8.8500	280.6567	38.6500
24.0200	279.2767	38.6500
13.3800	279.3567	38.6500
15.2300	279.5833	38.6500
12.4600	283.5367	38.6500
9.0300	283.5033	38.6500
6.8600	280.1400	38.6500
9.2400	277.3267	38.6500
11.9200	277.3567	38.6500
44.3900	278.6700	38.6500
100.1700	279.0400	38.6500
27.2400	277.4267	38.6500
9.6600	281.2967	38.6500
4.8500	284.6567	38.6500
2.8700	286.9100	38.6500
1.9000	285.8733	38.6500
1.3700	283.9300	38.6500
1.0500	284.1900	38.6500
0.8600	285.9833	38.6500
0.7300	286.0933	38.6500
1.8000	284.8333	38.6500
4.4500	282.8533	38.6300
3.9300	282.6667	38.0500
2.6700	282.5467	38.0500
4.1100	283.1733	38.0500
5.6300	283.7333	38.0500
3.9700	283.5133	38.0500
2.5200	283.1967	38.0500
1.7100	283.4433	38.0500
1.2400	284.6833	38.0500
0.9800	282.3167	38.0500
0.8200	280.6233	38.0500
0.7000	278.3933	38.0500
0.6300	277.8867	38.0500
0.5900	280.1100	38.0500
0.5700	281.7167	38.0500
5.6500	283.9800	38.0500
6.4200	282.9600	38.0500
9.9000	281.2300	38.0500
8.8800	282.0700	38.0500
5.4200	282.0633	38.0500
3.2700	277.8667	38.0500
2.3200	277.0933	38.0500
2.8500	277.0100	38.0500
3.2800	276.5067	38.0500
8.9700	276.7167	38.0500
10.3700	278.9500	38.0500
5.8200	277.8267	38.0500
3.3300	278.7600	38.0500
2.1200	276.5433	38.0500
1.4900	277.2800	38.0500
1.1400	274.6800	38.0500
1.0000	273.9067	38.1300
1.0800	274.7667	38.1300
1.1400	276.7233	38.1300
1.2200	279.5667	38.1300
1.2400	280.1267	38.1300
1.1700	278.3133	38.1300
9.7100	276.2600	38.1300
13.3200	274.3533	38.1300
7.7200	274.0467	38.1300
5.8100	274.7700	38.1300
17.8100	274.3733	38.1300
15.4100	274.5067	38.1300
8.7600	274.5500	38.1300
4.9000	274.6767	38.1300
2.9100	274.8433	38.1300
1.9100	274.5033	38.1300
1.3900	275.2200	38.1300
1.0900	276.1500	38.1300
0.9200	275.9367	38.1300
0.8600	275.2333	38.1300
2.7600	273.5800	38.1300
13.1900	273.9033	38.1300
31.8700	274.8333	38.1300
82.1500	275.1300	38.1300
44.4800	274.3200	38.1300
13.7100	273.9367	38.1300
6.1800	273.5433	38.1300
3.6000	273.4967	38.1300
2.5700	273.5000	38.1300
3.8800	273.8000	38.1300
5.2500	273.6867	38.1300
5.0400	274.0933	37.9500
4.1400	275.0900	37.9500
4.0800	275.1400	37.9500
87.8800	275.2967	37.9500
176.9800	274.4133	37.9500
40.4800	273.6867	37.9500
15.3900	273.4467	37.9500
10.6400	273.4700	37.9500
19.3900	273.4867	37.9500
21.2400	273.6067	37.9500
31.9000	273.9567	37.9500
36.7900	274.5000	37.9500
42.0200	274.5767	37.9500
39.6200	275.4267	37.9500
39.6300	275.9700	37.9500
37.1800	274.1633	37.9500
32.6300	273.9067	37.9500
32.3000	275.0100	37.9500
36.2000	275.5633	37.9500
37.2900	275.0533	37.9500
32.6200	273.7533	37.9500
29.3800	273.2700	37.9500
28.1300	273.3033	37.9500
27.6100	273.5067	37.9500
33.2700	273.4267	37.9500
78.8300	274.6067	37.9500
104.9500	275.2500	37.9500
82.1100	274.2033	37.9500
52.7600	273.3467	37.9500
54.5800	273.2267	37.9500
63.0800	273.3200	37.9500
107.2300	273.5367	37.9300
72.3100	273.3067	37.9300
93.0300	273.4733	37.9300
86.1800	273.3533	37.9300
75.2400	273.3033	37.9300
78.8500	273.7600	37.9300
77.3900	274.0633	37.9300
83.3500	274.6000	37.9300
74.1900	275.4633	37.9300
75.4800	276.6033	37.9300
78.2200	276.7000	37.9300
77.2200	277.0400	37.9300
78.8800	277.1367	37.9300
62.5900	274.1800	37.9300
56.5300	274.2133	37.9300
56.7100	275.9100	37.9300
61.2400	276.0667	37.9300
60.4400	275.7767	37.9300
57.1600	275.4200	37.9300
55.8000	275.1200	37.9300
60.9000	274.9500	37.9300
91.5500	274.2733	37.9300
65.9300	273.8667	37.9300
90.1600	274.1367	37.9300
156.0700	274.9300	37.9300
98.3800	275.6433	37.9300
91.8500	277.5600	37.9300
101.0800	277.7367	37.9300
105.1800	276.2733	37.9600
88.3500	273.9333	37.9600
80.0900	274.3333	37.9600
85.5000	275.4567	37.9600
81.2800	274.9233	37.9600
78.7200	274.9900	37.9600
81.0600	276.0367	37.9600
87.1400	276.9167	37.9600
88.8400	276.1200	37.9600
93.3200	277.5467	37.9600
106.0100	277.4967	37.9600
99.7900	278.0900	37.9600
106.8100	277.6600	37.9600
115.4100	275.5367	37.9600
97.3100	274.2600	37.9600
91.3600	274.2367	37.9600
87.7200	274.8833	37.9600
93.3800	277.3000	37.9600
100.4400	277.2100	37.9600
99.6100	275.5567	37.9600
82.1200	274.9133	37.9600
73.3100	275.9333	37.9600
78.0800	279.0633	37.9600
82.7900	279.1333	37.9600
75.9700	277.4867	37.9600
70.0600	276.1433	37.9600
56.9600	274.2867	37.9600
49.2800	274.5500	37.9600
53.6500	274.2133	37.9600
48.3300	274.9100	37.9600
43.0600	274.2033	37.9700
41.6000	275.3067	38.1600
47.8900	277.1267	38.1600
66.8800	279.3667	38.1600
76.6200	280.3467	38.1600
58.6800	277.1467	38.1600
43.8000	276.7233	38.1600
46.7700	276.0667	38.1600
43.7800	276.2967	38.1600
40.8000	275.3467	38.1600
44.1900	276.6800	38.1600
53.3700	278.9900	38.1600
64.4800	282.4067	38.1600
74.5300	285.2767	38.1600
96.1300	284.8333	38.1600
109.1600	277.1667	38.1600
106.9600	275.6200	38.1600
126.9600	278.4100	38.1600
138.2900	281.7933	38.1600
143.5800	278.7133	38.1600
126.5200	274.4033	38.1600
114.2100	274.0133	38.1600
110.7000	275.2567	38.1600
147.0400	275.3433	38.1600
115.7600	275.0067	38.1600
103.7200	277.5567	38.1600
102.2700	281.0600	38.1600
103.0200	284.2600	38.1600
85.2500	284.9167	38.1600
73.4700	281.8433	38.1600
67.1200	276.7200	38.0300
60.5100	276.1867	32.0400
53.4100	278.7700	32.0400
46.6100	280.9167	32.0400
41.7200	282.2067	32.0400
37.8800	283.8267	32.0400
34.7000	285.9367	32.0400
31.8800	284.1233	32.0400
29.4500	281.4733	32.0400
27.3100	281.6200	32.0400
25.4100	281.8067	32.0400
23.7200	283.8933	32.0400
22.2100	281.4533	32.0400
20.8400	281.5333	32.0400
19.5900	284.5767	32.0400
18.4100	287.6067	32.0400
17.3000	290.6567	32.0400
16.2900	293.0267	32.0400
15.3600	292.9167	32.0400
14.5000	292.3333	32.0400
13.7000	291.4267	32.0400
12.8700	283.9333	32.0400
11.9000	280.7033	32.0400
10.9200	280.0433	32.0400
16.0200	279.6233	32.0400
35.0600	279.0133	32.0400
26.9800	281.6933	32.0400
21.1500	281.5267	32.0400
22.6900	282.0400	32.0400
30.0200	282.5300	32.0400
23.1800	282.9267	32.0400
16.1200	285.9367	32.0400
10.5500	286.0867	32.0900
8.6500	285.4967	32.0900
7.0900	285.6833	32.0900
6.1800	283.6500	32.0900
5.6800	283.2300	32.0900
5.3600	283.6700	32.0900
5.1300	282.2033	32.0900
4.9500	284.5867	32.0900
4.8000	287.1733	32.0900
4.6600	286.6567	32.0900
4.5400	284.0300	32.0900
4.4200	285.9467	32.0900
4.3000	288.7767	32.0900
4.2000	291.3833	32.0900
4.0900	291.8200	32.0900
3.9900	291.2900	32.0900
3.9000	291.0467	32.0900
3.8000	289.6567	32.0900
3.7000	290.0800	32.0900
3.6200	292.5467	32.0900
3.5500	293.6800	32.0900
4.1400	291.3133	32.0900
4.3600	291.1000	32.0900
3.9600	291.4200	32.0900
3.5900	291.9433	32.0900
3.3400	291.6133	32.0900
3.1700	293.2100	32.0900
3.0500	295.9067	32.0900
2.9500	296.7667	32.0900
2.8800	295.2067	32.1100
2.8200	294.5400	32.9100
2.7300	294.8867	32.9100
2.6500	294.3533	32.9100
2.5600	292.8133	32.9100
2.5000	292.5867	32.9100
2.4300	293.7567	32.9100
2.3600	295.2933	32.9100
2.3100	297.0867	32.9100
2.2500	298.0633	32.9100
2.1900	298.5300	32.9100
2.1300	297.0933	32.9100
2.0700	296.8867	32.9100
2.0300	298.0100	32.9100
1.9600	298.0600	32.9100
1.9200	296.7200	32.9100
1.8700	296.0267	32.9100
1.8200	294.0600	32.9100
1.7700	293.8967	32.9100
1.7400	293.6467	32.9100
1.7000	294.9700	32.9100
1.6400	294.4367	32.9100
1.6000	292.1167	32.9100
1.5800	292.5100	32.9100
1.5300	293.3233	32.9100
1.4800	294.0167	32.9100
1.4500	293.5967	32.9100
1.4000	293.6500	32.9100
1.3700	294.0667	32.9100
1.3200	294.2600	32.9100
1.2900	292.5833	32.9100
1.2600	294.7267	32.9100
1.2400	294.2300	33.0500
1.2000	293.0300	33.0500
1.1600	293.7367	33.0500
1.1300	295.4567	33.0500
1.1000	295.3733	33.0500
1.0800	295.7733	33.0500
1.1400	296.7433	33.0500
1.2400	295.2800	33.0500
1.2500	291.7633	33.0500
1.1700	291.7467	33.0500
1.1000	294.1967	33.0500
1.0400	296.5800	33.0500
0.9800	296.8433	33.0500
0.9200	299.2600	33.0500
0.8900	300.9833	33.0500
0.8600	301.6233	33.0500
0.8300	300.0833	33.0500
0.8100	296.0633	33.0500
0.7900	290.7267	33.0500
0.7800	291.3000	33.0500
0.7800	291.7533	33.0500
0.7700	293.8367	33.0500
0.7600	296.1833	33.0500
0.7400	296.7000	33.0500
0.7100	293.6367	33.0500
0.7000	290.7900	33.0500
0.6800	294.1733	33.0500
0.6600	296.2833	33.0500
0.6500	297.6967	33.0500
0.6400	296.6433	33.0500
0.6300	289.2733	33.0500
0.6200	284.9633	32.7100
0.6100	289.3233	32.7100
0.6000	292.1233	32.7100
0.5900	294.4267	32.7100
0.5800	295.7567	32.7100
0.5600	296.1967	32.7100
0.5600	295.9467	32.7100
0.5500	295.6533	32.7100
0.5400	294.6700	32.7100
0.5400	292.4533	32.7100
0.5300	293.3967	32.7100
0.5300	294.5900	32.7100
0.5200	294.6033	32.7100
0.5200	295.5233	32.7100
0.5200	296.5200	32.7100
0.5100	296.6000	32.7100
0.5100	294.9200	32.7100
0.5000	290.4333	32.7100
0.5000	289.0400	32.7100
0.5500	285.4867	32.7100
0.5900	286.4400	32.7100
0.5600	285.9267	32.7100
0.5400	287.5033	32.7100
0.5200	291.0000	32.7100
0.5000	290.4100	32.7100
0.4900	290.8967	32.7100
0.4900	292.0667	32.7100
0.4700	293.3833	32.7100
0.4700	295.0467	32.7100
0.4600	293.9733	32.6900
0.4600	292.5567	31.8700
0.4600	289.9200	31.8700
0.7700	284.5600	31.8700
41.3500	281.0500	31.8700
31.0700	280.9300	31.8700
11.7500	282.2967	31.8700
5.4700	285.1500	31.8700
3.0600	285.3833	31.8700
1.9600	282.5200	31.8700
1.3800	277.5600	31.8700
1.0500	276.5433	31.8700
0.8500	277.1633	31.8700
0.7200	281.7067	31.8700
0.6400	286.2500	31.8700
0.5700	286.0733	31.8700
0.5400	286.6400	31.8700
0.5100	289.3900	31.8700
0.4900	288.8100	31.8700
0.4800	286.2233	31.8700
0.4700	284.5933	31.8700
0.4500	281.9000	31.8700
0.4400	284.6667	31.8700
0.4400	287.3533	31.8700
0.4300	287.5200	31.8700
0.4300	288.4600	31.8700
0.4200	289.4733	31.8700
0.4200	288.6800	31.8700
0.4200	288.9767	31.8700
0.4100	286.8933	31.8700
0.4100	286.2300	31.8700
6.3300	281.0133	31.8600
65.6200	280.2533	31.3800
159.0000	279.1100	31.3800
37.0200	277.5233	31.3800
67.6100	276.6133	31.3800
31.2900	275.4533	31.3800
22.3900	276.7300	31.3800
24.3300	280.1500	31.3800
13.3000	281.4333	31.3800
8.3700	278.9167	31.3800
6.8500	278.1433	31.3800
4.4200	278.4700	31.3800
4.1900	280.3600	31.3800
3.9800	282.4700	31.3800
2.9700	282.8133	31.3800
2.0900	283.7667	31.3800
1.5100	285.7900	31.3800
1.1600	285.6733	31.3800
0.9300	284.2500	31.3800
0.7900	283.0000	31.3800
0.7100	280.0533	31.3800
0.7500	277.1200	31.3800
0.8200	278.3733	31.3800
0.8100	278.5367	31.3800
0.8000	278.9933	31.3800
0.7700	281.0167	31.3800
0.7400	280.8100	31.3800
0.7100	279.0533	31.3800
0.6800	278.1233	31.3800
0.6600	281.0133	31.3800
0.6400	283.0933	31.3800
0.6400	282.3800	31.4400
0.6300	279.8367	31.4400
0.6300	278.2167	31.4400
0.6300	278.4600	31.4400
0.6500	278.0333	31.4400
0.6400	277.8500	31.4400
0.6400	278.2100	31.4400
0.6300	277.7800	31.4400
0.6300	276.0300	31.4400
0.6300	277.9967	31.4400
0.6300	280.3733	31.4400
0.6300	279.7967	31.4400
0.8600	276.5300	31.4400
0.9900	273.3633	31.4400
0.9100	273.1500	31.4400
0.8800	273.1633	31.4400
0.8700	273.2833	31.4400
0.8400	273.3533	31.4400
0.9200	273.3067	31.4400
1.1100	273.2200	31.4400
1.2700	273.6500	31.4400
6.6400	273.6667	31.4400
8.9400	273.4933	31.4400
6.0300	273.4700	31.4400
14.3000	273.8467	31.4400
16.4800	273.5300	31.4400
7.9400	273.4800	31.4400
6.5700	273.7667	31.4400
18.1500	274.8400	31.4400
29.3500	274.8000	31.4400
15.5100	275.3867	31.4400
9.4400	275.5667	31.2900
13.3200	276.1133	31.2900
31.6200	274.5700	31.2900
14.0200	273.8267	31.2900
6.4000	273.8833	31.2900
4.0900	274.0600	31.2900
8.4800	275.9300	31.2900
14.7400	277.2767	31.2900
17.7000	275.3933	31.2900
13.1700	275.8167	31.2900
10.0200	277.5433	31.2900
9.4400	279.2967	31.2900
15.0700	280.0500	31.2900
15.2600	281.3000	31.2900
14.0600	282.3167	31.2900
13.3600	281.4633	31.2900
13.0100	280.9633	31.2900
13.2300	279.9800	31.2900
12.9500	278.3633	31.2900
11.8900	277.5067	31.2900
10.7000	278.0200	31.2900
12.1500	277.8000	31.2900
18.0900	276.8200	31.2900
15.3200	277.3800	31.2900
13.5900	275.7633	31.2900
10.7000	274.2700	31.2900
7.1400	274.1333	31.2900
6.3100	275.7800	31.2900
8.8400	276.2633	31.2900
10.1100	278.0167	31.2900
9.6000	279.0400	31.2900
7.9800	278.2733	31.2800
5.8400	278.5033	31.2800
8.1100	280.4867	31.2800
10.1600	280.9800	31.2800
10.5700	280.4000	31.2800
32.6500	277.0767	31.2800
49.9700	276.5700	31.2800
25.6700	276.3067	31.2800
18.7700	274.5733	31.2800
13.9600	273.8633	31.2800
9.8900	273.4567	31.2800
15.4300	273.7733	31.2800
17.8900	273.9467	31.2800
20.8500	273.6467	31.2800
16.6900	273.9067	31.2800
46.1300	274.8100	31.2800
72.7800	275.0000	31.2800
52.5200	274.7833	31.2800
44.0500	275.4300	31.2800
50.4800	277.3267	31.2800
66.8800	278.3767	31.2800
111.0000	278.0300	31.2800
285.0800	277.5800	31.2800
281.9400	276.6400	31.2800
325.5300	276.8033	31.2800
325.1400	275.4533	31.2800
252.1600	275.3067	31.2800
217.2000	276.3833	31.2800
237.8200	278.3067	31.3000
551.1100	278.1900	31.3000
441.5100	275.9133	31.3000
486.5600	274.4367	31.3000
438.0600	274.2233	31.3000
379.5700	275.1000	31.3000
332.0200	275.1000	31.3000
296.7300	276.1633	31.3000
253.0900	274.3167	31.3000
217.3600	273.7100	31.3000
192.4400	274.7567	31.3000
164.4800	276.4100	31.3000
150.7400	277.7500	31.3000
145.4400	278.2167	31.3000
129.1900	276.9367	31.3000
174.8100	276.2800	31.3000
168.5900	276.6100	31.3000
121.7700	277.6967	31.3000
116.3500	279.9167	31.3000
110.6600	280.5867	31.3000
108.8600	280.7833	31.3000
121.7600	276.2367	31.3000
102.8100	274.0567	31.3000
91.3500	275.0700	31.3000
91.8900	276.9200	31.3000
82.2600	278.1733	31.3000
82.6100	279.2267	31.3000
74.7600	281.1967	31.3000
68.1300	280.0333	31.3000
64.2800	275.2333	31.3000
61.0200	277.4933	31.3100
57.9800	278.1567	31.4700
55.1200	277.8800	31.4700
52.4700	276.7767	31.4700
49.2700	275.0500	31.4700
46.4100	276.9600	31.4700
43.8500	279.3500	31.4700
41.3900	282.0800	31.4700
40.0500	279.7333	31.4700
50.0300	277.3167	31.4700
101.7100	276.3733	31.4700
65.4200	276.8467	31.4700
39.5300	278.5600	31.4700
31.0900	279.8667	31.4700
28.7200	276.6833	31.4700
27.5000	274.9400	31.4700
26.6100	276.2067	31.4700
25.7400	279.2133	31.4700
24.7200	281.7467	31.4700
23.5000	284.8067	31.4700
23.0200	287.2700	31.4700
23.2200	289.2467	31.4700
21.2700	289.8300	31.4700
19.7800	285.9500	31.4700
18.7300	279.7067	31.4700
18.1800	278.4700	31.4700
17.5300	278.3233	31.4700
16.5000	278.5333	31.4700
15.6500	277.9100	31.4700
15.0000	277.3600	31.4700
14.3000	278.3867	31.5000
14.5700	279.7000	32.8900
48.4000	279.4467	32.8900
154.7900	279.2600	32.8900
80.5800	279.5467	32.8900
145.7600	280.1500	32.8900
52.9100	281.6300	32.8900
31.1000	281.6033	32.8900
21.8900	281.8300	32.8900
17.9900	282.8667	32.8900
17.3900	283.8833	32.8900
17.6800	284.8667	32.8900
18.1100	282.7467	32.8900
18.4400	280.8867	32.8900
18.8100	282.0767	32.8900
19.0800	283.7933	32.8900
19.0100	287.1433	32.8900
18.7200	291.4433	32.8900
18.4700	293.3767	32.8900
18.1800	289.7900	32.8900
17.8800	285.9267	32.8900
17.5500	286.8933	32.8900
17.2200	288.5233	32.8900
16.8700	289.3267	32.8900
16.5200	287.9100	32.8900
16.1300	288.0533	32.8900
15.8400	288.0233	32.8900
15.7600	289.4500	32.8900
15.2200	291.5667	32.8900
14.7100	293.0667	32.8900
14.2600	293.1700	32.8900
14.9400	292.2267	32.8900
16.6400	291.0700	32.9400
16.5000	289.5600	32.9400
20.9200	286.5800	32.9400
33.1600	285.9733	32.9400
45.4100	283.8100	32.9400
32.9300	282.8700	32.9400
24.7100	284.9400	32.9400
15.6200	285.8200	32.9400
12.1500	287.5900	32.9400
13.0800	286.8200	32.9400
18.9600	284.3800	32.9400
25.6500	284.3500	32.9400
26.3000	284.8767	32.9400
20.0300	285.3933	32.9400
15.1500	286.8300	32.9400
13.4400	287.4033	32.9400
11.0600	289.8033	32.9400
9.4500	290.1433	32.9400
8.6600	290.3667	32.9400
8.2700	287.8733	32.9400
8.1900	285.2533	32.9400
8.5700	285.0467	32.9400
8.2800	288.2633	32.9400
7.8400	291.2533	32.9400
7.5300	292.4367	32.9400
7.3300	291.5967	32.9400
7.1700	292.4800	32.9400
7.0100	295.1300	32.9400
6.8600	295.1133	32.9400
6.7200	294.4900	32.9600
6.5500	294.5233	33.7800
6.4200	294.9467	33.7800
6.3200	295.5667	33.7800
6.3100	296.1133	33.7800
6.1500	295.0167	33.7800
5.9200	291.8433	33.7700
5.7100	289.9700	33.7600
5.5400	288.9033	33.7600
5.3800	289.0200	33.7600
5.2400	290.4100	33.7600
5.1200	290.8633	33.7600
4.9800	290.6733	33.7600
4.8500	289.1767	33.7600
4.7200	292.0500	33.7600
4.6000	293.9633	33.7600
4.4700	295.5533	33.7600
4.3500	296.0333	33.7600
4.2400	297.5733	33.7600
4.1100	297.9367	33.7500
4.0100	298.5500	33.7500
3.9000	298.2167	33.7500
3.7800	296.8133	33.7500
3.6700	296.6100	33.7500
3.5700	297.4333	33.7500
3.4700	297.2767	33.7500
3.3900	297.6533	33.7500
3.2800	298.7800	33.7500
3.1900	299.6467	33.7500
3.3700	300.5067	33.7500
3.4100	300.3400	33.7700
3.5800	299.4267	33.7800
3.4900	298.7833	33.9300
3.2000	298.3533	33.9300
2.9800	296.7567	33.9300
2.8600	295.8867	33.9300
2.7400	294.1633	33.9300
3.3500	291.2333	33.9300
5.2000	286.8900	33.9300
6.5300	289.1500	33.9300
5.0000	291.1867	33.9300
3.6800	294.1533	33.9300
2.9000	296.4100	33.9300
2.4800	296.1000	33.9300
2.2400	295.0733	33.9300
2.0800	292.1367	33.9300
1.9700	290.2533	33.9300
1.8800	292.5067	33.9300
1.8000	294.9367	33.9100
1.7400	297.1867	33.9100
1.6800	298.6233	33.9000
1.6300	299.4767	33.9000
1.5700	298.6033	33.9000
1.5300	297.8433	33.9000
1.4800	296.2967	33.8900
1.4400	293.4367	33.8900
1.4000	293.6567	33.8900
1.3600	293.9567	33.8900
1.3200	294.6400	33.8900
1.2900	296.2033	33.8900
1.2400	295.4833	33.8900
1.2100	294.8533	33.8900
1.1700	294.0367	33.8800
1.1400	292.6500	33.5600
1.1200	294.4600	33.5600
1.0700	294.4400	33.5600
1.0500	294.4033	33.5600
1.0300	292.4133	33.5500
0.9800	287.7467	33.5500
0.9600	286.8567	33.5500
0.9400	290.0000	33.5500
0.9000	293.5867	33.5500
0.8800	295.0067	33.5500
0.8600	297.9200	33.5500
0.8400	298.5967	33.5500
0.8100	295.3300	33.5500
0.8500	289.6267	33.5600
0.9700	288.2333	33.5700
0.9400	292.1833	33.5700
0.9000	292.0933	33.5600
0.8600	294.3367	33.5600
0.8100	294.8667	33.5600
0.7600	292.2000	33.5600
0.7300	292.9900	33.5600
0.6800	294.3500	33.5600
0.6600	296.6667	33.5600
0.6400	296.9067	33.5500
0.6300	296.5100	33.5500
0.6100	297.1567	33.5500
0.6000	296.7967	33.5500
0.5800	295.6533	33.5500
0.5700	286.2733	33.5500
0.5700	280.3733	33.5500
0.6500	282.6500	32.7100
0.7600	285.7667	32.7100
0.7900	283.3833	32.7100
0.7600	278.4367	32.7100
0.7300	278.5467	32.7100
0.7000	280.7767	32.7100
0.6700	284.3567	32.7100
0.6500	287.2067	32.7100
0.6300	286.9800	32.7100
0.6100	287.0033	32.7100
0.5900	286.6800	32.7100
0.5800	284.7800	32.7100
13.1200	281.7233	32.7100
180.1400	279.4933	32.7100
83.8600	280.1533	32.7100
22.1600	283.3667	32.7100
8.8300	286.5867	32.7100
4.4900	286.7500	32.7100
2.8800	284.0467	32.7100
4.6600	281.2433	32.7100
4.3600	282.9600	32.7100
3.1100	283.9233	32.7100
2.1700	284.8033	32.7100
1.5800	286.7900	32.7100
1.2200	284.1833	32.7100
1.0000	285.1500	32.7100
0.8600	279.9533	32.7100
0.7600	276.0700	32.7100
0.7100	278.0667	32.7100
0.6800	281.9967	32.7100
0.6400	284.0867	32.7000
0.6300	283.9267	32.2100
0.6200	284.4333	32.2100
0.6100	285.8167	32.2100
0.6100	285.2267	32.2100
0.6100	283.4733	32.2100
6.5200	279.5667	32.2100
18.5100	276.9767	32.2100
10.2500	276.9267	32.2100
5.1500	277.6067	32.2100
5.5800	278.1900	32.2100
5.7600	278.4033	32.2100
4.2200	277.0900	32.2100
3.3900	275.6033	32.2100
2.7900	275.4400	32.2100
2.5300	275.8067	32.2100
2.2700	276.9033	32.2100
1.9000	277.2033	32.2100
6.7900	275.3100	32.2100
8.4300	275.4700	32.2100
7.0300	275.9633	32.2100
13.8400	274.5033	32.2100
12.0600	274.9000	32.2100
9.5500	275.2533	32.2100
7.0600	277.7267	32.2100
9.8400	279.9133	32.2100
10.7500	280.4067	32.2100
9.4100	279.2100	32.2100
8.1300	276.3033	32.2100
5.8200	276.7100	32.2100
4.1000	277.5267	32.2100
2.8100	278.1233	32.2700
1.9700	277.9033	32.2700
1.4700	277.2100	32.2700
1.1800	276.8367	32.2700
1.0100	275.6167	32.2700
0.8900	273.6133	32.2700
0.8100	273.2233	32.2700
0.7600	273.1500	32.2700
0.7300	273.1600	32.2700
0.7200	273.3200	32.2700
0.7600	273.9267	32.2700
1.9800	274.0967	32.2700
13.2800	274.5367	32.2700
15.4300	274.5167	32.2700
22.1500	275.2767	32.2700
109.7000	276.4833	32.2700
57.1500	276.6567	32.2700
22.7700	278.4000	32.2700
20.7100	279.5533	32.2700
15.6800	278.7400	32.2700
34.4600	277.2100	32.2700
34.8600	274.8167	32.2700
14.9400	274.1133	32.2700
7.2900	275.0167	32.2700
5.4500	275.4933	32.2700
5.1200	275.5400	32.2700
4.1700	275.4033	32.2700
5.8700	274.6267	32.2700
7.0000	274.3367	32.2700
10.9000	273.9833	32.2700
11.9200	274.2467	32.2700
71.6300	276.0700	32.1200
126.1500	276.5833	32.1200
32.1900	276.5100	32.1200
17.4600	277.3067	32.1200
15.3000	277.9400	32.1200
12.2200	279.1167	32.1200
14.8100	279.9433	32.1200
15.3000	279.7700	32.1200
21.2800	278.8800	32.1200
20.8600	278.6333	32.1200
18.7200	279.8300	32.1200
43.0500	279.6633	32.1200
161.4800	277.4600	32.1200
72.7600	275.5900	32.1200
30.6700	277.4167	32.1200
29.1500	278.2400	32.1200
36.8500	278.2233	32.1200
125.9500	276.7033	32.1200
233.7100	275.9867	32.1200
536.4600	276.7000	32.1200
758.0800	277.5000	32.1200
592.5800	277.3267	32.1200
417.1400	275.5833	32.1200
312.3200	274.6633	32.1200
311.8100	275.0967	32.1200
320.7400	275.3433	32.1200
254.6200	275.1833	32.1200
216.3500	275.2067	32.1200
200.6300	276.8267	32.1200
191.0300	276.4933	32.1200
165.0300	275.0267	32.1200
147.2900	275.5633	32.1100
145.1700	275.1433	32.1100
131.1400	275.6567	32.1100
124.2000	275.5300	32.1100
252.7000	276.0300	32.1100
174.3800	275.9133	32.1100
170.5900	275.4367	32.1100
147.2000	275.5133	32.1100
148.2500	275.4133	32.1100
146.5300	275.0233	32.1100
132.4100	275.5167	32.1100
160.4800	275.4867	32.1100
142.3400	276.2567	32.1100
128.4900	277.3733	32.1100
129.0700	276.8400	32.1100
120.7200	277.6967	32.1100
122.4800	278.9900	32.1100
116.4100	279.4333	32.1100
114.5100	278.8333	32.1100
114.0400	277.6900	32.1100
109.1600	276.0967	32.1100
96.2000	274.7967	32.1100
90.7300	275.0533	32.1100
120.1500	274.9433	32.1100
109.7200	275.0333	32.1100
114.0200	276.8567	32.1100
272.4100	275.9800	32.1100
128.7100	276.4067	32.1100
115.8600	277.5700	32.1300
133.1800	277.8833	32.1300
183.9000	276.0800	32.1300
141.0700	274.0700	32.1300
131.7200	275.0033	32.1300
122.1000	275.7100	32.1300
130.7200	278.4200	32.1300
135.3000	277.4167	32.1300
110.6400	274.4700	32.1300
107.2400	273.9967	32.1300
114.4500	273.9700	32.1300
106.0200	274.9800	32.1300
167.0400	274.4367	32.1300
105.9300	274.2433	32.1300
102.9300	276.5333	32.1300
120.4000	279.4567	32.1300
115.3100	280.0667	32.1300
104.3700	280.1333	32.1300
98.4500	279.2967	32.1300
101.7300	281.2267	32.1300
108.1800	279.7467	32.1300
99.9800	278.0433	32.1300
92.6800	277.0800	32.1300
91.2600	279.4167	32.1300
96.9800	278.3100	32.1300
98.4000	275.0300	32.1300
84.3400	276.1033	32.1300
75.8500	278.6233	32.1300
87.0900	278.8500	32.1300
109.1700	276.5033	32.1300
85.4600	274.5167	32.1300
68.7900	274.5433	32.3000
67.4600	274.8500	32.3000
94.1700	274.4533	32.3000
72.0100	274.5267	32.3000
96.0800	274.7533	32.3000
71.2300	274.9900	32.3000
73.9600	276.3000	32.3000
106.3900	279.6933	32.3000
71.1000	276.3933	32.3000
66.9500	277.2133	32.3000
73.3300	277.4033	32.3000
134.6600	276.0867	32.3000
132.6500	275.9933	32.3000
122.6100	276.8467	32.3000
107.5400	275.8367	32.3000
84.3200	278.7967	32.3000
71.9400	279.8433	32.3000
70.8000	280.6067	32.3000
70.4000	282.6600	32.3000
87.1100	280.5800	32.3000
123.0800	276.8200	32.3000
84.3800	275.5500	32.3000
72.8600	279.6867	32.3000
67.4900	281.8367	32.3000
65.1500	281.0800	32.3000
63.6900	283.5367	32.3000
124.7800	280.7400	32.3000
171.7800	275.6133	32.3000
87.7200	274.9367	32.3000
75.4600	275.6900	32.6200
71.5600	277.7233	47.6200
69.2100	279.7733	47.6200
67.7300	281.8933	47.6200
66.6300	281.8433	47.6200
65.0700	279.1733	47.6200
63.1300	276.3867	47.6200
61.0300	278.0133	47.6200
58.9500	280.9867	47.6200
58.3200	281.6700	47.6200
80.2700	279.6233	47.6200
91.7500	276.2667	47.6200
60.6000	279.2400	47.6200
51.4200	281.8900	47.6200
48.5100	284.5333	47.6200
47.1500	286.1767	47.6200
45.9100	287.1200	47.6200
44.6400	285.7133	47.6200
64.9800	281.1133	47.6200
57.9300	280.0867	47.6200
69.8500	278.6533	47.6200
49.6500	278.3333	47.6200
41.4200	276.2033	47.6200
41.2900	276.4133	47.6200
39.7300	277.3300	47.6200
38.1500	277.9500	47.6200
83.5000	278.0600	47.6200
78.7100	278.4700	47.6200
76.0300	278.2033	47.6200
46.3000	279.8100	47.6200
37.2900	283.3233	47.6200
35.8600	285.5633	47.6200
35.9700	285.0033	47.7000
35.9100	285.8867	47.7000
48.3800	284.2600	47.7000
61.3000	283.6867	47.7000
76.7300	285.2700	47.7000
45.3800	287.8100	47.7000
37.2400	287.4533	47.7000
34.1900	288.1567	47.7000
33.3200	287.9467	47.7000
32.7400	283.1867	47.7000
32.1800	281.1967	47.7000
31.3400	284.4433	47.7000
30.3700	287.6800	47.7000
29.2700	289.9467	47.7000
28.0100	288.0233	47.7000
26.6200	283.4067	47.7000
25.3100	282.7200	47.7000
24.0000	284.7833	47.7000
22.7900	285.1033	47.7000
21.6200	283.7100	47.7000
20.3800	284.3233	47.7000
19.1200	286.4933	47.7000
17.9700	289.4167	47.7000
16.8800	290.5167	47.7000
15.8600	291.1467	47.7000
14.9900	291.0167	47.7000
14.3100	292.3367	47.7000
13.5000	293.1467	47.7000
12.7200	292.7133	47.7000
12.0400	289.7600	47.7200
11.4300	288.3100	48.9000
10.8600	287.3933	48.8900
10.3600	286.5000	48.8900
9.9000	287.8133	48.8800
9.4700	290.0300	48.8800
9.0900	291.5367	48.8800
8.7300	292.7667	48.8800
8.3900	293.9800	48.8900
8.3700	294.2867	48.9100
8.8200	295.6467	48.9100
8.5000	295.8400	48.9100
7.7400	295.3500	48.9100
7.1700	294.1667	48.9100
6.7800	293.2767	48.9100
6.4800	294.4200	48.9100
6.2200	295.9400	48.9000
5.9900	297.1167	48.8900
5.7700	296.0200	48.8900
5.5600	294.4400	48.8900
5.3700	293.9033	48.8900
5.1800	293.8967	48.8900
5.0000	294.0800	48.8800
4.8300	295.7433	48.8800
4.6700	296.3033	48.8800
4.5100	296.8400	48.8800
4.3800	296.3533	48.9000
4.6400	295.4233	48.9100
6.0900	294.1133	48.9100
5.5000	293.1033	48.9100
4.5900	293.3933	48.9100
4.0500	293.2700	48.9200
3.7400	292.4767	49.1300
3.5400	293.1900	49.1300
3.3900	294.1033	49.1300
3.2700	294.5233	49.1200
3.1700	294.6200	49.1000
3.0700	293.9767	49.1000
2.9600	293.3967	49.1000
2.8700	293.3067	49.0900
2.7800	293.1433	49.0900
2.6900	292.8067	49.0900
2.6100	291.3500	49.1000
2.5500	291.5667	49.1000
2.4800	292.6267	49.0900
2.4100	293.7467	49.0900
2.3600	294.2967	49.0900
2.4600	295.6967	49.1000
2.4900	296.8700	49.0900
2.3800	294.7733	49.1100
2.2500	294.0567	49.1300
2.1400	294.4100	49.1300
2.0400	293.1167	49.1300
1.9600	288.6733	49.1300
1.8800	289.4900	49.1300
1.8000	294.0333	49.1300
1.7400	297.6000	49.1100
1.6900	298.3033	49.1000
1.6300	292.3967	49.1000
1.6200	287.7900	49.0900
2.9600	283.4633	49.1000
3.6200	284.5400	49.1000
3.0900	285.8167	49.1200
2.4900	289.3233	48.6200
2.0700	293.4000	48.6200
1.7800	296.8167	48.6200
1.5700	295.2767	48.6200
1.4400	291.1033	48.6100
1.3400	289.0767	48.6000
1.2700	290.2000	48.6000
1.2100	286.3267	48.6000
1.5300	284.1867	48.6100
2.0100	285.5600	48.6200
1.9400	289.1733	48.6200
1.7100	290.9333	48.6100
1.4700	291.5667	48.6000
1.3000	290.5533	48.6000
1.1700	290.4300	48.6000
1.0800	290.1933	48.6000
1.0100	291.1500	48.6000
1.0000	290.3367	48.5900
7.2300	286.5433	48.6100
27.3300	282.9000	48.6200
14.3900	284.0167	48.6200
6.5500	285.0300	48.6200
3.6100	285.9267	48.6200
2.3600	288.1200	48.6200
1.7100	291.0000	48.6200
1.3500	292.2433	48.6200
1.1200	293.5900	48.6200
0.9700	294.4300	48.6200
0.8600	294.9767	48.6200
0.7900	295.6433	48.5800
0.7400	295.7433	47.3600
0.7100	294.7533	47.3600
0.6800	294.2700	47.3600
0.6700	286.6333	47.3600
0.6700	283.9067	47.3600
0.7100	285.4000	47.3600
0.8100	284.6667	47.3600
0.9100	284.9833	47.3600
0.9400	286.9100	47.3600
0.9100	289.1200	47.3600
0.8600	288.8367	47.3600
0.7800	287.6367	47.3600
0.7300	288.7567	47.3600
0.6900	290.0533	47.3600
0.6600	290.9733	47.3600
0.6400	289.3933	47.3600
0.6200	286.9600	47.3600
0.6100	284.2233	47.3600
0.6000	287.4000	47.3600
0.5900	287.9233	47.3600
0.5800	286.0500	47.3600
0.5800	283.1367	47.3600
4.9200	280.5167	47.3600
143.3700	281.9333	47.3600
188.5800	280.0267	47.3600
36.0000	277.1900	47.3600
13.0000	276.6633	47.3600
9.7200	277.3167	47.3600
68.8600	277.6300	47.3600
52.5200	278.1767	47.3600
22.9700	278.1067	47.3500
21.7800	279.8867	46.6300
12.6200	282.5900	46.6300
7.5100	284.7500	46.6300
4.3900	285.1300	46.6300
2.8500	286.1167	46.6300
2.0900	285.2400	46.6300
23.9900	282.9367	46.6300
61.5000	276.7700	46.6300
18.8000	275.6867	46.6300
13.3400	275.7333	46.6300
15.7400	275.7400	46.6300
12.0000	277.0533	46.6300
6.6000	277.6933	46.6300
4.2800	280.7833	46.6300
3.3400	282.2167	46.6300
3.1000	281.1533	46.6300
3.2300	279.2400	46.6300
3.5300	278.7900	46.6300
4.3600	277.6333	46.6300
5.4500	275.4267	46.6300
16.8300	274.1200	46.6300
18.9500	273.9567	46.6300
14.9900	274.2233	46.6300
12.3300	273.4933	46.6300
8.8700	273.4600	46.6300
7.5600	273.8833	46.6300
8.7600	273.9933	46.6300
16.7900	273.7167	46.6300
14.0900	273.7133	46.6300
11.0900	274.1933	46.6400
11.2900	274.8700	46.7300
19.8600	275.2733	46.7300
56.7100	275.1133	46.7300
46.5200	275.8300	46.7300
57.3800	276.4467	46.7300
104.3800	276.5400	46.7300
78.3500	276.3200	46.7300
45.9100	276.7900	46.7300
84.1400	276.3200	46.7300
89.2100	277.7133	46.7300
94.7900	278.1100	46.7300
97.2400	279.2467	46.7300
100.7800	279.8767	46.7300
158.3600	279.0967	46.7300
168.8300	275.1867	46.7300
131.8700	273.8667	46.7300
132.1200	273.6100	46.7300
139.6300	273.6433	46.7300
149.0300	274.1700	46.7300
154.9200	274.1233	46.7300
155.9300	274.1733	46.7300
194.3100	275.0467	46.7300
188.2000	275.1800	46.7300
165.0800	274.9167	46.7300
166.3600	275.2533	46.7300
255.1100	275.2100	46.7300
183.5100	274.3067	46.7300
170.4800	275.1533	46.7300
324.9600	275.1033	46.7300
218.1000	273.5667	46.7300
