14.4800	277.9600	13.7800
14.0900	277.2150	14.3100
12.8400	278.0150	13.6800
11.7000	278.7050	12.1100
21.7000	279.4500	17.5700
29.1300	280.7950	27.6900
26.6500	279.3000	27.6300
22.7500	280.0050	24.0000
19.4100	280.6750	20.5200
13.7300	275.8500	16.1000
11.1400	275.4600	11.9100
12.2200	276.8000	12.2800
12.0500	275.3950	12.6300
13.3100	275.0950	13.0900
13.8200	274.3150	15.1900
9.2500	273.8650	11.8200
5.4800	273.8600	7.2000
4.1700	274.1800	4.9200
4.4600	276.1150	4.3300
19.9100	277.4950	13.0800
18.4700	276.6500	20.3800
11.6500	279.3450	14.2000
8.6000	278.7250	9.4300
8.4700	278.3550	8.5600
14.4800	277.5150	11.4600
20.9300	275.0700	22.6800
9.7900	275.3350	12.9400
6.4000	275.0950	7.8600
6.1700	275.8650	6.3100
14.5900	277.3000	10.3700
14.2900	274.4650	16.7000
8.0200	275.0550	9.9800
9.2600	275.7700	8.4300
12.6500	277.7100	11.9100
19.3700	277.5750	16.8000
31.7800	278.7050	29.8200
35.9200	278.8250	36.4900
18.4000	275.2750	23.9800
9.6900	273.7100	12.3700
7.5800	274.0350	8.3100
9.9700	275.2000	9.5000
15.6300	275.1750	13.9700
13.5700	274.3050	16.0200
9.6400	274.1650	11.6100
8.3800	274.5500	9.2600
7.0800	274.9750	7.8500
8.3300	275.7400	7.3400
13.9700	276.3800	11.9900
14.1000	276.9050	14.3600
21.7400	278.2150	19.0100
24.5000	277.3750	24.3400
23.7900	278.1750	24.4100
21.5900	277.9200	22.3900
28.0200	276.1900	26.7400
24.1100	275.2850	26.7600
18.7300	274.8500	21.5700
13.7500	275.8000	15.1200
15.8000	276.4950	14.9200
16.2100	277.2850	16.7900
17.1200	278.0450	16.4700
18.0800	278.3600	18.2100
24.7500	276.3100	21.6500
26.1600	274.4300	31.4000
13.5000	277.0000	16.1100
36.4800	278.7550	28.4400
45.5000	279.2550	46.8400
36.8000	282.4350	38.7300
33.6600	281.5200	34.3200
15.2000	276.2250	20.5100
11.5900	275.4450	12.6600
14.3600	275.9950	13.3200
15.8000	277.3200	15.6900
21.8400	281.3500	20.0100
17.5900	278.2700	19.2600
12.3100	278.1000	14.1100
15.1100	276.2850	13.5600
24.4400	277.5350	21.4600
57.7200	279.0650	52.1900
56.2000	281.5000	62.5900
23.1900	281.7250	28.4800
13.4200	283.9250	16.0100
11.3400	285.4000	12.0000
13.8000	285.4900	12.1700
29.0300	285.5150	26.7600
28.8500	282.5150	24.8900
45.3500	278.2250	49.5700
19.0600	278.0000	23.6400
97.6400	279.7050	60.6100
49.1100	280.1600	85.9800
18.9500	280.4150	24.2100
12.8100	282.5050	14.4100
12.0800	280.3450	12.3700
11.6000	276.6450	11.9400
20.7600	274.8950	17.6900
20.4500	275.1350	21.8100
21.9000	277.3600	21.3900
18.1300	279.0000	19.3100
39.5000	276.0650	35.2900
24.6100	274.6000	29.7400
19.5800	275.3300	20.5900
24.7800	276.1400	22.6100
42.2000	276.1800	38.6300
32.3900	276.0600	37.1200
24.4700	276.4350	25.9200
27.5400	276.7050	26.9900
28.4400	278.5900	28.5000
26.8000	281.2000	27.6600
22.0700	281.7800	22.9200
33.0800	280.7400	29.0500
83.0000	278.7450	78.5000
46.5700	277.4350	54.1000
32.0300	278.2450	34.9700
26.8300	280.2300	28.1400
24.0300	280.9750	24.8500
26.6300	282.5900	26.0700
29.0300	287.0700	28.6200
30.7400	288.7350	30.3500
34.3600	286.3000	34.1400
33.1000	282.8200	32.3500
44.4400	278.0350	43.2300
35.1700	280.5450	37.8000
48.7300	279.1300	44.5900
36.3000	277.4450	41.2200
26.6400	280.0400	28.6100
24.3200	285.0650	24.8300
24.7000	283.7150	24.6300
25.3100	282.0350	25.3100
25.9800	286.5200	25.9700
25.3500	288.9750	25.6900
25.4800	286.9700	25.4500
25.5100	284.7550	25.7400
24.9200	288.3050	25.1600
25.2600	292.0400	25.1400
26.1100	287.6450	26.0400
27.6100	285.1100	27.4300
130.3400	281.3100	58.5600
121.6200	280.1800	74.2800
48.2800	281.2800	74.2800
28.9200	283.0700	74.2800
26.3800	286.2300	74.2800
25.9500	287.4550	34.9800
24.3400	288.7400	24.7800
23.9400	292.8400	24.1300
23.8500	294.2150	23.9800
23.8400	292.8550	23.9600
23.7800	291.1200	23.9100
23.6800	291.7300	23.8200
23.9900	290.2700	23.9300
24.2300	285.1100	24.4000
23.5200	282.2500	23.7900
23.0900	285.4500	23.2900
22.7300	291.8050	22.9200
22.4000	291.7150	22.6000
23.9200	283.0150	23.2400
25.7500	280.2100	25.7000
26.7100	281.0850	26.0900
26.0500	283.0100	25.8600
38.3600	282.3500	26.1400
26.0000	285.5250	26.1400
20.8500	288.5150	26.1400
20.9900	287.8200	26.1400
27.2300	285.4700	26.1400
22.3800	285.0450	26.1400
24.1300	282.6150	24.4500
30.3400	282.0150	26.1400
20.4200	285.8300	26.1400
17.6500	287.0250	20.0600
17.4000	287.4550	17.4400
17.6800	287.7850	17.7200
17.6000	286.3200	17.8300
16.2800	288.0900	16.7500
15.5100	290.6400	15.8000
15.0600	292.2450	15.2700
14.7100	291.7950	14.8900
14.4000	290.4800	14.5700
14.1000	287.7450	14.2700
15.2200	283.7100	14.7200
16.5700	286.6650	16.3400
82.8700	285.8050	23.9600
53.4900	283.9550	26.1400
47.1300	287.5050	26.1400
19.7600	289.0400	25.8600
15.0500	289.7700	12.5100
14.5100	291.4000	12.5100
12.8200	294.5100	12.5100
11.9200	294.7550	12.5100
11.4900	292.5650	12.5100
11.2100	288.4300	12.5100
10.9600	290.7550	12.5100
10.7000	292.7300	12.5100
10.4800	294.8900	12.5100
10.3200	294.7950	12.5100
29.0100	293.1400	12.5100
31.6300	291.5250	12.5100
20.8300	291.9850	12.5100
18.6800	291.1800	12.5100
13.5800	289.7750	12.5100
11.7300	287.3150	12.5100
11.2800	286.6450	12.5100
9.8300	287.9200	12.5100
9.0700	288.4600	12.5100
13.8400	288.3350	12.5100
17.1100	288.0550	12.5100
11.1100	289.5200	12.5100
9.0800	292.0450	12.5100
8.3500	293.5000	12.5100
7.9900	293.5950	12.5100
7.7600	293.2100	12.5100
7.5700	291.7450	12.5100
7.4000	289.8700	12.5100
7.2400	288.5700	12.5100
17.0400	286.5250	12.5100
36.4300	286.7300	12.4200
14.3000	291.2500	7.8900
8.8200	291.3750	7.8900
7.3100	291.4250	7.8900
6.7800	290.7900	7.8900
6.5500	290.6700	7.8900
6.3800	293.2100	7.8900
6.2200	293.9450	7.8900
6.0800	294.9300	7.8900
5.9600	298.6450	7.8900
5.8400	298.5150	7.8900
5.7300	296.4600	7.8900
5.6700	297.6100	7.8900
5.5600	295.1400	7.8900
5.4400	293.7850	7.8900
5.3200	294.0550	7.8900
5.2200	293.2700	7.8900
5.1400	291.9550	7.8900
5.0400	289.9850	7.8900
4.9500	288.2050	7.8900
4.8600	289.1200	7.8900
4.7600	288.3900	7.8900
4.6500	288.7700	7.8900
5.1300	286.2050	7.8900
9.6200	288.2700	7.8900
8.4200	289.9650	7.8900
8.5400	292.3750	7.8900
8.0900	293.0250	7.8900
6.0700	292.6800	7.8900
4.9000	292.7200	7.8900
4.3900	292.8650	7.8900
4.1400	291.5350	7.8900
4.3500	290.9100	8.1600
5.3900	290.8000	8.1600
5.8100	290.2500	8.1600
5.0900	290.7050	8.1600
4.2900	287.9500	8.1600
3.8900	284.5250	8.1600
3.6700	288.0500	8.1600
3.5300	290.5700	8.1600
3.7500	294.8000	8.1600
3.8900	293.7250	8.1600
3.6300	293.0600	8.1600
3.4100	294.2200	8.1600
7.7200	289.7500	8.1600
28.6400	291.6950	8.1600
13.8200	292.4400	8.1600
20.9600	291.7150	8.1600
14.4700	291.4350	8.1600
8.0600	290.8450	8.1600
5.0600	288.6150	8.1600
3.7600	289.7700	8.1600
3.2100	290.2050	8.1600
2.9400	290.9050	8.1600
2.7900	292.4950	8.1600
2.7100	292.1350	8.1600
5.7100	289.0500	8.1600
51.4900	282.9250	8.1600
19.8000	284.0400	8.1600
8.2400	284.8050	8.1600
4.7100	286.4200	8.1600
3.4600	290.8400	8.2200
3.2600	296.0450	10.8800
3.0600	294.2250	10.8800
2.7900	291.1350	10.8800
2.5900	292.5350	10.8800
2.4700	290.4350	10.8800
2.3900	286.2650	10.8800
2.3400	286.4700	10.8800
2.3400	285.9750	10.8800
2.3600	280.8250	10.8800
2.4200	281.1900	10.8800
10.3400	281.6950	10.8800
38.5000	282.3100	10.8800
11.5300	285.7600	10.8800
5.3200	286.8350	10.8800
3.4500	288.3150	10.8800
2.7200	291.4150	10.8800
2.3800	282.6150	10.8800
2.2100	280.8500	10.8800
2.1000	285.7050	10.8800
2.0300	286.1400	10.8800
1.9800	284.3900	10.8800
1.9900	283.9300	8.1100
64.3200	280.8250	8.0000
39.2500	276.8600	10.8800
11.2500	280.5000	10.8800
5.2100	284.5900	10.8800
3.2800	284.0250	10.8800
3.0100	280.6950	10.8800
6.0600	281.8200	10.8800
9.2500	283.3900	10.8800
60.5800	281.3300	11.0900
26.4400	281.6500	20.7000
11.8900	283.8400	20.7000
5.9100	283.6500	20.7000
3.5500	284.0150	20.7000
2.6000	283.5400	20.7000
3.1800	278.9400	20.7000
4.6100	276.7600	20.7000
3.4800	281.5100	20.7000
2.5600	283.9700	11.9400
2.0900	285.0550	2.4500
1.8700	285.1750	2.0800
1.8400	283.5200	1.9100
20.3000	281.4100	11.0400
37.5300	280.3850	20.7000
26.2300	281.8900	20.7000
17.0300	281.9550	20.7000
63.3500	278.6800	20.7000
25.2600	276.9500	20.7000
9.4400	282.0250	20.7000
12.0900	279.7500	20.7000
38.3400	277.9950	20.7000
97.4600	277.2700	20.7000
57.1700	275.2850	20.7000
17.6900	277.7350	20.7000
30.0900	275.5500	20.7000
22.7000	274.3350	20.7000
11.8700	273.6300	20.7000
9.0400	274.8850	20.7000
77.0900	275.6050	20.7000
29.3400	274.1500	21.3000
13.1600	275.5200	49.5900
28.7900	275.1250	49.5900
16.2600	275.5800	49.5900
13.4700	274.5150	49.5900
12.1300	274.6900	49.5900
51.6300	276.4550	49.5900
58.3200	275.2800	49.5900
17.5500	276.8950	49.5900
11.9700	275.6700	49.5900
11.5300	273.7650	49.5900
8.9400	273.9350	38.8200
9.8700	274.0950	10.3600
14.2900	276.0150	13.1100
121.2400	275.8850	41.6000
43.3000	273.6450	49.5900
19.4500	276.2550	49.5900
74.8400	276.5750	49.5900
34.5300	274.5600	49.5900
22.3900	275.1550	49.5900
21.7300	276.5000	49.5900
21.9300	274.9750	38.5200
17.6500	274.8250	18.7600
21.4200	275.6000	20.5400
22.4100	274.8300	22.9000
21.5800	275.7750	21.9600
22.4300	276.0500	22.2700
25.0400	278.6700	24.1700
49.2800	277.8350	41.0000
49.8200	277.3600	49.5900
61.5100	277.6500	49.5900
104.4500	278.9450	49.9500
91.4100	278.6150	66.9500
193.2700	279.0700	66.9500
135.9800	276.9000	66.9500
55.6300	274.9650	66.9500
53.6500	277.4100	66.9500
116.2300	278.5250	66.9500
188.9700	279.0950	66.9500
187.2600	278.7500	66.9500
158.1600	275.9600	66.9500
139.2200	274.0750	66.9500
147.5500	276.6550	66.9500
159.1400	277.7550	66.9500
146.9200	274.4700	66.9500
137.6700	273.6650	66.9500
129.1000	273.2550	66.9500
124.8800	273.4900	66.9500
122.0900	273.9050	66.9500
121.5200	273.2900	66.9500
114.9800	273.2550	66.9500
110.7200	273.2950	66.9500
144.8900	274.1350	66.9500
128.7900	273.4600	66.9500
99.5400	273.2900	66.9500
95.7900	273.4750	66.9500
106.9100	274.9800	66.9500
145.5800	274.5050	66.9500
95.8300	273.3700	66.9500
87.5900	273.3100	66.9500
85.3300	273.2150	66.9500
83.6800	273.3350	66.9500
82.3700	273.4000	67.0800
84.7300	273.8700	73.1400
89.0700	273.7650	73.1400
85.0800	274.2250	73.1400
85.8900	274.5000	73.1400
83.1600	275.0600	73.1400
78.0400	274.2950	73.1400
103.3600	275.0950	73.1400
181.2700	274.7000	73.1400
88.7300	273.9300	73.1400
79.1800	275.8450	73.1400
107.7900	276.1450	73.1400
86.4900	275.3750	73.1400
86.0000	276.4100	73.1400
95.3800	276.0450	73.1400
97.7900	276.6950	73.1400
92.2200	276.9200	73.1400
95.5800	276.9000	73.1400
98.2300	275.6750	73.1400
96.4000	275.9200	73.1400
185.4800	276.1750	73.1400
181.0700	277.7800	73.1400
165.0200	280.2850	73.1400
166.9200	280.1450	73.1400
145.1600	276.0400	73.1400
114.5800	275.3750	73.1400
111.2900	276.4150	73.1400
105.6800	276.8450	73.1400
105.9400	277.1550	73.3400
99.4400	274.3700	82.8300
96.1200	274.2900	82.8300
95.0100	274.7200	82.8300
93.7600	275.6200	82.8300
92.2500	276.0250	82.8300
104.0900	276.4450	82.8300
133.8200	275.6300	82.8300
111.9500	273.7000	82.8300
89.1800	273.7700	82.8300
100.9200	275.0150	82.8300
102.4700	275.6550	82.8300
151.9800	276.9650	82.8300
118.7200	274.7100	82.8300
93.0100	273.7250	82.8300
90.3400	273.7500	82.8300
85.6600	273.4550	82.8300
87.0900	273.6400	82.8300
84.0200	273.6050	82.8300
85.4500	274.3800	82.8300
127.6000	277.7300	82.8300
149.9000	280.5200	82.8300
145.7900	281.8700	82.8300
133.9800	279.6750	82.8300
159.6000	276.6600	82.8300
110.4700	274.9650	82.8300
96.0500	276.3700	82.8300
105.6500	277.1850	82.8300
105.1300	276.4200	82.8300
113.5200	277.6800	82.8300
129.0400	279.2250	82.8300
124.5900	280.1850	82.7700
124.3200	280.0100	80.3300
137.1000	280.9150	80.3300
150.4200	283.1350	80.3300
151.9400	283.5800	80.3300
143.5500	284.0500	80.3300
156.5000	280.5150	80.3300
174.1000	278.0150	80.3300
178.6600	278.5350	80.3300
196.0300	280.9650	80.3300
263.8700	277.3800	80.3300
206.3000	278.7150	80.3300
198.7400	279.3700	80.3300
177.0500	281.5150	80.3300
343.9200	281.7950	80.3300
224.7700	276.4150	80.3300
165.2900	273.9150	80.3300
175.2500	274.0600	80.3300
162.8900	274.0200	80.3300
174.1400	275.0700	80.3300
182.2300	276.3200	80.3300
132.8500	277.3950	80.3300
127.8800	279.0700	80.3300
121.6500	279.9300	80.3300
113.2900	278.4250	80.3300
107.8600	280.8350	80.3300
103.3500	279.9500	80.3300
100.4800	276.3000	80.3300
109.1100	275.3200	103.3000
94.0000	279.2200	97.1400
121.0800	280.7900	116.8500
109.4700	278.4000	118.9300
85.7000	280.8600	88.8700
80.0700	281.0400	81.6800
75.4800	279.4750	77.1300
72.7500	280.9500	74.0300
70.7800	278.3500	71.9700
66.5500	277.0750	68.2100
62.6900	276.4400	64.2300
60.4900	278.1450	61.5500
58.7600	277.5650	59.8500
57.0600	278.2700	58.1700
54.7700	282.5050	55.9700
52.8800	285.1800	53.9000
49.7400	280.3350	53.3300
47.5700	280.8250	53.3200
45.8800	281.2750	53.3200
44.2900	283.1750	53.3200
43.0900	284.2350	53.3200
41.2700	283.1100	53.3200
48.0900	281.7900	53.3200
52.2900	279.1000	53.3200
69.3600	277.7650	53.3200
46.0200	279.3150	53.3200
34.5500	283.8150	53.3200
32.9400	287.1700	53.3200
32.2100	288.0800	53.3200
31.3400	286.8600	53.3200
37.9800	285.1500	53.3200
43.8800	286.1200	53.3200
36.4300	287.7500	53.3200
29.0000	287.3050	53.2900
37.5200	286.1750	51.5700
44.3100	283.5850	51.5700
27.5600	284.9100	51.5700
25.4900	286.9250	51.5700
26.4800	288.6600	51.5700
31.8300	286.7200	51.5700
22.6000	284.2250	51.5700
23.5700	280.9200	51.5700
18.4700	279.7400	51.5700
16.5300	284.1000	51.5700
14.7200	289.3100	51.5700
13.6200	291.6450	51.5700
13.0000	293.0000	51.5700
12.5400	289.9850	51.5700
12.1600	289.2300	51.5700
11.8200	289.2350	51.5700
11.5900	286.6250	51.5700
26.2800	285.4600	51.5700
45.8100	285.3000	51.5700
18.2400	287.3000	51.5700
12.1400	288.3150	51.5700
11.8800	290.3200	51.5700
13.8000	290.3150	51.5700
12.3800	289.1950	51.5700
10.6700	291.7200	51.5700
9.6000	293.3600	51.5700
9.0800	291.8600	51.5700
8.7600	289.0200	51.5700
8.6600	288.8400	51.5700
11.2700	289.6500	51.3200
10.3200	288.8950	39.3800
8.6500	289.4750	39.3800
7.9300	289.1000	39.3800
7.5700	286.4250	39.3800
7.3200	286.4800	39.3800
7.1200	289.7150	39.3800
6.9500	290.8000	39.3800
6.7900	288.6850	39.3800
6.6400	291.8000	39.3800
6.4900	297.7450	39.3800
6.3400	295.8200	39.3800
6.2000	296.1400	39.3800
6.0800	296.7900	39.3800
6.5700	292.0950	39.3800
8.0200	291.0950	39.3800
7.2800	291.6350	39.3800
6.4300	291.6200	39.3800
5.9400	291.5350	39.3800
6.1900	289.8500	39.3800
6.0400	290.6200	39.3800
5.5600	293.3600	39.3800
5.2200	294.2200	39.3800
5.0200	294.1800	39.3800
5.4100	294.0500	39.3800
6.0500	293.0400	39.3800
5.5400	292.6700	39.3800
4.9700	290.7850	39.3800
4.6400	290.7800	39.3800
4.4300	294.1050	39.3800
4.2800	294.8300	39.3800
4.1800	291.9650	39.2800
4.0800	291.4450	34.8400
3.9800	289.8550	34.8400
3.8800	288.3650	34.8400
3.7900	286.5950	34.8400
3.7100	285.1100	34.8400
3.6400	285.0350	34.8400
3.5800	286.1250	34.8400
3.5000	288.4550	34.8400
3.4300	291.8350	34.8400
3.3500	294.5350	34.8400
3.2700	293.3900	34.8400
3.2100	294.0900	34.8400
3.1400	297.4450	34.8400
3.0800	299.2650	34.8400
3.0100	296.3550	34.8400
2.9600	294.5300	34.8400
2.9000	293.6000	34.8400
2.8300	290.7350	34.8400
2.7700	290.0150	34.8400
2.7200	287.7850	34.8400
2.6600	286.2450	34.8400
2.6200	288.2150	34.8400
2.5900	290.4750	34.8400
2.6800	290.2700	34.8400
4.0000	290.4300	34.8400
3.8900	288.3350	34.8400
3.3300	289.6650	34.8400
3.0100	293.9400	34.8400
2.7000	294.3800	34.8400
2.4800	291.4400	34.8400
2.3300	289.5550	34.8300
2.2500	292.1000	34.5300
2.1800	293.7250	34.5300
2.1100	291.3500	34.5300
2.0700	287.4700	34.5300
2.0300	284.7500	34.5300
2.0000	283.8700	34.5300
2.5900	284.4200	34.5300
6.3400	284.5700	34.5300
5.1500	288.1250	34.5300
3.4400	292.0000	34.5300
2.6000	292.5850	34.5300
2.1900	292.9600	34.5300
1.9900	294.1000	34.5300
1.8700	294.2400	34.5300
2.1000	290.9850	34.5300
2.9200	287.6250	34.5300
3.4400	287.2350	34.5300
43.4700	284.1850	34.5300
19.8900	288.8350	34.5300
7.1100	291.6700	34.5300
3.8300	290.9600	34.5300
2.8300	294.6300	34.5300
2.4200	294.6500	34.5300
2.0900	293.1450	34.5300
1.8500	291.5350	34.5300
1.6900	291.7700	34.5300
1.5900	287.7750	34.5300
1.8800	286.7650	34.5300
3.9000	285.3700	34.5300
4.3900	280.1800	34.5600
13.7200	280.0900	36.1100
13.9500	278.7600	36.1100
6.3600	281.2800	36.1100
8.2900	283.4250	36.1100
13.4900	285.8850	36.1100
6.6900	286.9000	36.1100
3.7000	289.3450	36.1100
2.5000	288.8150	36.1100
1.9500	287.4750	36.1100
1.6800	283.6750	36.1100
1.5300	279.3500	36.1100
1.4500	282.2050	36.1100
1.3900	286.6900	36.1100
1.3400	287.7450	36.1100
1.3100	289.5400	36.1100
1.2900	290.0150	36.1100
1.2700	290.7100	36.1100
1.2500	287.4600	36.1100
1.2300	285.0050	36.1100
1.2200	284.7500	36.1100
1.2200	283.3950	36.1100
1.2400	283.8350	36.1100
1.2600	283.8800	36.1100
1.2500	281.6700	36.1100
1.2200	282.1250	36.1100
1.2000	280.2800	36.1100
1.1800	279.8200	36.1100
1.1500	282.1800	36.1100
1.1400	279.3350	36.1100
1.1500	277.5050	36.1100
1.1700	277.2900	36.3000
1.1800	277.7200	45.2400
1.1700	278.8800	45.2400
1.1500	281.0550	45.2400
1.1200	282.5300	45.2400
1.1000	282.0550	45.2400
1.1000	282.8550	45.2400
1.1500	281.9800	45.2400
28.2800	278.9000	45.2400
69.3500	276.6100	45.2400
84.8800	276.9150	45.2400
62.0400	276.6800	45.2400
38.4500	279.6600	45.2400
74.9900	278.8400	45.2400
23.8900	279.4000	45.2400
11.8300	280.2700	45.2400
7.7200	280.9250	45.2400
9.3000	279.3000	45.2400
19.7000	278.5800	45.2400
11.5800	280.6450	45.2400
8.5000	284.5300	45.2400
6.8200	286.3800	45.2400
4.8500	285.1100	45.2400
3.2100	281.4200	45.2400
2.5200	280.7600	45.2400
4.1900	277.8850	45.2400
6.3800	279.0850	45.2400
3.9400	281.7450	45.2400
2.4800	283.4600	45.2400
1.7800	283.1650	45.2400
1.4300	281.5950	45.8400
1.2500	280.5500	73.9600
1.1300	278.5450	73.9600
1.0600	277.9850	73.9600
1.2000	281.1700	73.9600
1.9900	281.3950	73.9600
2.7300	281.7950	73.9600
2.4200	279.9700	73.9600
1.8500	278.4500	32.3500
1.4900	279.8100	1.7900
2.0200	278.7650	1.7300
14.2100	277.6200	9.7600
19.0900	279.9800	18.2700
38.5700	278.9550	34.6700
57.7700	279.5050	51.4400
88.7300	278.1700	73.9600
78.6700	276.7350	73.9600
79.3600	275.2950	73.9600
17.2300	274.7750	70.7600
8.8400	276.3350	11.2700
6.7500	276.6200	7.9300
8.1100	275.9800	7.4900
14.2200	275.5200	13.8900
7.8400	275.9700	10.4200
4.6300	274.7450	6.1000
4.1700	275.2000	4.5900
4.8700	276.4450	4.7300
33.5200	279.2900	13.9800
259.8300	276.9200	73.9600
94.7800	275.2450	73.9600
32.8900	274.6500	73.9600
63.9300	276.1800	74.3200
34.4400	274.7800	91.3400
17.8500	278.2850	91.3400
63.6000	279.3250	91.3400
75.9700	279.7650	91.3400
67.7800	277.6500	89.7900
23.1200	279.7650	30.6900
16.6700	279.9500	17.6500
14.6400	279.3450	15.7700
15.0400	281.4600	14.5000
17.0400	279.7200	16.8500
18.9600	279.3450	17.9900
42.0600	279.3950	31.3200
103.4400	277.9900	90.2800
90.6800	278.4250	91.3400
62.9100	277.0500	85.3900
34.5600	279.1900	38.7500
32.8100	281.2850	32.6500
37.8100	282.9300	36.7200
40.4400	281.7200	40.1000
42.3400	279.8400	42.0700
50.1900	279.6800	48.0900
69.4100	279.9050	68.2100
110.7000	278.7800	84.3900
67.7200	278.3300	91.3400
151.7100	279.8800	90.2100
96.5800	280.4500	91.3400
142.2600	278.7550	91.3400
142.4700	275.9650	91.3400
78.5000	275.8750	91.3400
135.7500	278.4800	91.3400
212.1600	280.4800	91.4600
126.3300	279.6450	97.5000
137.3900	274.4900	97.5000
108.9900	273.9750	97.5000
105.6900	274.2850	97.5000
102.4900	273.8550	97.5000
102.6100	273.8500	97.5000
102.2100	273.6600	97.5000
102.0200	273.8850	97.5000
101.7700	274.2750	97.5000
101.3400	275.2450	97.5000
100.6800	276.0150	97.5000
99.7600	277.4250	97.5000
102.2000	278.7350	97.5000
165.4600	277.3200	97.5000
113.7500	278.1200	97.5000
167.8600	277.0600	97.5000
142.8700	275.2100	97.5000
110.9300	274.7750	97.5000
112.9800	274.5200	97.5000
104.2200	273.8750	97.5000
101.6600	274.6250	97.5000
126.8100	275.6950	97.5000
113.1900	275.1400	97.5000
110.3400	276.5850	97.5000
110.6900	276.2300	97.5000
98.0900	275.3250	97.5000
94.0500	274.3750	97.5000
93.8900	274.3700	97.7100
95.5000	274.3400	107.2000
109.0200	274.9250	107.2000
104.1300	275.2500	107.2000
107.3300	274.5750	107.2000
109.8400	274.9950	107.2000
99.3100	274.9800	107.2000
126.0000	275.1950	107.2000
108.9300	275.7150	107.2000
136.1700	277.7500	107.2000
141.8600	277.8600	107.2000
118.3900	279.3400	107.2000
99.9300	279.4250	107.2000
94.1000	281.0850	107.2000
131.4200	279.6800	107.2000
154.1300	278.8050	107.2000
146.4400	276.5100	107.2000
110.2200	275.6250	107.2000
94.0500	274.6450	107.2000
87.7300	275.0850	107.2000
99.2100	277.0800	107.2000
118.1000	276.5300	107.2000
153.9800	277.8550	107.2000
200.7000	276.3200	107.2000
105.0900	275.2700	107.2000
105.6600	276.8700	107.2000
304.2700	276.8300	107.2000
143.4100	274.9650	107.2000
123.2800	275.7850	107.2000
138.6800	278.6250	107.2000
131.1800	281.7750	107.2000
120.5400	284.2800	107.1500
203.2200	278.3700	104.8400
152.8200	274.6550	104.8400
133.5800	274.0150	104.8400
129.4400	273.9650	104.8400
140.2900	274.2550	104.8400
135.8900	274.3900	104.8400
150.4400	275.3250	104.8400
160.6200	278.3950	104.8400
225.9100	281.1150	104.8400
171.2100	281.4300	104.8400
158.3200	279.3100	104.8400
135.9200	279.1100	104.8400
151.9100	279.1900	104.8400
179.4400	276.6150	104.8400
150.1900	275.8850	104.8400
128.3500	276.6800	104.8400
159.0900	276.4250	104.8400
170.5100	275.4750	104.8400
140.2300	275.6200	104.8400
124.1200	278.8450	104.8400
129.7400	279.8950	104.8400
151.7900	278.4050	104.8400
128.6000	277.9000	104.8400
166.6600	277.2650	104.8400
164.6800	275.3800	104.8400
135.0200	275.3350	104.8400
124.2500	274.9050	104.8400
131.6700	277.9450	104.8400
121.9200	278.9350	104.8400
128.6300	278.3750	104.2800
117.8000	278.0900	78.3100
109.0100	281.7350	78.3100
128.9000	282.2150	78.3100
185.8000	278.1600	78.3100
160.8400	275.9000	78.3100
112.2900	276.9900	78.3100
99.9200	278.8900	78.3100
106.3600	277.5300	78.3100
114.9900	276.2800	78.3100
100.5000	277.2150	78.3100
103.2300	278.8900	78.3100
118.6300	280.7100	78.3100
107.3700	282.0150	78.3100
93.0300	285.4700	78.3100
89.7000	283.3800	78.3100
85.7800	278.5200	78.3100
83.0100	276.9550	78.3100
81.5400	276.0150	78.3100
78.3400	278.0950	78.3100
78.2500	282.2150	78.3100
81.1800	284.5400	78.3100
83.5300	286.9800	78.3100
79.3700	287.6900	78.3100
75.5800	289.6200	78.3100
66.2400	286.9400	78.3100
64.4800	284.2850	78.3100
58.8600	285.4050	78.3100
55.1300	290.0300	78.3100
52.7100	290.4450	78.3100
51.4000	292.3350	78.3100
53.8200	287.8500	77.5300
47.6100	284.5450	41.1300
43.6800	286.4700	41.1300
41.2800	288.3650	41.1300
39.3200	290.7450	41.1300
37.4700	291.9250	41.1300
35.6900	294.0300	41.1300
34.0000	294.2500	41.1300
32.1300	293.0400	41.1300
29.9700	289.6850	41.1300
27.9100	287.3600	41.1300
26.1800	286.1850	41.1300
24.6900	286.7250	41.1300
23.3700	286.8100	41.1300
22.1700	285.7050	41.1300
21.1000	286.3700	41.1300
20.0900	288.7850	41.1300
19.1600	291.7400	41.1300
18.3200	290.0650	41.1300
17.5500	287.3000	41.1300
16.8600	285.3500	41.1300
16.2100	284.6300	41.1300
15.8000	283.5400	41.1300
15.2200	283.6400	41.1300
14.5100	284.0000	41.1300
13.9200	287.3600	41.1300
13.4100	292.1750	41.1300
12.9300	294.5600	41.1300
12.4900	295.1650	41.1300
12.0700	296.1350	41.1300
11.6900	290.8800	40.8600
11.2900	287.5350	28.3500
10.9000	286.1400	28.3500
10.5400	287.0200	28.3500
10.2100	288.0450	28.3500
9.8900	288.7150	28.3500
9.5900	289.7600	28.3500
9.3200	289.6100	28.3500
13.2000	287.7100	28.3500
14.5900	290.2200	28.3500
10.1300	292.5600	28.3500
8.8200	292.0350	28.3500
8.2800	291.8600	28.3500
7.9500	290.1550	28.3500
7.7100	289.3500	28.3500
7.4900	290.6000	28.3500
7.2900	289.4600	28.3500
7.0900	289.9800	28.3500
6.9100	292.5900	28.3500
6.7200	293.1850	28.3500
6.5500	292.9100	28.3500
6.3900	294.5450	28.3500
6.2400	296.1750	28.3500
6.0700	295.5600	28.3500
5.9500	293.4850	28.3500
7.5500	291.4300	28.3500
8.7800	291.2650	28.3500
7.4200	293.4900	28.3500
6.2100	296.8050	28.3500
5.5900	297.5900	28.3500
5.2800	297.7500	28.3500
5.0700	296.4050	28.2500
4.9200	294.2800	23.7700
4.7800	292.8450	23.7700
4.8300	289.5900	23.7700
10.6800	291.7350	23.7700
11.3800	291.7900	23.7700
9.4800	290.3200	23.7700
21.8000	288.6350	23.7700
25.2300	288.7450	23.7700
9.8200	289.5000	23.7700
8.7600	290.1850	23.7700
7.5900	288.6350	23.7700
5.3200	287.7350	23.7700
4.3300	288.6800	23.7700
3.9100	290.9450	23.7700
3.6800	292.0800	23.7700
3.8500	289.5250	23.7700
4.5300	291.9300	23.7700
4.2200	293.4750	23.7700
3.7200	293.9750	23.7700
3.4200	291.7150	23.7700
3.2500	295.3300	23.7700
3.1400	293.0450	23.7700
4.1000	289.2150	23.7700
7.7100	290.7350	23.7700
6.1800	292.3600	23.7700
4.4700	291.6500	23.7700
3.5400	289.8650	23.7700
3.0900	290.3300	23.7700
3.2300	289.8350	23.7700
8.3300	292.6300	23.7700
8.1500	293.0100	23.7700
6.9300	291.7100	23.7000
4.8200	295.4150	23.7000
3.8300	297.5700	23.7000
3.2400	297.1300	23.7000
2.8600	295.2700	23.7000
3.3100	294.5350	23.7000
5.1900	289.6600	23.7000
12.5900	282.8650	23.7000
54.8300	282.3950	23.7000
152.8800	280.4950	23.7000
20.2200	286.8750	23.7000
7.1500	289.0750	23.7000
3.9900	287.8150	23.7000
2.8600	290.1050	23.7000
2.3700	288.3600	23.7000
2.1400	284.3350	23.7000
3.4400	282.7250	23.7000
8.9500	285.8700	23.7000
6.5500	288.3400	23.7000
3.9700	287.7700	23.7000
3.5000	289.7400	23.7000
2.9700	292.6400	23.7000
2.3700	292.6400	23.7000
2.0400	293.8100	23.7000
1.8600	293.2100	23.7000
1.7600	293.7000	23.7000
1.7000	296.9900	23.7000
1.7300	294.9100	23.7000
2.1700	290.5150	23.7000
2.2200	288.0000	23.7400
1.9900	288.9300	25.7500
1.8400	287.1700	25.7500
1.7600	289.0950	25.7500
1.7300	289.6150	25.7500
1.9300	287.4950	25.7500
2.6700	288.1550	25.7500
2.6500	288.1650	25.7500
3.1400	285.8750	25.7500
3.4500	282.6600	25.7500
3.4200	280.6950	25.7500
6.3900	281.3500	25.7500
15.6100	281.3600	25.7500
19.1900	280.0600	25.7500
8.5300	283.8650	25.7500
4.3400	282.4650	25.7500
3.7800	284.0250	25.7500
6.5400	284.8400	25.7500
4.6900	287.1400	25.7500
3.0200	287.0950	25.7500
2.3100	288.5650	25.7500
1.9800	290.3450	25.7500
1.7700	288.6400	25.7500
1.6800	282.1700	25.7500
2.2400	281.4700	25.7500
2.4800	285.7650	25.7500
2.1100	290.7050	25.7500
1.7500	291.7900	25.7500
1.5300	290.1950	25.7500
1.4100	284.6700	25.7500
1.7000	277.3400	25.7500
3.6100	276.0850	25.9500
4.7000	276.1700	35.1600
3.4500	277.1350	35.1600
8.8100	275.6450	35.1600
11.3300	275.2600	35.1600
11.8600	275.7450	35.1600
13.4000	276.0150	35.1600
17.3800	280.1100	35.1600
37.9700	280.2400	35.1600
38.8400	279.7050	35.1600
17.9600	280.1400	35.1600
14.0200	279.6400	35.1600
28.0500	278.4500	35.1600
13.3200	279.2900	35.1600
5.5900	279.6750	35.1600
3.6900	279.5000	35.1600
18.0500	277.8600	35.1600
61.0000	277.6400	35.1600
36.2700	277.9450	35.1600
15.5300	281.8200	35.1600
24.6700	277.2500	35.1600
22.9000	274.4650	35.1600
10.8400	273.6650	35.1600
6.1000	274.2250	35.1600
10.0700	275.2800	35.1600
14.0900	274.2950	35.1600
11.2200	275.1050	35.1600
11.9800	275.4750	35.1600
7.3600	277.9750	35.1600
70.8700	278.1650	35.1600
142.1700	277.6350	35.7600
34.5500	278.8550	63.9500
27.1900	280.8350	63.9500
16.1000	280.7200	63.9500
13.3800	279.4150	63.9500
21.9300	280.1000	63.9500
59.1600	278.3350	63.9500
72.7000	275.8150	63.9500
33.0600	274.7650	63.9500
13.7900	276.2450	63.9500
8.9500	276.8400	63.9500
10.6500	276.5700	63.9500
12.1000	277.4650	63.9500
83.9000	277.6700	63.9500
169.7600	276.6800	63.9500
65.1900	274.0200	63.9500
15.1200	275.0750	63.9500
8.6200	276.6750	63.9500
11.0700	277.0000	63.9500
11.8900	278.6750	63.9500
24.8100	279.3950	63.9500
30.0500	277.5900	63.9500
17.8500	277.7000	63.9500
11.8600	278.2950	63.9500
14.0800	278.8050	30.8600
38.5000	275.0900	37.2300
18.1700	273.8650	24.0200
10.5300	273.6300	12.8600
9.9600	274.6400	11.5300
29.0300	275.9850	22.3800
45.6800	274.5550	50.4300
20.5300	274.0400	26.1500
18.5600	274.1800	20.6900
27.7300	273.5500	30.5500
20.4500	273.2350	24.1900
19.0400	273.2700	21.3000
20.1000	273.4100	21.1300
22.2600	274.3200	22.6600
43.5600	275.1750	37.5200
62.1100	275.4000	60.9500
107.0300	277.7050	80.2400
98.0700	277.3750	81.3200
48.7900	276.9550	81.3200
48.6300	277.7050	69.2400
62.5100	277.5450	61.4200
60.1800	277.8400	63.8700
83.7200	277.1100	76.1200
63.7600	276.7500	78.8800
55.6200	277.1700	59.6000
56.9100	277.7150	59.4000
77.1700	276.9100	76.6500
86.7200	276.0900	81.3200
63.8800	275.4050	81.2100
60.7100	276.0150	65.0800
61.6400	276.5200	64.2000
151.9000	277.0350	79.5100
86.9800	274.3250	81.3200
71.6900	273.6750	81.3200
98.1800	275.0600	81.3200
135.0400	275.7000	81.3200
132.4500	276.9250	81.3200
173.8100	277.2150	81.3200
116.8900	273.9800	81.4500
93.2300	273.8850	87.5000
107.3400	275.4500	87.5000
115.3100	275.6800	87.5000
105.5900	274.9150	87.5000
106.0400	274.6850	87.5000
110.5000	276.6050	87.5000
159.2600	275.0900	87.5000
117.7100	274.0800	87.5000
109.1000	273.9050	87.5000
108.6000	275.0600	87.5000
108.2400	276.7700	87.5000
114.4700	277.5800	87.5000
108.3600	276.4250	87.5000
108.5300	276.6700	87.5000
123.8500	276.5850	87.5000
137.6700	277.8950	87.5000
320.0700	278.3800	87.5000
400.9500	277.5050	87.5000
176.6400	275.2300	87.5000
146.0600	274.7800	87.5000
152.6200	275.2650	87.5000
167.8400	276.8150	87.5000
195.2200	276.7900	87.5000
181.4900	276.3400	87.5000
169.3000	275.6450	87.5000
246.1500	276.3950	87.5000
176.4300	275.2350	87.5000
175.9400	274.9000	87.7000
191.3700	275.1550	97.1900
187.3700	274.6400	97.1900
169.4600	275.5700	97.1900
165.4300	275.0400	97.1900
172.9600	274.8050	97.1900
185.1000	275.7500	97.1900
169.7700	277.8150	97.1900
186.3500	280.8100	97.1900
193.1100	283.7950	97.1900
182.7800	280.5750	97.1900
167.7000	280.4900	97.1900
168.3900	281.2050	97.1900
171.9100	280.1400	97.1900
160.7700	280.7450	97.1900
167.6700	280.1450	97.1900
175.3500	280.7700	97.1900
186.9100	281.2300	97.1900
184.5800	281.1750	97.1900
200.9600	277.4950	97.1900
175.5600	276.8250	97.1900
189.5900	283.0550	97.1900
190.1500	283.5350	97.1900
198.9400	281.5400	97.1900
197.8000	277.7750	97.1900
191.4400	275.4200	97.1900
234.5500	275.4250	97.1900
201.6900	274.9100	97.1900
195.6000	277.0950	97.1900
173.1000	281.6400	97.1900
179.3700	281.3050	97.1900
171.6300	274.8200	97.1400
156.2600	274.8450	94.7700
153.6800	275.6550	94.7700
159.0100	279.2050	94.7700
155.7100	281.1550	94.7700
148.0500	280.2800	94.7700
134.1600	278.8100	94.7700
125.4700	278.9450	94.7700
118.0500	279.3450	94.7700
108.7600	281.1450	94.7700
101.5800	283.1900	94.7700
93.4700	284.4200	94.7700
86.7300	284.3500	94.7700
83.2400	281.2450	94.7700
86.3700	277.6000	94.7700
105.5100	275.5350	94.7700
95.3200	275.4000	94.7700
114.1500	276.4200	94.7700
86.0400	276.5050	94.7700
75.9500	276.1300	94.7700
99.5400	276.7800	94.7700
125.2900	275.9950	94.7700
92.4800	274.8850	94.7700
110.9900	280.6350	94.7700
68.2700	280.7350	94.7700
59.2100	282.6450	94.7700
58.6600	286.8200	94.7700
56.4600	289.3500	94.7700
57.6800	284.7600	94.7700
54.5200	280.2450	94.7700
53.7400	283.7300	94.2100
54.0800	286.2150	68.0500
58.5700	286.6000	68.0500
57.8800	286.4900	68.0500
52.3000	285.3250	68.0500
51.2600	282.7250	68.0500
50.0900	282.2000	68.0500
48.6500	284.4650	68.0500
64.1700	282.3650	68.0500
62.8300	280.6200	68.0500
56.5100	280.3000	68.0500
96.9900	277.4700	68.0500
75.3500	277.1250	68.0500
48.9300	280.9250	68.0500
39.5800	283.4850	68.0500
37.3200	284.4950	68.0500
40.4100	282.4850	68.0500
36.7700	282.3550	68.0500
94.0900	280.9400	68.0500
120.7900	279.2050	68.0500
44.0100	282.8250	68.0500
43.5500	284.7700	68.0500
38.9400	283.7300	68.0500
35.7700	281.6550	68.0500
38.8100	282.2950	68.0500
30.8800	284.9500	68.0500
29.0900	287.2850	68.0500
31.7000	286.3350	68.0500
83.0600	281.3350	68.0500
89.7100	278.6550	68.0500
42.1700	282.1150	68.0500
30.0600	283.7200	67.6200
27.0200	285.1250	47.2900
26.0400	286.4350	47.2900
28.0300	289.1650	47.2900
31.0200	290.1600	47.2900
31.5800	289.1450	47.2900
30.2700	285.2800	47.2900
29.7300	281.6300	47.2900
48.1200	279.5050	47.2900
41.6900	280.4400	47.2900
69.6900	281.7450	47.2900
37.8900	281.1650	47.2900
22.4400	281.9700	47.2900
18.2400	285.2300	47.2900
16.9300	285.5000	47.2900
16.2200	287.0350	47.2900
15.7400	289.2150	47.2900
15.3600	291.7550	47.2900
15.0200	293.2000	47.2900
15.0100	292.2000	47.2900
15.6600	291.3950	47.2900
16.1900	291.2050	47.2900
15.2800	291.4750	47.2900
14.2100	291.4200	47.2900
13.6600	291.3600	47.2900
13.3100	290.8850	47.2900
13.8000	288.4900	47.2900
13.9500	288.9450	47.2900
13.0600	289.4700	47.2900
17.0400	290.6350	47.2900
29.8800	290.0150	47.0300
38.1400	289.9600	34.8600
26.4300	289.7550	34.8600
14.6200	290.9950	34.8600
11.9600	290.2900	34.8600
11.1700	290.1550	34.8600
10.7800	291.5250	34.8600
10.8500	290.3950	34.8600
11.2900	287.1500	34.8600
10.7700	288.3450	34.8600
10.1700	287.7850	34.8600
9.8100	286.5250	34.8600
9.5500	291.4800	34.8600
9.3700	292.1800	34.8600
10.0700	292.2800	34.8600
10.1700	292.0200	34.8600
9.3600	291.1650	34.8600
8.8600	292.4150	34.8600
8.6400	291.5500	34.8600
8.5800	291.0300	34.8600
16.4300	290.1750	34.8600
15.4700	292.1500	34.8600
10.0000	292.9800	34.8600
8.3600	296.0200	34.8600
7.7700	297.3400	34.8600
7.4900	295.4150	34.8600
7.3600	292.9900	34.8600
7.3400	292.2850	34.8600
7.1500	293.4700	34.8600
6.9100	293.3450	34.8600
6.7300	292.9600	34.8600
6.7500	292.1950	34.7600
7.7400	292.9800	30.3000
7.3500	292.3200	30.3000
9.0800	289.6000	30.3000
13.3400	290.5500	30.3000
9.1800	288.8500	30.3000
8.0300	289.3150	30.3000
7.0700	289.0350	30.3000
6.2200	292.3700	30.3000
5.7500	296.2450	30.3000
5.4800	294.9300	30.3000
5.3200	294.4800	30.3000
5.1900	294.9300	30.3000
5.0900	295.3150	30.3000
5.0000	296.1950	30.3000
5.5700	293.2700	30.3000
6.9200	292.3700	30.3000
5.9900	291.9950	30.3000
5.1600	292.2650	30.3000
4.7600	293.8050	30.3000
4.5400	293.5950	30.3000
4.4800	293.6800	30.3000
5.2600	289.0600	30.3000
86.8300	283.7650	30.3000
25.9800	285.7450	30.3000
12.9200	288.1750	30.3000
27.8900	284.6450	30.3000
35.3000	284.9550	30.3000
12.0700	290.2200	30.3000
7.5700	292.9450	30.3000
5.5700	295.2750	30.3000
4.4400	295.6800	30.3000
3.9600	292.1550	30.0900
3.7700	285.8750	30.0900
3.8700	284.1700	30.0900
4.3300	287.8550	30.0900
4.1800	288.9250	30.0900
4.1400	289.8900	30.0900
4.0000	290.8750	30.0900
3.5700	291.0550	30.0900
3.2800	288.7200	30.0900
3.1300	288.5850	30.0900
3.0500	290.7150	30.0900
3.3900	289.3400	30.0900
4.3300	286.1750	30.0900
11.0200	283.4550	30.0900
18.5900	285.7250	30.0900
15.2800	285.5500	30.0900
13.4000	285.6200	30.0900
10.4700	281.5300	30.0900
18.7300	281.3550	30.0900
14.8200	281.2100	30.0900
15.7700	283.6800	30.0900
8.1700	287.6550	30.0900
5.1200	288.1750	30.0900
3.6600	289.6400	30.0900
2.9700	290.0400	30.0900
2.6200	287.3250	30.0900
2.4500	288.7300	30.0900
2.3600	291.1500	30.0900
2.2900	289.6250	30.0900
2.2400	285.3250	30.1300
2.2000	286.9250	31.8700
2.1900	288.4600	31.8700
2.1900	289.6700	31.8700
2.1800	290.5150	31.8700
2.1600	288.4650	31.8700
2.1400	288.2550	31.8700
2.2000	287.3250	31.8700
3.0200	287.2500	31.8700
20.3800	282.4650	31.8700
34.5100	280.1950	31.8700
11.4000	283.9900	31.8700
5.3700	288.0200	31.8700
3.4000	289.8600	31.8700
2.6300	291.6100	31.8700
2.2800	289.8550	31.8700
2.1000	287.1350	31.8700
2.0800	285.4550	31.8700
62.4800	278.1600	31.8700
43.6400	278.2400	31.8700
36.4300	279.2300	31.8700
17.9800	280.2750	31.8700
9.5800	279.8550	31.8700
101.3400	280.1800	31.8700
83.5300	276.8250	31.8700
22.4400	277.0350	31.8700
18.0100	278.8000	31.8700
31.5800	277.0100	31.8700
17.1500	278.6600	31.8700
13.3400	280.7350	31.8700
12.4200	280.5300	31.8700
19.7300	277.0500	32.0600
12.1800	277.6300	41.1100
8.4000	281.6200	41.1100
34.9800	278.5650	41.1100
37.3500	275.8300	41.1100
12.2900	279.5300	41.1100
5.7200	282.2650	41.1100
3.5100	282.2850	41.1100
2.6200	283.1400	41.1100
2.2700	281.3100	41.1100
2.2000	283.1650	41.1100
2.4200	281.1750	41.1100
2.7100	280.4800	41.1100
2.6200	281.4550	41.1100
2.7600	280.3900	41.1100
3.1600	282.5700	41.1100
3.0100	279.8800	41.1100
4.4400	278.6550	41.1100
5.2600	278.6400	41.1100
5.0200	275.3350	41.1100
6.3900	275.1250	41.1100
5.0400	275.5700	41.1100
3.7100	276.9200	41.1100
3.0300	279.2600	41.1100
2.9800	281.4250	41.1100
6.1800	280.7000	41.1100
68.8300	276.9250	41.1100
26.3900	275.9350	41.1100
16.3300	274.3650	41.1100
8.1200	274.1150	41.1100
8.3300	274.4900	41.7100
13.1300	274.7300	69.8600
9.5900	274.2200	69.8600
7.5700	274.4850	69.8600
9.0700	274.8000	69.8600
6.9700	275.6200	69.8600
5.8100	274.6300	69.8600
65.3900	275.1900	69.8600
88.6000	275.1800	69.8600
387.5900	276.1100	69.8600
209.8900	278.3350	69.8600
93.0700	279.7100	69.8600
47.6500	280.7600	69.8600
40.1100	281.2000	69.8600
49.0200	280.1600	69.8600
45.7700	277.4200	69.8600
23.6300	277.5700	69.8600
22.1600	279.3400	69.8600
30.3000	281.5700	69.8600
43.3000	281.5050	69.8600
42.4300	277.2700	69.8600
31.8600	274.4950	69.8600
29.1300	275.0550	69.8600
29.3400	275.2200	69.8600
28.0200	276.1200	69.8600
30.3000	277.4350	69.8600
31.3600	276.6700	69.8600
56.3000	275.5500	69.8600
46.0500	277.6100	69.8600
58.8400	276.9500	69.8600
53.5500	275.6950	69.8600
38.4800	274.3050	70.2200
39.2600	274.3200	87.2300
38.6500	273.4350	87.2300
36.9500	273.3150	87.2300
36.6800	273.5500	87.2300
36.9600	273.3900	87.2300
37.0500	273.5550	87.2300
37.4800	273.9150	87.2300
54.4600	273.6200	87.2300
44.1400	273.4400	87.2300
39.4500	273.4000	87.2300
38.9100	273.4900	87.2300
40.0500	273.2700	87.2300
38.7000	273.1750	87.2300
37.5800	273.3650	87.2300
41.7300	274.6300	87.2300
78.2000	275.9500	87.2300
83.0100	276.3450	87.2300
96.2900	278.4350	87.2300
108.7700	279.0450	87.2300
79.9400	279.7600	87.2300
73.8200	279.3050	87.2300
76.8600	278.9200	87.2300
72.4200	278.9050	87.2300
67.6800	279.3100	87.2300
64.0700	279.7600	87.2300
83.1900	280.4900	87.2300
94.1700	277.5650	87.2300
65.2700	277.1050	87.1200
73.3600	276.3250	75.7500
60.6900	274.7150	66.0300
64.1500	276.8950	64.6500
61.6300	276.5950	64.1300
61.4600	277.5350	63.2800
65.5100	279.1100	66.3900
70.3800	279.9050	71.4300
66.3300	276.6750	68.6100
64.8200	274.1850	67.3000
63.9100	273.6850	66.7900
66.2300	273.8950	69.1000
70.4900	274.4250	70.9400
69.5800	274.9850	71.9400
67.3900	276.0300	69.4400
61.7400	276.3650	64.2700
62.8600	275.6100	64.0400
76.9900	274.6450	79.4600
68.2700	274.4650	71.4500
56.5700	275.3400	60.3100
53.3500	276.1800	55.1400
52.7300	277.4100	54.3100
56.3700	278.5900	56.5200
72.3500	277.6450	70.5900
84.8700	276.9300	89.8800
59.2900	277.9850	63.7200
56.4200	278.1000	58.0100
53.7000	277.9750	55.8600
52.8200	278.0900	54.2700
55.3800	278.1400	56.0800
57.1800	278.5800	58.3800
64.9600	278.5450	63.8300
65.5300	277.0400	70.2700
61.1300	277.1550	61.3700
65.6100	276.4500	68.5100
57.8800	277.8400	60.2400
59.9300	277.0850	60.9400
64.1700	279.0550	65.0200
65.6400	282.0500	66.9100
63.9600	282.6750	65.6000
60.9200	283.1650	62.7500
60.1900	282.7500	61.4800
54.5300	283.6550	56.4000
48.5700	284.7450	50.5500
48.3200	283.2350	49.3700
46.4200	279.7450	47.9100
45.2900	279.6650	46.4500
44.6700	280.9650	45.7500
44.0800	278.4150	45.2000
45.4700	277.8450	46.1300
50.0200	279.8950	48.8600
89.6100	278.2200	88.2100
80.2100	275.9950	80.8800
81.9600	276.3350	81.4900
108.5500	277.2800	103.1000
83.3800	275.0850	102.3500
49.3100	274.5050	55.1500
52.7200	276.7950	51.6300
92.0300	279.0000	89.5600
174.3600	278.2350	98.6700
106.9300	275.3500	103.1000
93.6700	274.5850	103.1000
48.7000	275.7550	103.0500
72.8700	279.0900	100.7100
123.0500	277.4400	100.7100
82.0900	276.8800	100.7100
110.5800	275.7500	100.7100
75.7600	275.1750	100.7100
66.4900	278.5850	80.2300
68.7500	281.5750	67.6700
120.4900	275.9300	100.2100
115.8700	275.6900	100.7100
89.5200	275.4200	100.7100
90.2900	277.7100	100.7100
98.4700	276.3300	100.7100
90.1400	274.5550	100.7100
101.6400	274.9200	100.7100
85.8200	275.6400	100.7100
80.8700	279.0300	99.3600
143.0900	278.9850	95.8200
109.8000	275.8150	100.7100
90.6400	275.5850	100.7100
84.6000	277.9100	100.7100
83.9800	279.7450	100.7100
81.1900	281.3500	100.7100
84.2100	284.1700	99.7000
116.8300	280.8600	100.5000
97.7400	278.9350	100.7100
86.4400	281.6400	100.7100
80.6900	284.7550	95.7500
143.9400	283.9850	94.0500
110.7300	280.5950	100.7100
79.7400	281.3400	100.1600
81.7300	282.4850	74.1000
97.6900	282.4000	74.1000
91.1300	282.4800	74.1000
95.1400	283.8750	74.1000
123.9400	282.7950	74.1000
121.0900	281.2650	74.1000
91.9300	279.8400	74.1000
103.7100	281.4500	74.1000
185.5700	280.1350	74.1000
168.3400	277.6800	74.1000
125.4600	277.5700	74.1000
90.5900	281.9950	74.1000
83.7300	284.6600	74.1000
107.5300	285.0200	74.1000
113.0000	286.0950	74.1000
160.4800	281.7350	74.1000
159.7200	277.5850	74.1000
132.5800	278.7100	74.1000
167.9300	279.2350	74.1000
107.5200	281.1850	74.1000
110.7500	279.5600	74.1000
113.5300	281.7500	74.1000
97.3800	281.0550	74.1000
93.1400	281.3800	74.1000
91.8400	284.5050	74.1000
90.5700	289.4750	74.1000
89.3000	292.0050	74.1000
107.7500	291.7200	74.1000
144.8100	286.2100	74.1000
131.8900	283.2650	74.1000
87.7300	286.3950	73.2300
86.4900	283.0500	32.0400
87.2100	280.3800	32.0400
80.5800	281.6600	32.0400
76.5400	282.7700	32.0400
74.1800	282.3050	32.0400
107.3200	278.4450	32.0400
117.4600	277.3150	32.0400
87.2100	278.9200	32.0400
70.6100	283.4750	32.0400
67.0600	284.6050	32.0400
65.5400	283.9850	32.0400
64.5300	282.0350	32.0400
62.9700	283.4800	32.0400
62.4600	285.8150	32.0400
60.3900	283.8550	32.0400
57.4600	285.8450	32.0400
68.1900	282.3600	32.0400
83.9400	281.0050	32.0400
95.1400	281.9400	32.0400
61.3700	285.3150	32.0400
50.7200	288.3500	32.0400
47.7900	287.1800	32.0400
46.1800	286.6050	32.0400
44.4600	288.9600	32.0400
42.6500	289.3700	32.0400
41.0200	287.9950	32.0400
39.6800	288.1950	32.0400
39.8800	286.6850	32.0400
38.1700	287.9650	32.0400
35.6800	290.8750	31.7600
33.8600	291.7050	18.7400
32.2800	289.9250	18.7400
30.6700	288.3450	18.7400
29.1200	288.9250	18.7400
27.6000	290.2350	18.7400
26.2000	290.1450	18.7400
24.9700	288.9950	18.7400
23.8500	289.9150	18.7400
24.9500	289.0050	18.7400
34.5300	286.7150	18.7400
38.3200	287.8750	18.7400
24.1800	289.8450	18.7400
20.0000	289.8800	18.7400
18.5800	290.4100	18.7400
17.7100	294.8150	18.7400
17.3700	293.6250	18.7400
17.2300	293.9250	18.7400
16.2000	297.6100	18.7400
15.3800	296.8300	18.7400
14.7600	295.0800	18.7400
14.2200	295.6700	18.7400
13.8200	296.5200	18.7400
13.6300	293.0600	18.7400
13.1000	291.4250	18.7400
12.5800	289.2200	18.7400
12.1300	291.6300	18.7400
11.7300	295.6750	18.7400
11.3600	295.1500	18.7400
11.0200	293.5700	18.7400
10.7000	293.1500	18.7400
10.5900	293.1300	18.6500
11.1100	291.6000	14.1400
10.5100	290.4050	14.1400
9.8400	291.1900	14.1400
9.4100	294.6200	14.1400
9.0900	295.3750	14.1400
8.8100	295.2650	14.1400
8.5500	294.4750	14.1400
8.3100	294.2650	14.1400
8.0900	293.5650	14.1400
7.8800	292.0300	14.1400
7.6600	290.7500	14.1400
7.4600	290.5550	14.1400
7.2700	290.6100	14.1400
7.0700	293.6950	14.1400
6.8900	292.9150	14.1400
6.7300	291.8050	14.1400
6.5600	290.1900	14.1400
6.4200	289.9650	14.1400
6.2700	291.4450	14.1400
6.1200	292.7700	14.1400
5.9700	292.3950	14.1400
6.1800	291.5150	14.1400
7.0900	288.9900	14.1400
6.3800	288.0050	14.1400
5.7400	292.1050	14.1400
5.4200	293.3650	14.1400
5.2200	291.8800	14.1400
5.0900	291.7350	14.1400
4.9600	288.6400	14.1400
4.8400	284.9350	14.1400
4.7400	289.3050	14.1400
4.6300	291.0800	14.2700
4.5300	290.7950	14.2700
4.4200	288.6950	14.2700
4.3400	287.0300	14.2700
4.2400	286.2650	14.2700
4.1500	286.8150	14.2700
4.0600	288.3300	14.2700
3.9800	290.5000	14.2700
3.8900	287.7450	14.2700
3.8400	283.2900	14.2700
16.9000	281.9850	14.2700
19.3600	284.1900	14.2700
8.4900	286.1550	14.2700
5.2700	286.9550	14.2700
4.1500	286.8800	14.2700
3.7000	284.6750	14.2700
9.9100	282.7050	14.2700
39.0800	283.2550	14.2700
14.5100	287.0000	14.2700
6.7000	288.2750	14.2700
4.4200	287.1300	14.2700
3.5900	285.6900	14.2700
3.2800	283.0900	14.2700
15.2500	280.9650	14.2700
13.0200	282.8650	14.2700
6.4000	287.2950	14.2700
4.1600	289.8550	14.2700
3.3000	287.5700	14.2700
2.9300	288.6150	14.2700
2.7500	289.8950	14.3300
2.9900	287.4500	16.7300
20.6700	280.8350	16.7300
23.7200	279.8050	16.7300
37.1400	278.2250	16.7300
19.1900	282.0050	16.7300
7.6400	285.6000	16.7300
4.5100	285.1250	16.7300
4.6000	282.3850	16.7300
5.3100	282.6250	16.7300
7.0600	284.9450	16.7300
5.4600	285.1200	16.7300
3.9700	283.6050	16.7300
3.2800	284.3200	16.7300
2.7800	285.9550	16.7300
4.3500	283.9850	16.7300
26.8800	281.4250	16.7300
18.4000	285.0400	16.7300
8.2400	287.9650	16.7300
4.4800	287.2400	16.7300
3.1700	284.1100	16.7300
2.8900	283.6700	16.7300
2.6800	285.6200	16.7300
2.4100	284.8050	16.7300
2.2200	284.1600	16.7300
2.1000	284.8850	16.7300
2.3600	281.9650	16.7300
12.3700	279.1200	16.7300
10.9700	280.2750	16.7300
30.3500	278.7350	16.7300
17.4900	278.9900	16.7300
8.4100	283.2350	16.9400
4.5300	283.2250	26.3900
35.6000	278.0050	26.3900
25.3000	277.1400	26.3900
77.3100	276.4850	26.3900
46.6500	275.5100	26.3900
288.0700	278.4350	26.3900
187.8200	276.4900	26.3900
71.2500	275.0200	26.3900
20.4700	276.5850	26.3900
12.0100	280.3400	26.3900
16.9800	281.2750	26.3900
18.0500	276.9200	26.3900
23.3100	278.0300	26.3900
142.2700	279.2100	26.3900
46.7400	277.7100	26.3900
16.3500	279.8850	26.3900
11.1700	280.6550	26.3900
11.4200	281.5500	26.3900
10.9500	281.4450	26.3900
10.5200	281.2300	26.3900
8.9500	281.0400	26.3900
7.5800	281.6700	26.3900
7.0400	281.1700	26.3900
7.5000	280.9450	26.3900
23.7800	280.3550	26.3900
119.7500	275.4950	26.3900
26.0300	274.3700	26.3900
13.7000	274.9300	26.3900
87.6900	276.5300	26.3900
73.1500	274.2900	26.9900
42.0800	275.3150	55.2400
176.8000	274.3900	55.2400
31.2500	273.5150	55.2400
17.9500	273.8950	55.2400
20.2500	274.0600	55.2400
25.4300	274.1050	55.2400
31.8600	275.9150	55.2400
52.9800	275.8400	55.2400
58.4500	275.2650	55.2400
52.3000	276.7250	55.2400
54.8700	277.6100	55.2400
55.3800	276.6050	55.2400
51.1400	274.8100	55.2400
49.5300	274.3050	55.2400
51.2300	274.8750	55.2400
53.2000	274.1900	55.2400
54.6800	274.2550	55.2400
56.8700	274.8500	55.2400
107.2300	276.6900	55.2400
251.2800	278.5850	55.2400
190.3200	277.7700	55.2400
158.9700	278.1700	55.2400
195.3400	277.6900	55.2400
102.5700	279.4850	55.2400
118.1000	280.9450	55.2400
126.4300	277.8100	55.2400
154.3000	276.3150	55.2400
347.7100	279.3750	55.2400
286.9000	275.7900	55.2400
324.3900	276.4200	55.2400
803.7400	278.3850	55.6000
843.8400	275.1150	72.6100
991.8300	275.0400	554.6800
857.5000	274.2350	917.7200
772.9600	274.4650	827.5500
706.7900	277.7500	750.0000
603.3400	278.9000	647.4900
563.7900	278.4100	596.4000
549.7300	274.4200	589.8900
454.1100	274.2900	484.9700
461.9600	276.9100	473.8900
663.0600	277.3600	700.5500
411.1100	274.3600	441.7000
446.6900	276.0100	460.3000
500.4500	276.3650	521.5200
408.3500	273.9050	439.4600
359.3800	273.4950	377.9400
418.0500	275.4350	423.9800
485.9000	275.0300	518.1300
335.8700	274.0250	355.3700
312.6500	273.7200	327.1900
342.1500	274.0200	362.7300
287.9000	273.4650	304.4200
251.4000	273.6500	266.4300
233.6200	275.8850	246.5800
226.4000	276.2550	238.5500
203.4900	274.5200	215.2900
184.9100	273.6100	198.6200
186.7900	274.1050	194.8700
206.8700	274.2550	225.5500
233.6800	275.7750	224.3100
247.6900	274.4500	282.0800
249.9600	275.3150	243.8600
252.7800	275.7450	283.4500
205.8600	275.7850	221.5700
233.7400	276.9450	235.6700
201.5500	273.9100	227.0800
172.6000	275.7200	183.3000
176.8500	278.0900	185.9600
180.7900	278.1800	190.3300
173.9100	278.5150	183.5900
170.5100	279.1700	179.3400
167.0600	278.8550	175.7700
146.7600	276.9550	156.7000
149.7000	276.8900	156.4500
160.1500	275.8700	166.9600
122.9000	273.4500	132.8800
114.6900	273.4950	121.4200
108.2900	273.6100	114.8000
102.8800	273.4900	108.9200
98.5800	273.4450	104.1800
94.5800	273.5550	99.9200
91.9200	273.8900	96.6400
95.7900	274.3050	99.6300
90.6400	275.4200	95.7900
81.6300	275.7300	86.7200
77.1500	275.8250	81.4300
74.8100	278.0100	78.8000
107.9300	278.8950	100.4500
233.9300	277.6200	232.9800
125.3500	275.5050	152.7000
78.4800	275.1250	88.5000
73.3100	274.8150	88.4800
71.3100	274.5150	88.4800
72.6200	275.8150	88.4800
82.2100	277.1450	88.4800
90.2100	275.6050	88.4800
87.1800	274.5850	88.4800
99.7100	274.2300	88.4800
71.9200	273.5500	88.4800
67.6200	273.5550	88.4800
67.0500	273.6600	88.4800
67.9500	273.9450	88.4800
67.0800	273.9550	88.4800
73.7100	274.2250	88.4800
74.1400	275.0200	88.4800
79.0900	274.8550	88.4800
68.6700	274.0300	88.4800
64.3300	274.0550	88.4800
59.8700	274.8400	88.4800
61.6800	274.9000	88.4800
69.9500	275.1200	88.4800
63.6500	277.0050	88.4800
112.6700	279.2150	88.4800
106.7900	277.5500	88.4800
101.4700	275.6800	88.4800
65.5200	275.7900	88.4800
91.9400	279.0350	88.4800
106.9300	277.5950	88.4800
85.4900	277.0950	88.4800
73.7900	277.1950	88.4300
82.7000	276.1150	86.0100
76.7400	275.7950	86.0100
75.7700	277.1450	86.0100
100.7100	276.6000	86.0100
79.9800	277.8750	86.0100
74.1500	276.3700	86.0100
74.8100	278.2950	86.0100
89.1900	280.5300	86.0100
87.1300	278.1000	86.0100
109.7300	277.2450	86.0100
81.3500	277.1750	86.0100
83.7500	279.2550	86.0100
98.7600	280.4150	86.0100
102.1000	279.3800	86.0100
81.4400	276.9050	86.0100
124.4200	275.2000	86.0100
82.8000	274.7800	86.0100
68.0100	274.8800	86.0100
76.3700	277.5100	86.0100
89.4300	280.0800	86.0100
108.4400	281.1200	86.0100
112.8400	276.9700	86.0100
115.9000	278.2750	86.0100
128.7200	280.2100	106.3700
139.9600	279.5250	139.6100
160.9100	280.0450	158.9800
175.3000	280.6250	175.5700
170.1800	283.3200	170.9700
183.4600	285.1350	181.2500
220.6200	282.1650	218.7200
202.7800	279.8900	205.5900
169.4800	278.0300	173.4700
143.9600	278.6500	147.8100
124.8100	280.4800	127.9100
110.0600	282.1250	112.7800
100.5800	281.7400	102.6400
89.8000	280.2700	92.0900
83.7800	278.6500	85.1800
76.5100	278.5750	79.0100
66.2700	281.1200	68.3600
61.1000	285.2800	62.4300
58.8800	284.1300	59.8000
53.0000	282.2650	59.1200
51.0100	284.7250	59.1200
49.5200	288.7550	59.1200
48.6500	291.4900	59.1200
47.2900	291.4750	59.1200
43.4600	292.0300	59.1200
40.5300	290.1900	59.1200
52.3300	285.1000	59.1200
60.7000	285.1550	59.1200
45.1700	284.8950	59.1200
45.6100	283.2650	59.1200
41.0400	282.0850	59.1200
42.5300	282.2150	59.1200
40.7000	280.2100	59.1200
81.1300	277.4750	59.1200
58.3600	277.4000	59.1200
47.5400	279.2950	59.1200
29.5000	284.5350	59.1200
25.8100	287.4650	58.9600
25.6900	288.2550	51.4900
50.2800	287.1900	51.4900
82.8300	285.3600	51.4900
36.3900	287.3050	51.4900
42.6100	286.8550	51.4900
24.4600	288.6200	51.4900
20.6600	288.4550	51.4900
19.5300	286.3900	51.4900
18.6200	285.3950	51.4900
19.2900	286.2700	51.4900
18.7700	288.0600	51.4900
20.5800	289.9850	51.4900
34.6900	286.4700	51.4900
39.8800	283.8700	51.4900
30.7200	284.2250	51.4900
25.9200	287.5200	51.4900
27.8000	288.2500	51.4900
20.2000	287.7950	51.4900
14.9900	285.9000	51.4900
11.6300	285.6250	51.4900
10.3300	286.1400	51.4900
9.7900	287.6500	51.4900
9.5000	289.3650	51.4900
9.2600	292.0050	51.4900
9.0700	296.3950	51.4900
8.9100	297.8350	51.4900
8.7500	297.2150	51.4900
8.6000	294.1000	51.4900
9.9800	293.8100	51.4900
25.2600	294.6950	51.2400
17.2700	293.7700	39.2900
12.3500	291.8650	39.2900
9.3700	291.7450	39.2900
8.1600	291.3300	39.2900
7.6800	289.9000	39.2900
7.4300	288.5550	39.2900
7.2500	287.9000	39.2900
7.5800	291.2750	39.2900
7.7900	292.6800	39.2900
7.3900	291.9200	39.2900
7.7900	291.5050	39.2900
7.5200	290.3900	39.2900
6.8700	289.9250	39.2900
6.5000	291.5450	39.2900
6.4000	292.1400	39.2900
7.3900	292.3900	39.2900
7.0600	291.3400	39.2900
6.3400	290.0950	39.2900
5.9400	290.6800	39.2900
5.7100	292.1000	39.2900
5.5400	297.6850	39.2900
5.7100	299.4850	39.2900
6.8400	299.3750	39.2900
6.3200	299.2750	39.2900
5.6200	295.6350	39.2900
5.3300	293.8700	39.2900
5.1500	295.8250	39.2900
4.9500	293.5000	39.2900
4.8000	289.7200	39.2900
4.6800	287.0250	39.2900
4.5700	286.1350	39.2000
4.4700	286.7400	34.7600
4.3700	286.9500	34.7600
4.2800	287.9800	34.7600
4.2000	288.9200	34.7600
4.1100	291.6450	34.7600
4.0100	293.5450	34.7600
4.1500	293.4650	34.7600
6.5700	290.1100	34.7600
8.0000	290.6450	34.7600
6.1700	291.2100	34.7600
4.7700	288.2800	34.7600
4.1000	286.9900	34.7600
4.3400	289.4500	34.7600
5.2000	292.1850	34.7600
4.6100	289.9600	34.7600
4.2500	286.4250	34.7600
3.8800	286.5400	34.7600
3.5300	290.4350	34.7600
3.3400	294.0950	34.7600
3.5400	294.2200	34.7600
3.9100	293.4850	34.7600
3.6800	291.5750	34.7600
3.3000	289.9200	34.7600
3.0600	288.0150	34.7600
2.9200	288.0900	34.7600
2.8600	290.9900	34.7600
3.3300	293.5200	34.7600
4.1000	294.8800	34.7600
3.5500	290.3750	34.7600
3.0200	285.0750	34.7600
2.7400	286.1650	34.7500
2.5800	291.9550	34.4400
2.4900	295.4450	34.4400
2.9700	293.6300	34.4400
4.1500	293.1100	34.4400
4.2300	292.4250	34.4400
3.3300	292.2250	34.4400
2.7500	290.0700	34.4400
2.4400	289.1800	34.4400
2.3400	287.4050	34.4400
3.0000	287.2550	34.4400
3.5300	290.5800	34.4400
2.9900	291.7700	34.4400
2.5000	290.5650	34.4400
2.2200	284.3750	34.4400
2.2600	281.8700	34.4400
8.8600	280.3250	34.4400
21.7100	284.3550	34.4400
10.4000	288.0400	34.4400
5.1400	285.6400	34.4400
5.8200	282.4400	34.4400
10.2000	285.7250	34.4400
24.9000	283.2400	34.4400
9.7900	285.2550	34.4400
6.2400	288.6600	34.4400
5.2500	289.4850	34.4400
3.4300	290.4150	34.4400
2.5000	291.4950	34.4400
2.0400	291.2400	34.4400
1.8200	291.7750	34.4400
1.7100	290.4450	34.4800
1.8400	287.2650	36.0300
2.3100	285.9500	36.0300
2.4800	284.9000	36.0300
2.1900	284.4550	36.0300
1.9500	285.7100	36.0300
6.4700	283.9000	36.0300
8.1700	282.2800	36.0300
4.8400	283.4400	36.0300
3.3000	286.7150	36.0300
2.6200	284.1200	36.0300
2.1800	285.6200	36.0300
1.8700	288.7850	36.0300
1.6900	288.1800	36.0300
1.5700	286.9600	36.0300
1.5000	284.9050	36.0300
13.1200	280.8150	36.0300
59.7900	278.1850	36.0300
21.8800	280.7700	36.0300
8.2300	285.0400	36.0300
4.3600	283.8950	36.0300
3.1300	284.6900	36.0300
2.4500	287.5750	36.0300
1.9600	284.9650	36.0300
1.6500	281.9900	36.0300
1.4900	278.4450	36.0300
1.4400	279.1650	36.0300
1.5900	283.4300	36.0300
1.6200	285.9350	36.0300
1.6700	283.0050	36.0300
1.7800	277.9750	36.0300
1.9200	277.1200	36.2200
2.0200	281.1900	45.1600
1.9900	282.8500	45.1600
10.5100	282.2500	45.1600
64.0800	280.4450	45.1600
39.1200	281.8500	45.1600
60.6300	284.2000	45.1600
25.6400	286.8700	45.1600
96.0200	282.1200	45.1600
47.7700	277.2450	45.1600
25.9500	276.3850	45.1600
31.0800	278.3150	45.1600
37.5600	275.5850	45.1600
45.6800	277.5750	45.1600
93.2100	275.5900	45.1600
30.2800	277.1600	45.1600
58.5600	279.8300	45.1600
59.1900	277.5500	45.1600
16.4300	279.0250	45.1600
9.7600	281.5800	45.1600
36.0700	280.4500	45.1600
50.3700	278.0500	45.1600
37.4700	276.7750	45.1600
40.5500	274.9350	45.1600
20.4600	275.2950	45.1600
12.6900	275.9100	45.1600
11.1400	275.6100	45.1600
30.2700	274.9250	45.1600
17.5700	273.3300	45.1600
7.0600	273.2050	45.1600
4.1000	273.6550	45.7600
8.9000	274.6350	73.8800
12.0600	274.3200	73.8800
8.9300	275.2900	73.8800
8.2400	276.1850	73.8800
8.3100	277.9850	73.8800
9.6800	277.8600	73.8800
11.7400	277.9150	73.8800
12.7200	279.7900	73.8800
27.5300	281.8500	73.8800
38.1200	279.0500	73.8800
22.3900	277.3350	73.8800
71.3400	277.5500	73.8800
124.4300	277.8150	73.8800
240.5000	277.8600	73.8800
140.9800	277.1550	73.8800
34.3900	273.7550	73.8800
14.5100	273.6300	73.8800
14.4800	273.4100	73.8800
18.1900	273.7600	73.8800
22.9700	274.5700	73.8800
44.5300	276.0000	73.8800
68.6800	274.6700	73.8800
39.8400	275.1650	73.8800
80.1100	276.4750	73.8800
83.0400	277.8600	73.8800
204.8500	277.2800	73.8800
227.1200	276.1300	73.8800
76.8300	273.5300	73.8800
74.4100	273.8900	73.8800
96.4800	274.7100	73.8800
111.9600	275.7400	74.2400
111.7700	274.9600	91.2600
106.5400	277.3200	91.2600
135.3600	278.8700	91.2600
357.4900	275.3300	91.2600
125.8500	273.3300	91.2600
123.5200	273.6000	91.2600
142.4800	273.8950	91.2600
131.2500	274.4950	91.2600
141.7100	275.2150	91.2600
151.2900	275.1850	91.2600
133.4700	273.3250	91.2600
128.6000	273.1100	91.2600
127.5300	273.1050	91.2600
126.5000	273.1400	91.2600
125.3700	273.1800	91.2600
129.7500	273.6050	91.2600
125.8500	273.2350	91.2600
124.2000	273.3200	91.2600
122.5200	274.0350	91.2600
122.7500	274.5100	91.2600
113.9200	273.4700	91.2600
109.4200	273.5850	91.2600
113.3900	274.4750	91.2600
115.7600	275.2100	91.2600
119.8000	275.5650	91.2600
113.4900	274.7850	91.2600
110.4100	275.0300	91.2600
99.4900	274.7200	91.2600
95.2800	274.5450	91.2600
96.1700	275.2650	91.2600
92.3800	274.6150	91.3900
89.5700	274.4900	97.4300
85.0800	274.4200	97.4300
83.2900	275.5000	97.4300
84.8300	276.7950	97.4300
97.5400	279.5750	97.4300
94.7500	279.4850	97.4300
84.7500	278.1200	97.4300
101.2000	276.4050	97.4300
124.5300	276.1900	97.4300
110.5700	276.7950	97.4300
130.8600	277.0750	97.4300
102.8900	275.5150	97.4300
76.4000	275.2750	97.4300
72.4900	274.4350	97.4300
103.4800	276.4350	97.4300
140.9800	277.6100	97.4300
107.2400	277.0050	97.4300
84.4400	277.9650	97.4300
86.4400	274.3750	97.4300
79.3800	274.4350	97.4300
94.4900	274.1400	97.4300
115.9200	274.3650	97.4300
99.3600	273.7350	97.4300
78.9700	273.4650	97.4300
103.0000	273.9300	97.4300
89.6300	273.5500	97.4300
78.8100	273.3500	97.4300
82.0600	273.5950	97.6300
79.3200	273.4400	107.1200
83.7300	273.9550	107.1200
109.7900	275.1050	107.1200
140.0000	277.0800	107.1200
134.6600	278.1450	107.1200
133.1100	278.2300	107.1200
131.7800	278.3500	107.1200
129.0500	275.6950	107.1200
96.6300	275.7900	107.1200
127.3400	276.2050	107.1200
124.1300	278.3250	107.1200
165.7300	283.1000	107.1200
150.4200	281.8900	107.1200
127.8500	278.4100	107.1200
102.8400	276.2200	107.1200
116.4000	280.4550	107.1200
131.8100	282.9650	107.1200
141.2800	281.9000	107.1200
127.2600	280.3800	107.1200
126.9300	278.0100	107.1200
136.2400	275.0100	107.1200
112.3100	276.3250	107.1200
120.5300	279.2650	107.1200
124.2600	280.8750	107.1200
121.9400	281.5300	107.1200
155.0800	277.8050	107.1200
134.3800	275.2600	107.1200
133.0600	273.9850	107.1200
132.0200	275.1900	107.1200
122.4700	279.1450	107.1200
118.2800	279.7850	107.0700
120.4400	277.9000	104.7600
111.9600	276.3350	104.7600
108.2500	276.6400	104.7600
110.9900	280.5800	104.7600
110.0900	281.1100	104.7600
113.9500	285.4100	104.7600
105.8700	285.6850	104.7600
135.7700	279.7200	104.7600
115.4700	278.3200	104.7600
132.4000	275.2800	104.7600
117.6000	276.4050	104.7600
137.2200	275.2650	104.7600
109.7700	275.3800	104.7600
93.5400	278.3550	104.7600
137.7800	276.4900	104.7600
87.5300	276.9900	104.7600
94.9600	278.1950	104.7600
111.6800	274.6950	104.7600
108.2900	274.5000	104.7600
96.3500	275.5300	104.7600
84.4700	277.1600	104.7600
161.3800	276.5400	104.7600
121.9700	276.2850	104.7600
82.7900	279.9800	104.7600
80.1500	280.1700	104.7600
81.2200	278.6550	104.7600
79.7500	280.8150	104.7600
79.7100	284.2000	104.7600
80.3300	284.9350	104.7600
79.2100	282.6600	104.2100
74.7800	281.8100	78.2300
116.2200	279.3800	78.2300
113.0400	276.5500	78.2300
87.3300	276.1800	78.2300
73.2400	276.1250	78.2300
65.6300	279.0550	78.2300
69.4600	284.4850	78.2300
64.7400	288.3400	78.2300
64.4000	287.8450	78.2300
61.2400	286.1400	78.2300
59.1600	285.5400	78.2300
57.0700	285.6400	78.2300
55.6700	281.6850	78.2300
52.4100	281.9750	78.2300
50.9700	287.2700	78.2300
50.2700	287.0250	78.2300
49.3900	285.0750	78.2300
47.7300	284.5100	78.2300
48.2000	284.4250	78.2300
47.9700	281.9800	78.2300
61.0800	279.3350	78.2300
49.5700	279.2900	78.2300
40.5500	281.8950	78.2300
38.5000	285.9800	78.2300
40.7500	287.6150	78.2300
39.7100	287.7750	78.2300
38.1500	287.3850	78.2300
36.0300	283.4600	78.2300
32.8800	286.1700	78.2300
31.8300	290.0100	78.2300
30.2800	290.6700	77.3700
34.1100	291.4650	36.9200
27.2400	292.2050	36.9200
31.9400	291.7250	36.9200
23.0000	290.2850	36.9200
44.8800	284.4950	36.9200
90.7100	277.9500	36.9200
48.6200	278.5700	36.9200
25.3600	283.0250	36.9200
17.7700	287.2000	36.9200
25.3200	286.7800	36.9200
36.0000	283.4100	36.9200
18.9500	284.5900	36.9200
14.6000	289.5150	36.9200
13.3900	288.1650	36.9200
12.7900	288.4350	36.9200
12.4400	288.0350	36.9200
12.4100	284.2250	36.9200
11.9900	286.2550	36.9200
11.5200	289.1450	36.9200
11.1500	291.4150	36.9200
10.8600	288.8200	36.9200
10.5800	287.4050	36.9200
10.3300	285.3550	36.9200
10.0900	283.9750	36.9200
9.8500	283.5000	36.9200
9.6100	288.4700	36.9200
9.3800	288.7350	36.9200
9.1600	287.9800	36.9200
8.9800	287.7000	36.9200
8.9000	287.0550	36.6500
8.7100	288.5650	23.9000
8.4100	288.9850	23.9000
8.1800	290.3750	23.9000
7.9800	292.4750	23.9000
7.8000	293.8750	23.9000
7.6300	293.3000	23.9000
7.4700	292.0600	23.9000
7.3100	290.1500	23.9000
7.1500	291.3650	23.9000
6.9900	294.6100	23.9000
6.8900	297.5400	23.9000
7.8000	294.2500	23.9000
11.7400	292.9550	23.9000
11.1400	293.2900	23.9000
8.0800	292.5500	23.9000
6.8100	291.3300	23.9000
6.3000	290.4650	23.9000
50.1500	287.3400	23.9000
124.6600	284.7700	23.9000
47.5200	286.4600	23.9000
15.2300	290.8100	23.9000
8.1500	292.3850	23.9000
6.2500	292.9050	23.9000
5.6000	291.1300	23.9000
5.3100	290.4650	23.9000
5.1400	291.3400	23.9000
5.0000	291.8900	23.9000
4.8800	292.1050	23.9000
4.7700	290.7950	23.9000
4.6700	289.2500	23.9000
4.5800	290.0400	23.8100
4.4900	293.0800	19.3100
4.3900	294.2050	19.3100
4.2900	291.9450	19.3100
4.2100	289.6950	19.3100
4.1300	288.7100	19.3100
4.0700	288.3650	19.3100
4.0000	288.3100	19.3100
3.9300	288.4500	19.3100
3.8700	289.6300	19.3100
3.8000	288.4250	19.3100
3.7300	289.4950	19.3100
3.6700	288.4950	19.3100
3.6000	288.6750	19.3100
3.5400	291.1600	19.3100
3.4700	291.7350	19.3100
3.4100	289.4950	19.3100
3.3500	287.9300	19.3100
3.3000	286.5300	19.3100
5.1100	287.5050	19.3100
44.9300	287.7250	19.3100
15.5500	291.0450	19.3100
11.1800	289.9150	19.3100
6.9600	290.0600	19.3100
4.5600	292.4000	19.3100
3.6000	292.4500	19.3100
3.1800	289.6500	19.3100
2.9800	287.1700	19.3100
2.8700	289.0150	19.3100
2.8000	294.0900	19.3100
2.7300	296.6150	19.3100
10.2800	292.6200	19.3100
23.5800	290.6650	19.3400
9.2000	290.7750	19.3400
5.4200	290.9450	19.3400
4.1900	288.9200	19.3400
18.4100	284.5050	19.3400
12.8900	288.9550	19.3400
6.1400	289.7900	19.3400
4.0600	289.4100	19.3400
3.8000	292.0150	19.3400
3.7500	293.6900	19.3400
3.2800	294.5350	19.3400
2.7800	293.3850	19.3400
2.4700	289.6500	19.3400
2.3100	286.6200	19.3400
2.2400	286.8150	19.3400
2.2100	286.6050	19.3400
2.2100	287.4400	19.3400
2.2400	284.2200	19.3400
2.5900	282.2550	19.3400
3.0200	283.9250	19.3400
3.4100	287.6150	19.3400
3.0800	287.7750	19.3400
2.6100	283.7800	19.3400
2.4000	282.0450	19.3400
2.2800	284.4400	19.3400
2.1100	287.0200	19.3400
1.9900	290.4900	19.3400
1.9300	284.9350	19.3400
14.6700	278.4200	19.3400
17.9600	281.6200	19.3900
43.8300	280.5450	21.5800
41.0900	280.8400	21.5800
12.4800	283.3700	21.5800
23.0100	279.2150	21.5800
31.2400	277.2600	21.5800
16.9900	278.1550	21.5800
8.0700	282.9750	21.5800
4.4000	285.3850	21.5800
3.4600	285.9400	21.5800
5.5300	283.4900	21.5800
34.7500	280.8900	21.5800
15.8300	282.7350	21.5800
9.6600	283.3650	21.5800
5.2800	285.3550	21.5800
3.3200	285.1200	21.5800
7.2800	280.5450	21.5800
39.2600	277.2000	21.5800
31.1900	277.2750	21.5800
269.7500	281.1850	21.5800
174.4500	277.6000	21.5800
37.0800	276.2700	21.5800
19.4600	282.1000	21.5800
12.8100	287.9900	21.5800
6.2700	289.1900	21.5800
3.5200	282.3950	21.5800
2.5400	278.0300	21.5800
2.3400	282.1000	21.5800
2.4400	285.0850	21.5800
2.3800	285.2500	21.5800
2.6100	282.6750	21.5800
6.6000	281.8350	21.7800
5.8700	280.9600	31.1100
3.9700	279.3050	31.1100
4.0300	280.2950	31.1100
7.7300	283.2550	31.1100
5.8600	283.5150	31.1100
4.0700	283.8650	31.1100
3.2800	283.4350	31.1100
2.9700	283.4100	31.1100
2.8600	282.1200	31.1100
2.8200	282.4950	31.1100
2.8300	279.6900	31.1100
2.8500	277.5500	31.1100
2.8600	280.3000	31.1100
3.6700	279.2550	31.1100
78.3800	283.1650	31.1100
23.0500	282.1200	31.1100
97.4700	280.7650	31.1100
48.1000	280.4900	31.1100
19.9600	280.7900	31.1100
15.4400	275.9450	31.1100
46.6700	274.5750	31.1100
155.1800	275.1300	31.1100
75.2000	274.3300	31.1100
69.5600	275.9700	31.1100
33.6800	276.6400	31.1100
21.1000	276.4550	31.1100
20.1200	277.2450	31.1100
13.8200	274.9900	31.1100
8.8600	275.4250	31.1100
7.9100	273.7400	31.7100
8.3500	273.4650	59.9200
9.9000	274.4950	59.9200
61.0200	278.4900	59.9200
131.9000	278.8300	59.9200
37.3400	278.0500	59.9200
19.9900	277.3050	59.9200
44.2700	275.3900	59.9200
29.2100	273.8950	59.9200
20.7100	273.6300	59.9200
22.3000	274.5950	59.9200
41.2400	274.0700	59.9200
33.1600	274.8050	59.9200
28.8800	274.0700	59.9200
25.3200	274.0100	59.9200
24.5600	275.3450	59.9200
24.2100	274.2200	59.9200
24.4400	275.1800	59.9200
25.1400	275.5050	59.9200
37.3500	275.7800	59.9200
32.5600	275.1450	59.9200
31.4600	273.5700	59.9200
29.0500	273.7250	59.9200
41.7600	275.8550	59.9200
250.9800	277.0750	59.9200
70.0600	273.5100	59.9200
32.8800	273.4050	59.9200
29.3400	273.2850	59.9200
31.0100	273.8300	59.9200
31.9800	274.3500	59.9200
56.8300	274.5400	59.9200
41.3100	273.2900	60.2800
45.3900	274.5450	77.2900
50.8500	276.9350	77.2900
71.0900	276.8500	77.2900
109.8900	276.4450	77.2900
207.1600	274.9350	77.2900
61.1500	273.6200	77.2900
49.1100	273.3150	77.2900
50.2000	273.5850	77.2900
69.3100	273.7700	77.2900
66.0300	274.0250	77.2900
104.3500	275.0000	77.2900
96.5600	274.8800	77.2900
115.6200	274.6400	77.2900
89.4100	275.1750	77.2900
108.9500	275.1500	77.2900
99.9400	273.3000	77.2900
98.5300	273.4000	77.2900
101.6900	274.3000	77.2900
103.3000	274.7250	77.2900
101.1400	274.7000	77.2900
99.3500	273.3200	77.2900
97.7700	273.2550	77.2900
95.9800	273.2800	77.2900
95.3000	273.6750	77.2900
92.1600	273.6000	77.2900
92.1000	274.9700	77.2900
106.0700	276.3150	77.2900
135.2200	273.9250	77.2900
91.3100	273.2750	77.2900
87.7200	273.2600	77.2900
88.5000	273.6100	77.4200
124.6400	273.7550	83.4700
86.5500	273.3400	83.4700
101.8600	273.7150	83.4700
89.2300	273.3700	83.4700
83.6300	273.3950	83.4700
85.5600	273.6450	83.4700
84.7100	273.7350	83.4700
97.8200	273.9550	83.4700
83.2500	273.8050	83.4700
91.4000	275.9700	83.4700
97.2800	275.6050	83.4700
93.0900	276.1750	83.4700
97.6100	276.0400	83.4700
83.1500	273.5850	83.4700
78.2800	274.0150	83.4700
82.2300	275.9450	83.4700
83.1400	275.4000	83.4700
83.3400	275.7100	83.4700
83.4500	275.6800	83.4700
78.8400	275.4750	83.4700
83.9500	275.0500	83.4700
80.3500	275.1050	83.4700
79.8800	273.9800	83.4700
75.8400	275.0500	83.4700
92.0100	276.1000	83.4700
95.3300	275.3550	83.4700
83.5800	277.3050	83.4700
89.2800	277.0150	83.6700
96.7900	275.8900	93.1600
88.4400	273.5600	93.1600
70.3400	274.0100	93.1600
68.9600	274.7650	93.1600
68.7300	274.4900	93.1600
68.9500	275.0400	93.1600
69.7800	276.1900	93.1600
77.3900	276.8600	93.1600
91.9300	275.9400	93.1600
82.0700	277.6050	93.1600
111.0300	278.3250	93.1600
94.8100	276.7200	93.1600
111.7700	277.4600	93.1600
104.9400	275.2050	93.1600
87.4800	274.3200	93.1600
78.4900	274.2200	93.1600
74.1600	274.6250	93.1600
81.7600	275.8850	93.1600
142.4700	276.7200	93.1600
126.2000	274.7200	93.1600
81.0800	273.9900	93.1600
78.5800	274.6950	93.1600
103.4000	278.5500	93.1600
123.6700	277.4200	93.1600
122.9400	275.8450	93.1600
87.1100	274.9350	93.1600
99.0500	273.8600	93.1600
83.2300	273.7050	93.1600
98.1000	273.6350	93.1600
85.7300	274.0050	93.1600
80.5500	273.7400	93.1100
83.0600	274.6150	90.7200
84.4800	276.1600	90.7200
89.9500	277.7350	90.7200
124.1100	278.8300	90.7200
90.0300	275.5700	90.7200
86.3800	275.5650	90.7200
93.9600	275.2300	90.7200
89.3500	275.0950	90.7200
82.3800	274.5000	90.7200
90.5400	275.5300	90.7200
120.4900	277.1750	90.7200
148.6800	282.2600	90.7200
176.0200	285.4300	90.7200
186.7100	283.7350	90.7200
109.3000	275.5700	90.7200
93.4900	274.5400	90.7200
120.6100	277.2800	90.7200
186.3100	279.2650	90.7200
159.2200	275.8450	90.7200
115.4800	274.2000	90.7200
118.7900	273.8550	90.7200
121.2300	274.5200	90.7200
223.1400	275.8600	90.7200
133.8400	274.4350	90.7200
154.8200	275.5700	90.7200
218.8500	278.3500	90.7200
214.0400	282.8150	90.7200
203.0300	283.3300	90.7200
218.3400	279.8800	90.7200
185.3600	274.3800	90.1600
177.1100	274.1300	63.9200
194.5100	276.9550	63.9200
232.3300	279.3900	63.9200
272.3800	278.8500	63.9200
277.4700	281.2000	63.9200
306.3300	282.7350	63.9200
309.6600	279.4600	63.9200
302.7000	276.9050	63.9200
307.6000	277.3300	63.9200
289.8900	277.6950	63.9200
286.7700	279.6150	63.9200
270.7100	276.5450	63.9200
263.3000	278.2250	63.9200
256.3700	280.6050	63.9200
252.3500	284.7500	63.9200
216.6800	289.3900	63.9200
199.9000	292.2050	180.0000
180.8300	291.5700	183.4400
162.8900	289.1850	165.4800
149.9700	288.4850	151.1700
172.1700	279.7150	174.7100
130.8200	276.6150	134.8400
111.6400	276.8350	114.2600
112.7500	277.2500	113.7600
100.4300	280.0650	101.6000
117.6500	281.3650	116.7700
94.1800	281.7050	99.0600
157.8500	281.7900	148.6500
174.8600	280.2550	180.9400
114.0100	281.0250	128.3500
72.6500	284.8400	76.1800
78.7300	284.5300	76.6600
69.7600	282.9400	73.5700
76.7500	282.1800	69.9900
135.9000	279.8250	140.4300
77.2300	279.0300	82.6300
63.5700	279.8550	65.3200
68.6100	278.1950	68.4900
61.2900	279.9550	62.9400
54.8400	284.0300	56.2200
60.3100	282.0650	59.4200
53.2800	279.5900	54.9900
50.6700	282.2000	52.3100
49.2100	286.6650	52.2800
49.1100	288.1250	52.2800
47.7200	286.8950	52.2800
48.3300	286.9200	52.2800
46.8100	286.6150	52.2800
44.8100	285.2150	52.2800
43.8100	285.6500	52.2800
44.1200	288.8550	52.2800
41.0500	292.0550	52.2800
42.0200	288.5550	52.2800
36.1200	287.0150	52.2800
39.8400	286.6650	52.2800
31.1800	287.0050	52.2800
27.0900	287.4600	52.2800
25.3700	289.4400	52.2800
24.1800	295.2600	52.2800
23.1200	295.9050	52.2800
22.7000	294.6750	52.0300
21.0600	293.2900	40.1300
19.0400	293.3150	40.1300
17.6700	292.3450	40.1300
16.6900	290.2450	40.1300
16.6400	289.6900	40.1300
15.6100	290.4450	40.1300
14.5900	290.9050	40.1300
13.8300	292.6150	40.1300
13.2100	295.6100	40.1300
12.6600	293.1000	40.1300
12.1700	290.1300	40.1300
11.7000	292.0900	40.1300
11.2700	294.0650	40.1300
10.8700	294.4250	40.1300
10.5100	293.4400	40.1300
10.1700	291.7200	40.1300
9.8600	289.8350	40.1300
9.5500	289.0250	40.1300
9.2400	288.4350	40.1300
8.9600	289.1000	40.1300
8.6700	291.1850	40.1300
8.4100	288.9050	40.1300
8.2000	286.8400	40.1300
8.0000	287.9900	40.1300
7.7500	289.2950	40.1300
7.5100	288.8600	40.1300
7.3000	289.3200	40.1300
7.0900	289.6950	40.1300
6.9100	290.1150	40.1300
6.7200	288.9800	40.1300
6.5500	289.4800	40.0300
6.3700	289.4450	35.5900
6.2000	288.9250	35.5900
6.0400	288.0850	35.5900
5.8900	289.9650	35.5900
5.7500	292.8200	35.5900
5.6100	293.5400	35.5900
10.2300	293.3700	35.5900
10.9600	291.6100	35.5900
8.5700	288.2900	35.5900
6.5600	287.5100	35.5900
5.5500	289.8700	35.5900
5.1000	291.5900	35.5900
4.8500	290.6900	35.5900
4.6900	294.0750	35.5900
4.5400	297.1950	35.5900
4.4200	297.7750	35.5900
4.3000	297.1450	35.5900
5.3100	292.5850	35.5900
10.4100	289.8300	35.5900
12.3700	288.6550	35.5900
10.6200	288.4900	35.5900
9.9700	288.6700	35.5900
6.2900	291.2800	35.5900
4.6800	292.0350	35.5900
4.0200	289.3400	35.5900
3.7500	285.4550	35.5900
3.6100	287.9550	35.5900
3.4600	289.9550	35.5900
3.3400	293.3550	35.5900
3.2400	290.0900	35.5900
3.1800	285.2750	35.5900
3.1600	282.2000	35.2600
3.2300	286.0500	35.2600
3.1600	286.8750	35.2600
3.0300	288.3700	35.2600
2.9000	289.7500	35.2600
2.8100	291.2300	35.2600
2.7400	291.2000	35.2600
2.6800	292.5150	35.2600
2.6200	291.2500	35.2600
2.5600	287.6050	35.2600
2.5100	290.8600	35.2600
2.4600	292.6550	35.2600
2.4100	290.6350	35.2600
2.3600	292.8300	35.2600
2.3200	295.2500	35.2600
2.2600	295.1500	35.2600
2.2100	293.3150	35.2600
2.1700	289.2050	35.2600
2.1300	288.0500	35.2600
2.0900	287.0050	35.2600
2.0500	286.5000	35.2600
2.0300	283.6900	35.2600
2.0600	283.9850	35.2600
2.0800	288.4850	35.2600
2.0300	287.1350	35.2600
1.9500	285.8100	35.2600
1.9000	287.4800	35.2600
1.8500	290.4600	35.2600
1.8100	294.1200	35.2600
1.7800	293.1750	35.2900
1.7500	292.3650	36.8200
1.7600	290.0000	36.8200
3.7200	283.9350	36.8200
52.0700	282.5450	36.8200
77.4600	279.4550	36.8200
27.5000	282.4300	36.8200
10.7200	285.3100	36.8200
6.4200	282.0050	36.8200
5.4000	278.3150	36.8200
4.1400	277.1500	36.8200
6.1000	276.7150	36.8200
6.5300	276.9150	36.8200
4.0300	281.3150	36.8200
2.7300	284.6050	36.8200
2.1500	281.5250	36.8200
1.8800	284.0150	36.8200
1.7300	286.2300	36.8200
1.6400	286.5900	36.8200
1.6000	284.2000	36.8200
1.5800	282.4600	36.8200
1.5700	280.3200	36.8200
1.6400	283.4400	36.8200
1.6900	286.9700	36.8200
1.6400	282.9550	36.8200
1.5700	285.7450	36.8200
1.5000	288.1300	36.8200
1.4600	289.4000	36.8200
1.4200	287.3550	36.8200
1.4000	284.7950	36.8200
1.3700	285.1150	36.8200
1.4500	285.6750	37.0100
4.8300	285.0100	45.9300
24.4400	282.5500	45.9300
35.8400	278.6250	45.9300
77.8600	277.1750	45.9300
43.7300	274.8500	45.9300
108.3200	278.4350	45.9300
86.7200	279.7950	45.9300
31.5300	280.7800	45.9300
21.5600	278.8800	45.9300
19.4200	278.4500	45.9300
13.1500	279.4150	45.9300
146.6900	281.4250	45.9300
53.2200	282.5750	45.9300
50.8700	280.8400	45.9300
15.7400	283.2750	45.9300
5.9400	286.3150	45.9300
3.3300	287.0750	45.9300
2.3900	285.3050	45.9300
2.0100	283.2750	45.9300
1.8900	280.1750	45.9300
13.6500	275.3700	45.9300
21.8100	277.2700	45.9300
17.4500	276.2300	45.9300
12.2300	278.5300	45.9300
8.0500	281.0450	45.9300
4.8400	279.6500	45.9300
3.5200	278.9450	45.9300
2.7900	277.6500	45.9300
2.4300	280.7400	45.9300
2.2700	282.6050	46.5200
2.2200	282.5500	74.6400
2.3900	281.5000	74.6400
9.6500	277.9450	74.6400
9.6900	276.9600	74.6400
5.1800	277.4200	74.6400
3.5300	278.4850	74.6400
2.9000	278.1250	74.6400
2.9300	277.4200	74.6400
5.8500	275.3450	74.6400
10.2200	277.5850	74.6400
12.0800	278.1850	74.6400
8.1200	276.4850	74.6400
30.7200	274.2800	74.6400
21.4700	273.1950	74.6400
8.2500	273.1950	74.6400
4.9800	273.2100	74.6400
3.9200	273.2100	74.6400
3.5400	273.2800	74.6400
5.3500	273.2850	74.6400
4.1600	273.1550	74.6400
5.1700	273.8400	74.6400
10.4300	273.6300	74.6400
9.6100	273.2300	74.6400
6.4500	273.2250	74.6400
7.2300	273.4250	74.6400
6.8300	273.1750	74.6400
5.7000	273.7050	74.6400
45.6100	275.8800	74.6400
168.0100	276.1250	74.6400
102.7000	274.5850	74.6400
22.2000	274.8800	75.0000
18.6200	275.3450	92.0200
83.2400	277.0250	92.0200
72.4900	273.9750	92.0200
15.8000	273.4600	92.0200
9.5600	275.2100	91.9600
58.0700	276.5550	54.8600
121.9700	277.4000	90.4900
84.9700	277.6800	92.0200
74.5300	275.0050	92.0200
27.4500	275.2050	50.1900
26.0600	277.2750	25.6800
34.3800	278.5100	31.9800
48.3100	279.7300	45.4900
52.0800	281.6350	51.9600
52.5500	282.4000	52.5900
56.9700	282.1500	56.1200
60.8000	282.3300	60.3200
63.4000	281.6150	63.0800
63.4200	278.7600	63.8000
60.5200	277.7700	61.3100
62.3000	278.0750	61.9100
70.1400	279.9700	68.6800
73.3100	277.5550	73.4900
77.5700	276.8750	76.9500
86.2100	275.1100	87.4100
73.5500	273.6000	77.4800
67.1800	273.3800	68.6900
75.7400	274.4400	74.9900
77.5600	274.4750	79.5600
80.1300	276.5850	79.7100
91.2200	277.6050	86.8200
68.9000	275.0850	76.3000
67.7500	277.1600	67.8500
92.2200	279.6950	87.3100
102.1500	280.8300	95.2800
97.9300	280.6400	98.1800
93.1700	278.0800	98.1800
95.7600	276.5600	98.1800
70.4500	276.1750	78.5500
65.9900	274.7450	67.0000
63.6400	273.4400	65.6100
61.0700	273.4850	63.1200
69.6400	274.2700	69.6800
68.1200	274.1550	70.3900
66.7200	273.8300	68.6300
61.5200	273.8900	63.6700
72.7000	276.3050	71.6400
80.4000	275.9950	79.8700
67.5800	275.7050	71.1200
68.8900	276.4000	68.7200
78.9900	278.1200	78.1600
91.1500	278.3800	89.5500
97.0000	279.8800	94.0000
146.7500	278.2650	98.1800
137.2200	276.8500	98.1800
75.7800	276.0650	98.1800
88.9600	275.5500	98.1800
71.7800	273.8500	98.1800
65.4100	275.4100	98.3800
98.9700	280.6250	107.5900
130.4400	279.3100	107.8800
168.5500	277.0300	107.8800
95.6200	274.8800	107.8800
89.3200	274.5250	107.8800
85.6900	274.0300	107.8800
81.1600	274.0650	107.8800
80.6200	274.1450	103.0600
80.6500	273.4850	82.2000
79.9100	273.4800	81.3900
82.4300	273.8150	83.1900
87.2400	275.1700	87.1900
102.4900	276.8500	99.9500
120.4200	277.4450	106.9700
95.6900	275.8050	107.8800
226.0900	276.1050	107.8800
136.8800	275.2600	107.8800
94.1000	275.8400	107.8800
124.4600	277.5300	107.8800
141.6200	278.0650	107.8800
135.7400	277.9100	107.8800
119.7000	275.4550	107.8800
107.9500	273.5750	107.8800
100.7100	274.0000	107.8800
120.5100	275.0950	107.8800
133.8000	275.1800	107.8800
144.5300	276.8650	107.8800
161.8200	278.1850	107.8800
146.1700	276.6750	107.8800
114.7500	274.0400	107.8800
118.0300	275.4450	107.8300
129.1700	275.1050	105.5200
114.3800	275.5100	105.5200
154.0800	274.7500	105.5200
119.8000	274.0700	105.5200
120.8200	276.3550	105.5200
138.3600	279.6650	105.5200
145.8600	281.9550	105.5200
156.1500	281.5250	105.5200
152.4700	277.0000	105.5200
193.1100	275.9900	105.5200
137.6000	275.3300	105.5200
140.1700	276.7350	105.5200
166.5100	278.0400	105.5200
164.4300	274.7500	105.5200
141.1600	274.0400	105.5200
146.3700	275.0000	105.5200
150.9200	277.7400	105.5200
162.2300	278.1650	105.5200
170.5900	282.0550	105.5200
173.2700	285.9100	105.5200
174.4700	287.9600	105.5200
189.1000	287.4700	105.5200
182.1200	282.0100	105.5200
179.2400	275.6750	105.5200
177.0500	276.0050	105.5200
160.1700	276.0400	105.5200
149.6900	276.2450	105.5200
139.8400	275.9400	105.5200
152.2200	274.8750	105.5200
129.5200	276.0200	104.9700
117.6300	279.3750	79.0100
149.0000	280.5000	79.0100
194.3300	278.3250	79.0100
243.3800	277.7650	79.0100
293.7400	279.1400	79.0100
124.3300	280.2350	79.0100
152.7900	279.4200	79.0100
109.2300	277.9900	79.0100
102.9200	279.6950	79.0100
102.1900	280.7400	79.0100
100.7300	281.9850	79.0100
99.6400	280.0950	79.0100
95.1100	276.9550	79.0100
120.1800	278.1800	79.0100
166.2100	280.9550	79.0100
90.9100	284.0350	79.0100
84.8400	288.9850	79.0100
83.7700	291.1400	79.0100
82.4300	287.9450	79.0100
79.6900	280.8300	79.0100
74.6900	282.1600	79.0100
73.7700	284.8700	79.0100
72.6500	285.7100	79.0100
71.8600	285.5900	79.0100
68.2900	285.0300	79.0100
64.2200	285.0800	79.0100
62.1900	286.1650	79.0100
60.6100	288.9250	79.0100
60.1200	292.0650	79.0100
59.3300	292.6100	79.0100
70.4600	291.7200	78.1500
95.1800	289.1350	38.0300
83.1500	288.4500	38.0300
83.3500	287.0550	38.0300
81.4300	287.8000	38.0300
72.6200	284.9550	38.0300
60.8100	283.5800	38.0300
51.6200	284.5500	38.0300
47.2100	284.5100	38.0300
45.2000	285.8200	38.0300
37.8300	285.1250	38.0300
47.6900	283.2000	38.0300
58.1100	283.1800	38.0300
52.6600	284.7550	38.0300
64.9500	284.4750	38.0300
42.8200	286.1150	38.0300
31.9200	286.9000	38.0300
27.3100	289.5700	38.0300
24.2500	288.2250	38.0300
22.6400	287.7000	38.0300
22.3300	284.8450	38.0300
21.8900	283.6500	38.0300
26.6700	283.4150	38.0300
24.3900	285.7000	38.0300
20.1400	290.2500	38.0300
18.3600	289.2500	38.0300
17.5100	287.1150	38.0300
16.8900	288.6250	38.0300
16.3500	291.5050	38.0300
15.8600	289.9200	38.0300
15.4100	288.9500	37.7600
14.9300	290.0850	25.0800
14.5100	293.5700	25.0800
14.4800	294.7400	25.0800
14.1000	294.8400	25.0800
13.9100	294.5700	25.0800
13.2900	287.8550	25.0800
12.7700	286.3400	25.0800
12.3500	286.1000	25.0800
12.0000	287.3250	25.0800
11.7100	289.4300	25.0800
11.8800	289.8500	25.0800
11.8400	288.6450	25.0800
11.5000	286.5050	25.0800
11.1700	290.0600	25.0800
10.6100	291.6050	25.0800
10.1700	292.8750	25.0800
9.8500	293.9250	25.0800
9.5800	294.3500	25.0800
9.3200	292.3850	25.0800
9.0900	292.8450	25.0800
8.8400	293.5850	25.0800
8.6200	292.3250	25.0800
8.4200	291.3950	25.0800
8.2200	292.0950	25.0800
8.0300	293.8200	25.0800
7.8400	294.5400	25.0800
7.6500	295.6950	25.0800
7.4700	297.7550	25.0800
7.3000	298.6200	25.0800
7.2900	297.9400	25.0800
8.0300	297.0800	24.9800
8.6400	296.2000	20.4900
11.6600	294.1900	20.4900
26.2300	293.7650	20.4900
19.8400	293.3450	20.4900
10.5100	291.0000	20.4900
7.7000	288.5550	20.4900
8.5800	287.0500	20.4900
10.6300	287.5150	20.4900
8.8400	289.6400	20.4900
6.8300	291.2750	20.4900
5.9000	292.7150	20.4900
5.4800	291.9250	20.4900
5.2500	290.7200	20.4900
5.7500	286.4050	20.4900
7.0500	286.6350	20.4900
7.2500	288.3750	20.4900
5.9400	290.4150	20.4900
5.1400	294.5550	20.4900
4.7400	296.8000	20.4900
4.5000	296.7450	20.4900
4.3600	293.0950	20.4900
4.2500	291.0700	20.4900
4.1400	288.5950	20.4900
4.0400	288.2000	20.4900
3.9400	289.7350	20.4900
3.8500	290.4750	20.4900
3.7600	292.6650	20.4900
3.6800	293.0650	20.4900
3.6000	291.3600	20.4900
3.5300	289.7350	20.4900
3.4700	291.3700	20.4900
3.4100	291.7000	20.4900
3.3400	291.5450	20.4900
3.2800	289.7250	20.4900
3.2200	288.7800	20.4900
3.1500	288.9300	20.4900
3.3100	285.6300	20.4900
3.9700	286.1450	20.4900
4.0300	286.3750	20.4900
3.5300	289.2900	20.4900
3.1400	291.6050	20.4900
2.9100	294.5600	20.4900
2.7700	296.0150	20.4900
2.6900	294.1200	20.4900
2.8000	290.9400	20.4900
3.3500	288.3300	20.4900
3.2500	290.6900	20.4900
2.9000	288.4500	20.4900
2.6500	289.8650	20.4900
2.5000	291.3850	20.4900
2.5200	287.8550	20.4900
2.6600	290.3550	20.4900
2.5700	294.8750	20.4900
2.4000	295.8150	20.4900
2.2600	292.3850	20.4900
2.1600	291.0000	20.4900
2.0900	294.3300	20.4900
2.0400	292.3800	20.4900
1.9900	291.9300	20.4900
2.0800	282.8000	20.4900
4.0000	280.7450	20.5300
10.7100	281.3950	22.6800
8.6500	282.6750	22.6800
4.7500	280.4600	22.6800
3.2500	277.9700	22.6800
5.1400	278.3000	22.6800
8.0200	280.7950	22.6800
4.9800	284.7450	22.6800
3.2500	284.7550	22.6800
2.5000	284.5150	22.6800
2.1300	284.9950	22.6800
1.9500	284.8300	22.6800
1.8500	283.7500	22.6800
1.9800	284.1700	22.6800
47.2600	282.7100	22.6800
78.8000	280.9100	22.6800
26.8200	285.5200	22.6800
9.1700	290.0050	22.6800
4.6800	285.9900	22.6800
3.7600	284.3300	22.6800
5.0100	282.6150	22.6800
5.6300	284.0100	22.6800
4.1300	283.5100	22.6800
3.7800	283.8400	22.6800
5.5700	284.2800	22.6800
11.0600	283.3150	22.6800
5.9200	286.2500	22.6800
27.5800	276.9800	22.6800
26.3800	275.6000	22.6800
14.0000	277.9650	22.6800
23.2400	281.7250	22.6800
22.5300	282.3650	22.8800
15.3800	282.3450	32.1700
10.2700	281.3350	32.1700
5.0200	283.0000	32.1700
3.0300	285.8750	32.1700
2.2000	285.1800	32.1700
12.7100	281.1600	32.1700
57.5700	276.7400	32.1700
26.1500	277.1500	32.1700
13.6700	278.3300	32.1700
17.6600	279.8450	32.1700
17.7000	277.3750	32.1700
23.7600	275.9000	32.1700
17.3600	274.4250	32.1700
9.5000	274.3850	32.1700
6.0000	275.1150	32.1700
6.1800	276.8450	32.1700
40.1600	279.9250	32.1700
43.7600	275.6550	32.1700
17.6100	276.7600	32.1700
11.0000	279.5550	32.1700
29.3200	276.1250	32.1700
24.5500	276.5200	32.1700
32.2200	275.1900	32.1700
10.6800	279.2750	32.1700
15.8100	280.6000	32.1700
22.2400	280.9950	32.1700
27.3500	280.3550	32.1700
31.0900	275.0950	32.1700
13.1900	275.6300	32.1700
11.5000	276.8950	32.7800
10.4200	276.8550	60.9800
7.1800	277.1100	60.9800
5.1100	276.6050	60.9800
3.7600	275.7350	60.9800
3.0100	274.5950	60.9800
2.6300	273.3950	60.9800
2.0700	273.1500	60.9800
1.8100	273.1500	60.9800
1.7000	273.1500	60.9800
1.6600	273.1750	60.9800
1.6700	273.4850	60.9800
3.1500	275.1350	60.9800
15.5200	275.8300	60.9800
15.4400	274.1800	60.9800
18.4200	276.7300	60.9800
126.9400	277.4550	60.9800
57.8900	276.4200	60.9800
17.9000	279.8950	60.9800
17.3300	280.9500	60.9800
15.3700	280.3900	60.9800
34.2900	278.7250	60.9800
43.3400	274.8500	60.9800
17.2400	273.5350	60.9800
10.0700	274.4650	48.0800
14.5500	275.2550	13.0000
15.2900	275.7150	15.3400
10.1300	275.4500	12.7000
6.2100	274.8550	7.3600
5.6700	274.6400	6.2700
10.3600	274.4950	8.0500
12.2600	274.7950	12.9100
239.8600	277.2750	64.4100
137.2100	275.4050	78.3500
22.4200	276.4550	78.3500
15.5600	278.2950	78.3500
24.5800	278.9000	78.3500
39.1800	279.6950	78.3500
77.2100	279.0450	78.3500
26.8900	279.8800	58.8300
37.0900	280.2500	33.1800
32.0200	280.3700	35.6600
24.2500	282.4850	25.2700
42.2400	281.3100	37.4200
68.3000	278.5900	68.2500
44.7600	276.4700	52.9000
16.1700	279.2050	21.6100
13.5700	281.2150	13.3400
20.0900	279.5050	18.9400
36.0500	277.7750	31.7700
34.3700	278.1850	37.0100
19.9600	277.6300	24.5500
14.4500	277.9300	15.6100
14.3700	276.6500	14.2900
17.9900	274.4800	17.3700
18.5700	274.5550	18.4900
80.9700	276.0850	63.0400
49.9100	276.3000	65.3300
40.5400	275.0300	44.6200
24.9900	276.3250	29.0000
23.8100	277.9000	23.0800
30.6200	277.6950	29.1100
29.5300	275.9500	30.5600
32.2500	276.5800	31.5100
52.4800	276.3100	49.7700
43.2500	276.9850	45.7400
31.9800	276.3800	35.4600
38.4900	277.6450	35.7900
38.7500	277.6500	40.6400
42.8900	276.7300	41.5300
38.1200	275.6200	40.7100
30.6500	276.1600	32.7200
28.6300	276.2150	28.9700
28.8700	276.5250	28.7700
46.6000	277.4750	42.9200
52.5200	277.2150	52.0600
52.2000	278.5100	53.6300
82.7100	277.7350	76.5700
54.7400	279.1800	62.5900
56.6800	280.1300	56.9700
48.3200	280.2300	49.9100
43.6100	279.3150	44.6600
37.9700	277.1650	39.5200
33.3400	275.3900	34.5400
30.5700	274.9300	31.4600
31.3500	275.8350	30.9200
43.1700	276.9350	39.5700
61.6100	276.1700	61.9300
59.2000	278.7200	59.4500
74.8400	278.2000	74.3800
47.5700	277.3900	52.5600
37.6200	279.5200	39.3400
39.5700	280.5550	39.0000
47.7500	278.5500	45.7200
76.6900	275.6600	76.0200
59.9600	275.7700	64.4400
47.3800	278.2050	50.1200
43.6500	279.7400	44.4500
43.3800	277.7000	43.5400
45.0700	274.4550	45.4500
42.6700	274.3250	44.3100
50.6600	274.8550	49.5200
67.9400	277.1100	64.7100
133.1400	275.2250	91.7500
54.6500	274.6550	94.2200
52.4500	278.7000	63.5900
54.3700	281.9800	54.6700
49.7400	278.1750	50.8900
47.6300	277.9750	48.2800
41.5000	280.3900	42.8500
38.8500	282.4600	39.5200
39.0200	280.8700	39.0300
54.3500	277.4650	51.2700
49.6200	276.6200	52.0500
42.2500	280.6000	43.8200
52.8800	280.0300	48.2900
78.4700	275.2650	80.8700
55.3400	275.2550	58.8800
57.6400	280.5200	57.4700
73.6300	279.7500	66.9100
122.2200	276.3400	94.2200
79.2100	274.5650	94.1700
47.4600	274.8600	77.7400
44.1600	275.5950	43.9100
65.3000	274.6350	66.8100
56.7100	274.6650	58.7300
62.3300	275.8450	62.5800
63.0200	275.3550	64.7400
69.6000	276.1900	69.9900
126.7200	278.7550	84.6800
65.7300	274.7200	91.7900
63.2400	276.0650	81.0100
120.3700	280.1050	85.3600
104.8200	278.5950	91.7900
99.6400	277.9750	91.7900
99.6500	277.7600	91.7900
84.8200	277.9850	91.7900
72.1700	280.1850	91.7900
69.9600	281.6000	91.7900
71.4000	280.7200	91.7200
71.4100	283.1100	73.7900
80.7600	282.9850	78.0600
126.0900	277.4250	91.7900
96.1800	274.5750	91.7900
97.1700	278.5900	91.7900
74.7700	279.9100	91.7900
71.6200	278.0350	91.7900
70.3600	281.9550	91.4300
148.2700	281.5300	82.2100
212.4300	276.0300	91.7900
123.4200	275.1950	91.7900
96.8300	274.6350	91.2300
94.8800	276.1400	65.0100
92.1100	277.7000	65.0100
80.8700	279.6250	65.0100
103.0200	277.9400	65.0100
88.4900	276.9050	65.0100
89.6400	274.9550	65.0100
84.7500	277.9200	65.0100
82.5400	280.0800	65.0100
81.9600	280.1750	65.0100
105.2300	280.0600	65.0100
166.5100	276.8650	65.0100
96.2500	277.7750	65.0100
82.4700	280.9600	65.0100
83.2100	284.3200	65.0100
79.6800	285.9550	65.0100
79.6700	286.9450	65.0100
80.7400	286.8700	65.0100
82.9200	283.7650	65.0100
92.0400	281.0100	65.0100
112.8900	278.1800	65.0100
87.4800	276.8950	65.0100
115.6500	275.4200	65.0100
99.8100	275.7250	65.0100
74.3900	276.3450	65.0100
67.4800	278.1050	65.0100
87.4100	280.1350	65.0100
95.0900	279.7900	65.0100
93.2100	279.4100	65.0100
76.0800	278.9950	65.0100
66.4400	282.1950	65.0100
65.5400	283.5650	64.2900
67.9600	282.5750	30.5200
76.1700	283.6100	30.5200
216.5400	282.6800	30.5200
209.1900	282.8400	30.5200
136.4100	283.4550	30.5200
69.5000	286.4000	30.5200
66.6800	285.8200	30.5200
67.4500	285.0150	30.5200
68.2900	286.0000	30.5200
81.4400	282.1400	30.5200
106.2800	278.4500	30.5200
74.9300	282.8150	30.5200
67.6400	286.9450	30.5200
65.9000	288.2250	30.5200
64.8000	284.5850	30.5200
63.6200	280.4450	30.5200
62.6700	279.7600	30.5200
61.2000	282.3150	30.5200
59.5800	283.6300	30.5200
58.0200	281.8350	30.5200
56.4000	282.1500	30.5200
54.7300	285.1500	30.5200
53.0800	288.3500	30.5200
51.3800	289.2700	30.5200
49.4600	290.1600	30.5200
47.7000	289.7100	30.5200
45.7500	290.5950	30.5200
43.7800	291.2150	30.5200
41.9300	290.2500	30.5200
40.1500	286.5450	30.2400
38.3900	284.8750	17.1400
36.7800	285.2700	17.1400
35.5600	283.6000	17.1400
34.0100	285.2600	17.1400
32.1200	287.5150	17.1400
30.1500	288.0650	17.1400
28.4000	292.5850	17.1400
26.9100	294.5500	17.1400
25.6700	296.0000	17.1400
24.3100	295.3800	17.1400
23.0400	293.5050	17.1400
21.9300	293.9500	17.1400
20.9400	290.2950	17.1400
19.9900	289.0550	17.1400
19.1200	292.6800	17.1400
18.3400	294.3050	17.1400
17.6000	293.0250	17.1400
16.9000	291.9250	17.1400
16.2500	290.1350	17.1400
15.6200	289.9450	17.1400
15.0400	289.9200	17.1400
14.5100	291.8250	17.1400
14.0100	292.0200	17.1400
13.5200	294.1800	17.1400
13.0700	294.8050	17.1400
12.6400	295.0250	17.1400
12.7600	293.8500	17.1400
15.6400	293.5800	17.1400
16.6800	292.9600	17.1400
13.0700	290.9850	17.1400
11.3700	289.7400	17.0400
10.6400	288.9250	12.5300
10.2000	290.8800	12.5300
9.8400	292.4850	12.5300
9.5400	292.0950	12.5300
9.2500	291.8650	12.5300
8.9700	291.9750	12.5300
8.7100	290.7150	12.5300
8.4700	290.1950	12.5300
8.2400	290.0200	12.5300
8.0200	289.6150	12.5300
7.7900	287.8250	12.5300
7.5800	289.5550	12.5300
7.3700	291.8200	12.5300
7.1700	293.6200	12.5300
7.0800	293.8200	12.5300
7.8200	294.1850	12.5300
7.4600	295.6900	12.5300
7.1700	293.1000	12.5300
8.7400	291.4300	12.5300
7.6900	291.0650	12.5300
6.5800	289.9400	12.5300
6.1600	286.4900	12.5300
6.8700	287.3300	12.5300
6.4900	292.8200	12.5300
5.8400	296.3450	12.5300
5.4500	295.0950	12.5300
5.2200	286.3200	12.5300
5.0500	285.6000	12.5300
6.1300	283.6800	12.5300
8.3500	283.8250	12.5300
30.2600	284.0950	12.5300
19.0700	287.2400	12.7000
9.5700	291.2850	12.7000
7.3200	296.5750	12.7000
5.6200	292.2400	12.7000
4.7900	285.7550	12.7000
4.3800	284.8550	12.7000
4.1500	286.0450	12.7000
4.4300	283.5400	12.7000
12.9700	283.1650	12.7000
16.1100	284.9400	12.7000
9.9100	287.2950	12.7000
5.9100	289.0100	12.7000
4.4200	289.8100	12.7000
3.8600	289.6800	12.7000
3.9400	290.0800	12.7000
3.8800	288.7700	12.7000
3.5800	289.7300	12.7000
9.1900	288.7400	12.7000
62.8600	285.4000	12.7000
131.7000	281.8600	12.7000
27.1100	282.7600	12.7000
10.3200	284.7750	12.7000
5.8900	284.9000	12.7000
4.1700	286.5600	12.7000
3.4100	288.8400	12.7000
3.0300	290.1850	12.7000
2.8300	291.2300	12.7000
2.7200	292.3150	12.7000
2.6400	292.1400	12.7000
2.5800	293.5050	12.7500
2.5200	293.5700	15.2300
2.5000	290.5250	15.2300
2.4900	289.5700	15.2300
4.1900	283.9700	15.2300
9.1400	281.5250	15.2300
14.4900	286.3400	15.2300
9.1500	286.7000	15.2300
5.0500	284.5850	15.2300
3.8200	286.0400	15.2300
18.4900	287.2650	15.2300
12.8200	283.3600	15.2300
7.7500	283.4750	15.2300
4.8500	288.3150	15.2300
3.3600	288.3050	15.2300
2.7000	284.8700	15.2300
2.3900	284.1200	15.2300
2.2400	282.8950	15.2300
2.1400	281.9150	15.2300
2.0900	285.2050	15.2300
2.0500	287.6250	15.2300
2.0100	285.9150	15.2300
1.9800	283.7550	15.2300
4.0600	282.8550	15.2300
107.8200	282.1450	15.2300
208.8100	276.9700	15.2300
54.3000	275.7850	15.2300
32.0700	275.7000	15.2300
22.9600	279.9850	15.2300
75.1400	278.8350	15.2300
44.1300	280.8000	15.2300
23.6400	281.2000	15.4300
45.9500	282.3800	24.9200
16.2500	284.7350	24.9200
7.7800	287.3650	24.9200
5.1200	287.2600	24.9200
4.1500	286.8900	24.9200
4.1300	284.8800	24.9200
30.9700	283.5000	24.9200
91.4300	276.8400	24.9200
18.3600	276.1400	24.9200
41.8800	276.6850	24.9200
41.2300	275.6400	24.9200
20.8600	278.3350	24.9200
15.7600	276.9200	24.9200
16.7400	280.3950	24.9200
27.1600	281.8200	24.9200
13.9200	281.4200	24.9200
10.2400	277.7600	24.9200
7.8400	278.3950	24.9200
26.8600	275.2000	24.9200
13.5800	274.5650	24.9200
11.3300	274.6250	24.9200
12.1000	274.1100	24.9200
14.0700	273.9300	24.9200
11.3400	273.1500	24.9200
8.2900	273.2500	24.9200
7.6400	273.9450	24.9200
14.3500	275.0350	24.9200
26.5700	273.8500	24.9200
15.1200	273.5900	24.9200
12.4500	274.9350	25.5300
32.7900	276.5650	53.7900
61.6600	275.7800	53.7900
62.9600	274.6600	53.7900
25.8400	274.7050	53.7900
22.0700	276.8650	53.7900
29.9700	277.4850	53.7900
46.9700	277.5700	53.7900
40.6200	278.2150	53.7900
52.0500	276.6600	53.7900
40.9100	277.6300	53.7900
61.2200	276.1800	53.7900
106.4900	278.9550	53.7900
93.4800	280.1950	53.7900
146.4000	278.0250	53.7900
85.6900	274.6600	53.7900
41.3600	273.5800	53.7900
41.5100	273.7750	53.7900
61.7000	274.8800	53.7900
83.3600	274.0600	53.7900
79.1000	274.0750	53.7900
79.8100	274.3650	53.7900
78.6700	275.0600	53.7900
80.8600	274.4100	53.7900
77.4200	275.3700	53.7900
88.5000	277.4750	53.7900
101.0800	276.6550	53.7900
105.8000	274.1750	53.7900
121.1400	275.7100	53.7900
252.7900	275.9000	53.7900
109.8500	273.3250	53.7900
