98.4000	273.0033	108.2900
97.3800	272.9633	87.8600
88.5800	272.8900	87.8600
81.7400	272.8300	87.8600
80.0800	272.9000	87.8600
79.8100	273.0533	87.8600
79.7800	273.0833	87.8600
79.7500	273.2967	87.8600
79.7500	273.3367	87.8600
79.7300	273.1233	87.8600
79.7200	273.0033	87.8600
79.7100	273.0767	87.8600
79.7100	273.3800	87.8600
80.6500	273.4367	87.8600
86.5300	273.4667	87.8600
95.7100	273.5567	87.8600
125.1900	273.5800	87.8600
146.4100	273.5433	87.8600
143.1700	273.4633	87.8600
132.0400	273.4267	87.8600
118.8000	273.2733	87.8600
109.7200	273.0500	87.8600
105.2700	272.9833	87.8600
100.6700	273.0867	87.8600
96.1400	273.1867	87.8600
92.7000	273.1833	87.8600
90.6900	273.1200	87.8600
89.6500	273.2067	87.8600
88.6800	273.1700	87.8600
87.6300	273.2300	87.8600
86.7500	273.5000	87.8600
86.4900	273.7700	88.2700
87.8900	273.6500	107.5200
94.0900	273.4067	107.5200
105.9100	273.4000	107.5200
115.1500	273.5833	107.5200
113.6700	273.5733	107.5200
107.5000	273.7833	107.5200
102.4700	273.8067	107.5200
102.8200	273.9967	107.5200
107.3400	274.0933	107.5200
109.5000	273.8167	107.5200
107.0000	273.6700	107.5200
102.6600	273.7767	107.5200
99.8300	273.8800	107.5200
98.9100	274.0800	107.5200
98.8100	274.1300	107.5200
98.7100	274.1800	107.5200
98.4300	274.0967	107.5200
98.1100	273.8167	107.5200
97.7900	273.8867	107.5200
97.5700	274.0033	107.5200
98.1600	273.8400	107.5200
98.7400	273.8067	107.5200
98.4400	273.8233	107.5200
98.0000	274.0100	107.5200
97.6500	274.0833	107.5200
97.4200	273.9200	107.5200
97.2800	273.7300	107.5200
97.1600	273.7367	108.8500
100.4600	273.7467	171.3300
129.7300	274.3067	171.3300
148.6300	274.5667	171.3300
157.8700	274.5333	171.3300
169.3800	274.2233	171.3300
171.8900	274.1533	171.3300
169.3500	274.2067	171.3300
169.8800	274.2967	171.3300
174.8800	274.1933	171.3300
176.5900	274.2200	171.3300
175.3000	274.0033	171.3300
175.0200	274.1467	171.3300
177.7700	274.0333	171.3300
184.1600	274.0267	171.3300
190.9500	274.0000	171.3300
202.7600	274.2667	171.3300
215.0500	274.2200	171.3300
209.5300	274.2767	171.3300
200.7900	274.5533	171.3300
199.0700	274.9000	171.3300
194.9300	275.4900	171.3300
189.3700	276.2967	171.3300
185.9200	276.7667	171.3300
179.4600	276.4633	171.3300
171.2400	275.9533	171.3300
165.8800	275.7167	171.3300
163.0200	275.4967	171.3300
160.5300	275.6100	171.3300
155.2200	276.1433	171.3300
157.3100	276.4367	171.3300
160.1000	276.7867	171.0700
162.4500	276.9933	159.1400
156.4500	277.0067	159.1400
152.5900	276.6700	159.1400
155.2100	277.2733	159.1400
153.9800	278.3300	159.1400
158.4400	278.5467	159.1400
171.5700	280.4000	159.1400
187.9500	282.1233	159.1400
187.8300	282.3100	159.1400
179.4000	282.3567	159.1400
171.1900	282.8500	159.1400
195.0200	283.9833	159.1400
221.1200	282.2767	159.1400
209.2200	282.2100	159.1400
188.6900	282.9400	159.1400
174.4200	282.3400	159.1400
166.4200	279.9467	159.1400
161.4400	279.3200	159.1400
157.4900	279.9467	159.1400
154.3100	281.8433	159.1400
155.8300	284.6467	159.1400
163.0700	285.9533	159.1400
166.3100	285.7433	159.1400
164.5700	285.6300	159.1400
160.8400	285.2233	159.1400
157.4000	285.8567	159.1400
154.5200	286.9267	159.1400
152.2800	287.2033	159.1400
150.6800	286.8333	159.1400
149.5800	288.1167	159.1000
148.5600	289.4667	157.0900
147.6300	290.5400	157.0900
171.4900	288.4867	157.0900
223.2300	286.5533	157.0900
230.9700	285.8733	157.0900
203.2000	285.4233	157.0900
181.1600	286.7333	157.0900
174.6400	286.9167	157.0900
174.1400	287.3200	157.0900
168.7300	288.8533	157.0900
167.9000	290.0633	157.0900
173.4900	288.7500	157.0900
170.8000	287.4733	157.0900
163.9900	287.7333	157.0900
165.9000	288.4433	157.0900
172.4200	291.2067	157.0900
168.8900	292.8933	157.0900
161.9100	293.2567	157.0900
156.2200	293.0033	157.0900
152.2900	293.2100	157.0900
150.4300	292.5333	157.0900
155.1100	289.8867	157.0900
163.1900	287.2333	157.0900
170.8300	285.7567	157.0900
177.1900	285.1567	157.0900
187.1200	285.2333	157.0900
186.9400	285.0633	157.0900
177.3100	285.5200	157.0900
167.8600	286.8567	157.0900
160.7300	287.3967	157.0900
156.2000	287.4367	157.6300
155.8900	286.3167	182.9100
175.0700	285.8700	182.9100
200.0900	284.8733	182.9100
210.6600	284.9333	182.9100
199.9400	285.3867	182.9100
196.6600	285.3867	182.9100
192.3100	286.4833	182.9100
185.7500	287.7933	182.9100
179.9400	289.4033	182.9100
175.6300	291.1733	182.9100
174.3200	292.5800	182.9100
206.9200	294.6400	182.9100
317.1700	296.4700	182.9100
289.4700	297.2667	182.9100
246.5500	297.1733	182.9100
240.8000	295.2667	182.9100
221.9500	294.6133	182.9100
208.1400	295.0400	182.9100
224.8200	295.8767	182.9100
231.0000	294.4300	182.9100
215.6100	294.2133	182.9100
208.0200	293.3333	182.9100
234.3600	292.4733	182.9100
238.8200	292.4800	182.9100
223.7900	293.1467	182.9100
200.7300	294.6367	182.9100
181.3700	296.0400	182.9100
173.3200	297.0067	182.9100
171.3700	297.5767	182.9100
170.6500	298.1067	182.5700
169.0700	298.2767	166.8300
160.7200	295.9800	166.8300
156.7400	294.3700	166.8300
156.8900	295.1567	166.8300
157.0600	294.9233	166.8300
156.9400	293.6967	166.8300
156.6000	293.9800	166.8300
156.1900	295.3967	166.8300
155.6900	296.9467	166.8300
155.2100	297.9200	166.8300
154.8200	297.5967	166.8300
154.5700	296.7867	166.8300
154.3600	296.4567	166.8300
154.1200	296.4667	166.8300
153.8600	297.0233	166.8300
153.6100	297.6100	166.8300
153.7800	297.8500	166.8300
165.0800	297.5067	166.8300
182.7400	298.4733	166.8300
188.1500	299.2533	166.8300
181.9800	300.2433	166.8300
174.1000	301.1600	166.8300
178.6000	301.3400	166.8300
200.8000	300.3700	166.8300
210.0100	299.3267	166.8300
197.7200	297.8300	166.8300
179.5900	296.4967	166.8300
167.5900	295.9167	166.8300
163.6000	296.7333	166.8300
167.6500	297.8900	166.8300
167.1500	298.8067	166.5500
161.7900	299.8633	153.2300
158.8500	299.6967	153.2300
192.6100	299.0633	153.2300
317.9000	298.6933	153.2300
320.1700	299.0333	153.2300
263.5100	299.8600	153.2300
218.6000	301.0733	153.2300
183.4200	302.2000	153.2300
157.6600	302.3433	153.2300
144.2100	300.9233	153.2300
140.3800	298.5333	153.2300
139.2100	297.6233	153.2300
138.8900	297.3600	153.2300
140.9800	296.2067	153.2300
143.9200	295.7700	153.2300
147.4500	294.1733	153.2300
154.7100	293.2200	153.2300
158.6900	293.5700	153.2300
155.9400	293.6400	153.2300
151.0300	293.8833	153.2300
146.8400	294.2333	153.2300
144.4500	294.9067	153.2300
148.3400	297.0633	153.2300
147.9900	297.4800	153.2300
145.9100	296.9500	153.2300
159.9400	295.4000	153.2300
168.6700	295.8400	153.2300
168.6400	295.8100	153.2300
161.2400	295.3367	153.2300
155.2300	295.2267	153.2300
165.1100	295.2133	153.0500
165.8700	293.7300	144.3600
157.4500	293.0667	144.3600
148.8700	293.6433	144.3600
142.9300	294.1033	144.3600
139.0000	293.7200	144.3600
136.4000	293.7600	144.3600
143.4400	294.6200	144.3600
217.1500	294.4633	144.3600
336.9200	292.5633	144.3600
284.9300	290.8367	144.3600
309.6000	290.3133	144.3600
327.8400	290.7567	144.3600
271.1900	291.0600	145.2600
212.7300	289.8967	215.2400
168.9600	289.0533	175.7300
143.6000	289.2167	148.1400
135.7600	288.9867	144.3600
136.4800	288.6300	144.3600
140.3200	289.3500	144.3600
150.1200	288.9367	144.3600
156.1200	289.2967	148.6600
154.4100	289.2400	157.1300
148.7600	289.6200	151.4100
148.0300	286.9267	151.2300
148.2400	284.5400	150.8500
145.6500	283.6800	147.7900
141.6700	284.0400	144.5400
138.1300	284.6100	144.3600
135.5200	284.7833	144.3600
133.6800	284.9100	144.2700
131.9400	285.8033	140.0600
127.3700	287.1867	140.0600
124.3900	288.3933	140.0600
123.5100	288.2233	140.0600
123.1100	286.8000	140.0600
122.7800	284.8167	140.0600
122.4800	282.6767	140.0600
122.3200	281.8400	140.0600
122.2100	283.0300	140.0600
123.9600	285.3000	140.0600
137.9500	286.5033	140.0600
150.7700	285.8033	140.0600
150.0400	285.4533	140.0600
144.3000	285.1600	140.0600
142.8400	284.4033	140.0600
141.6700	283.2500	140.0600
139.1900	281.9133	140.0600
135.7800	280.9800	140.0600
132.2900	280.9767	140.0600
129.4500	281.2667	140.0600
127.4900	281.6400	140.0600
126.1500	281.8033	140.0600
125.1300	282.4033	140.0600
124.5600	283.6267	140.0600
125.5900	282.4333	140.0600
128.9200	279.8533	140.0600
131.2800	278.6867	140.0600
130.8100	277.9600	140.0600
129.0600	278.6733	140.0600
127.3200	279.3700	140.0600
126.5700	279.4400	139.9600
128.3700	281.4900	135.2200
129.4300	282.9367	135.2200
128.9600	282.4633	135.2200
127.3800	281.9733	135.2200
125.5300	281.2667	135.2200
123.9100	280.7767	135.2200
122.7200	281.7000	135.2200
119.5600	282.6067	135.2200
115.3500	281.3900	135.2200
114.9500	279.9033	135.2200
114.9200	279.0900	135.2200
114.7600	278.4767	135.2200
114.4600	278.0633	135.2200
115.7900	279.2667	135.2200
118.4600	281.6633	135.2200
119.6100	282.8767	135.2200
119.0800	282.5167	135.2200
117.9400	282.6067	135.2200
117.2400	282.8967	135.2200
116.4600	280.5100	135.2200
100.7900	278.4967	135.2200
95.1400	278.1167	135.2200
96.7600	278.2800	135.2200
94.8300	279.4033	135.2200
104.5200	280.8333	135.2200
124.2200	279.2700	135.2200
144.5200	278.3300	135.2200
151.9100	277.8800	135.2200
150.0300	277.1767	135.2200
143.5800	276.6500	134.8600
138.1700	276.1667	118.1200
129.5600	275.5100	118.1200
122.7400	275.4067	118.1200
118.1400	275.8633	118.1200
114.3500	277.9667	118.1200
113.2200	278.8767	118.1200
114.4300	276.8967	118.1200
114.1100	275.7567	118.1200
112.8600	275.0767	118.1200
111.1500	274.6800	118.1200
109.5500	274.5033	118.1200
105.0200	274.3900	118.1200
102.3500	274.3900	118.1200
99.2400	274.0867	118.1200
88.3900	273.8300	118.1200
83.0100	274.0033	118.1200
82.1800	274.3567	118.1200
83.6100	274.2367	118.1200
85.7300	274.1900	118.1200
86.7100	273.7300	118.1200
86.1000	273.3633	118.1200
84.3700	273.2400	118.1200
83.4000	273.3600	118.1200
86.7800	273.2600	118.1200
92.2400	273.0733	118.1200
96.1500	272.9833	118.1200
96.4400	272.9667	118.1200
93.3800	273.0567	118.1200
89.3000	273.0133	118.1200
85.7200	272.9533	118.1200
83.1400	272.8267	117.6800
81.4000	272.7433	97.2200
80.1500	272.7967	97.2200
78.0300	272.7733	97.2200
74.5200	272.6700	97.2200
71.6900	272.8800	97.2200
70.5800	273.1167	97.2200
71.2300	273.1033	97.2200
72.7000	273.0533	97.2200
74.1300	273.2067	97.2200
75.0500	273.3900	97.2200
76.6300	273.4200	97.2200
80.8800	273.4600	97.2200
83.8500	273.3767	97.2200
84.8700	273.4367	97.2200
86.7300	273.5333	97.2200
90.6700	273.4500	97.2200
92.0900	273.3167	97.2200
91.1600	273.3167	97.2200
89.4400	273.1833	97.2200
87.9600	273.1267	97.2200
86.7900	273.1733	97.2200
86.0900	273.2900	97.2200
88.2600	273.3733	97.2200
95.9100	273.3633	97.2200
99.1200	273.3600	97.2200
96.9900	273.4867	97.2200
93.7800	273.5667	97.2200
91.0000	273.7533	97.2200
88.8900	273.8167	97.2200
87.3000	273.7467	97.2200
86.2800	273.7633	97.6300
86.4600	273.6667	116.9100
94.2300	273.5767	116.9100
100.5400	273.3800	116.9100
101.6600	273.2667	116.9100
101.5900	273.2200	116.9100
101.4200	273.2700	116.9100
101.2700	273.3633	116.9100
101.4700	273.4900	116.9100
107.1200	273.5733	116.9100
123.2600	273.7667	116.9100
133.4400	273.6633	116.9100
133.6200	273.6367	116.9100
127.8400	273.5667	116.9100
121.5500	273.5700	116.9100
116.7200	273.8200	116.9100
113.5700	273.9367	116.9100
111.8700	274.0467	116.9100
108.5800	274.0067	116.9100
108.0900	274.1867	116.9100
116.5400	274.4833	116.9100
145.6700	274.2233	116.9100
156.1200	273.8233	116.9100
145.4600	273.8000	116.9100
135.1200	274.0400	116.9100
130.9700	274.7733	116.9100
131.3500	274.6900	116.9100
132.4200	274.3967	116.9100
128.4100	274.1967	118.2400
126.5700	273.9867	180.7300
151.9200	274.0267	180.7300
166.4200	273.8900	180.7300
166.6600	273.8567	180.7300
165.3000	273.7133	180.7300
164.2400	273.7900	180.7300
163.5200	273.8633	180.7300
163.0600	274.0800	180.7300
173.4000	274.6267	180.7300
225.5100	273.9300	180.7300
237.1000	273.7633	180.7300
221.1900	273.9633	180.7300
217.7700	274.5733	180.7300
221.5700	274.8533	180.7300
215.1500	274.4867	180.7300
204.0000	274.3733	180.7300
193.6200	274.5367	180.7300
188.7900	274.3400	180.7300
187.6400	274.6533	180.7300
189.2200	274.7000	180.7300
190.4100	274.9033	180.7300
188.0600	274.5800	180.7300
182.8500	274.4867	180.7300
178.7300	274.4933	180.7300
177.3900	274.5600	180.7300
177.1000	274.6167	180.7300
174.2800	274.7067	180.7300
171.8600	275.1667	180.7300
171.6300	276.1400	180.7300
172.7700	276.9200	180.7300
172.9000	277.0600	180.4700
170.2500	276.5333	168.6500
161.9000	276.0900	168.6500
161.3800	275.3167	168.6500
164.3600	274.7600	168.6500
164.5900	274.5300	168.6500
162.2700	274.6400	168.6500
159.7300	275.1600	168.6500
159.5800	275.8433	168.6500
162.7300	276.5167	168.6500
165.0900	277.3200	168.6500
164.0200	279.0233	168.6500
168.2700	281.2033	168.6500
191.9400	283.2167	168.6500
198.9000	284.1867	168.6500
187.0500	285.5500	168.6500
176.3400	287.6233	168.6500
174.7600	289.9400	168.6500
225.7200	290.1233	168.6500
232.7100	290.1867	168.6500
230.4200	286.9567	168.6500
293.0700	284.4433	168.6500
358.4100	280.9633	168.6500
355.7200	279.1233	168.6500
329.1200	279.9133	168.6500
287.7600	280.2367	168.6500
261.2800	279.0967	168.6500
252.6600	279.0500	168.6500
245.5100	278.7033	168.6500
280.4200	279.0333	177.6300
310.0100	280.2767	310.3800
300.4700	281.1133	305.7000
273.6500	281.6400	279.0300
261.2300	280.2933	265.5300
245.0600	280.0900	249.6000
223.1000	281.0333	227.7100
203.3200	282.9533	206.9900
207.8300	285.9933	206.2300
272.7500	285.6000	263.1900
321.4100	285.4900	320.1600
327.8500	284.2667	329.4700
355.2800	283.5533	352.8100
375.3800	282.1000	377.3800
370.5000	281.4333	375.3600
350.3800	281.7067	355.6200
319.6300	282.6800	325.8200
284.2200	284.2067	290.2100
255.0200	284.6433	259.4000
239.5400	283.5233	241.8300
232.3500	282.6700	234.0500
224.5300	281.9000	226.4200
216.1800	281.6233	217.9900
209.0900	282.0833	210.6600
203.7300	283.6900	205.0300
199.8100	285.6067	200.9000
196.8800	285.1600	197.8900
199.5900	284.3767	200.4100
213.1400	286.2433	212.2100
258.1200	288.5800	251.0900
323.1100	290.5433	317.6900
322.0000	292.3067	327.2400
281.8700	293.7233	288.9000
252.1000	294.2667	256.4000
236.9700	294.2733	239.7200
245.6600	290.8367	244.4800
386.9500	287.9733	381.3900
508.2500	287.7300	508.8900
490.8000	288.0433	503.2700
414.5300	288.9667	427.1400
341.7300	290.5500	352.6900
285.2600	292.4167	293.6400
247.0700	293.9233	252.5400
227.3500	294.9333	230.4600
253.4000	296.0867	248.7900
362.6100	296.1633	348.3100
422.2700	294.0367	423.1400
426.8900	291.6467	430.6100
430.9700	290.9933	433.8300
403.8300	290.8433	411.0100
357.0900	291.3867	364.9600
313.1800	292.2200	320.2800
274.6500	293.4000	280.9400
246.2800	294.2333	250.8900
315.1100	293.8133	306.3200
562.0800	294.7433	547.9300
618.0900	296.2833	627.2600
496.4300	297.2200	516.7100
380.0800	297.8800	394.1600
356.4100	297.5167	362.3400
365.3700	297.0367	367.4900
356.5300	297.5100	361.4200
324.7100	298.2567	330.9600
290.1700	299.4800	296.1600
258.1000	300.3233	263.2700
232.0100	300.5067	236.2700
212.9300	300.4167	216.1800
202.0700	299.3900	203.9800
201.9200	297.6067	202.3500
204.6400	298.0667	205.2900
201.8900	299.2500	203.3700
205.9400	299.4767	205.4800
269.1400	298.6133	257.2700
390.1000	296.7100	378.1900
414.3800	295.5700	417.3900
369.2200	295.3333	377.6100
310.2600	295.6600	319.1300
259.0100	296.3533	266.2400
222.1400	297.2267	227.4600
197.3500	297.8433	201.2700
181.0000	298.8600	183.8600
172.0700	299.7200	176.8100
173.5400	299.9233	176.7700
181.6200	300.1633	176.7700
190.3900	300.8533	187.9900
239.5500	298.2533	235.8100
321.8500	295.6333	312.2400
378.9300	294.5600	376.4700
377.0600	295.1867	381.2300
335.8300	296.3533	343.5600
285.8000	297.5233	293.7500
247.2100	298.6967	252.7900
257.7400	298.3967	258.4300
288.8900	299.0300	287.8900
302.1500	299.5267	303.7700
294.7200	298.7833	298.3300
265.1400	297.2400	271.2900
233.5200	297.0167	238.3200
246.3200	297.8500	247.4200
273.8800	296.7033	272.7100
283.0500	294.5833	285.7500
254.2800	293.7833	260.5200
216.0000	294.2233	222.3600
183.5700	294.8467	188.9200
160.5100	295.3033	166.1900
151.2400	296.3500	163.2600
196.8700	296.3000	173.0400
368.4400	294.4533	349.2500
403.6100	294.1367	413.0300
313.3300	294.4633	327.8000
239.4900	294.6633	249.3600
211.9700	293.6000	216.8100
217.9900	292.3333	218.0400
235.3700	292.1467	235.8600
227.3700	292.2267	231.1100
249.1500	293.2667	250.5400
354.8100	293.8933	345.0600
467.8200	294.1067	465.3400
416.0900	294.8767	429.2700
329.5900	295.5700	342.4300
257.6400	295.9800	268.0600
204.6800	295.9167	212.3400
169.3100	295.6033	175.0300
149.4900	295.3500	163.2600
143.3400	295.4367	163.0700
141.4200	295.6733	154.2100
146.2000	296.1567	154.2100
206.3800	296.4767	155.5900
301.7000	294.5767	285.7000
424.4700	294.3267	419.8100
365.7700	294.1300	378.5300
291.9600	294.3933	301.5500
252.0500	295.3333	256.8600
235.5300	296.4000	237.9800
221.8100	297.2500	224.7900
201.6700	295.8600	205.8000
179.8800	294.4200	184.0300
161.6700	294.0167	165.0600
148.4000	293.9200	154.5500
142.6100	292.9067	154.2100
143.9900	291.4533	154.2100
148.2700	291.2367	154.2100
154.7700	291.7033	154.2100
152.9400	292.1900	154.2100
153.8600	293.3167	154.2100
166.7800	292.0700	154.2100
217.8000	289.4233	197.3000
255.1800	287.5400	253.2200
248.7400	286.1867	252.9900
212.2700	285.3533	218.4300
187.8100	285.6367	191.6800
176.0700	285.8367	178.5600
171.3100	285.8867	172.4400
178.8000	286.2000	177.7800
192.6800	287.8667	192.5600
204.5000	289.8467	204.2400
236.6200	290.8633	232.0900
286.3000	288.9633	282.0700
311.6000	287.4467	311.7000
395.1700	286.6967	390.9700
479.1800	284.8267	475.5800
477.3300	283.9167	485.2900
447.2700	282.4000	450.5500
452.2700	282.4867	454.0900
427.2400	282.5500	433.3400
387.5400	283.6600	395.4900
344.7600	284.9567	352.6100
301.8800	284.0467	309.3400
265.2800	282.1833	270.8100
244.5000	281.5267	247.5500
232.3400	280.7000	234.6200
222.4200	279.6100	224.2600
214.7400	278.7033	216.2200
211.6400	279.1400	212.5700
217.2800	278.6300	216.6100
228.9200	277.8100	228.2200
243.3700	277.2467	242.0400
279.8500	276.6433	274.8900
314.4300	276.0167	312.3900
312.2400	275.7100	314.5100
302.8500	276.1433	305.5700
297.7400	276.6600	300.0300
291.3000	276.6700	293.5200
279.6600	276.3967	282.4000
265.3500	276.1767	267.9500
252.7000	276.2967	254.8200
243.3600	275.5233	244.8600
236.9600	274.8733	237.9900
232.5100	274.7300	233.3400
229.1600	274.9100	229.8900
226.8200	274.7633	227.3800
226.4500	275.0133	226.9600
228.9500	274.7767	229.0500
232.9200	275.3433	233.0900
233.6300	276.5533	234.2600
231.9400	278.2900	232.7700
229.9400	279.2167	230.7400
230.3500	278.4533	230.6400
234.1200	277.4967	234.1100
235.5200	277.2833	236.0100
233.2700	276.6533	234.1100
229.3100	275.5800	230.2400
224.8700	274.8700	225.7900
220.5600	274.4067	221.4300
216.8200	274.2867	217.6100
213.8000	274.3967	214.5300
211.3700	274.4933	212.0200
209.1600	274.2967	209.7500
207.0400	274.2400	207.5400
205.2600	274.5100	205.6400
203.8100	274.1600	204.1100
202.4500	273.9100	202.8000
200.8600	273.7333	201.4000
198.9300	273.6733	199.5500
196.9200	273.6567	197.5000
194.7400	274.1067	195.2700
192.1100	273.7433	192.7200
189.5000	273.4600	190.2600
187.1500	273.3600	187.9700
185.1200	273.3033	185.9000
183.3800	273.2600	184.1200
181.5400	273.0733	182.3000
179.4200	272.9900	180.2600
176.9700	272.9133	177.8600
174.3300	272.7333	175.2500
171.7000	272.7600	172.6100
169.2300	272.8633	170.1200
167.2200	272.9367	168.0300
166.6500	273.0200	167.1900
167.2900	273.0367	167.7100
167.9500	273.1067	168.4100
168.0600	273.1400	168.6100
167.3800	273.2467	168.0500
165.7900	273.4100	166.5900
165.3000	273.7500	166.0100
175.1500	273.9000	173.2000
209.7800	273.8167	204.6000
236.6700	273.6900	234.9000
239.3700	273.5800	240.5500
227.5100	273.4867	230.2600
209.3400	273.4833	212.7100
191.4300	273.4000	194.5500
177.4500	273.2333	180.0000
167.2900	273.2267	169.3400
159.9400	273.2033	161.5700
154.6500	273.2900	155.8700
151.9000	273.4367	152.4600
152.7300	273.2500	152.7900
153.8800	273.2733	154.2000
153.0500	273.2667	153.6800
151.0700	273.1333	151.8900
148.7400	273.2167	149.6000
146.3400	273.2067	147.2400
143.9600	273.1933	144.8500
142.1100	273.3533	142.7900
142.1900	273.4267	142.3700
144.6200	273.2667	144.3800
146.6600	273.0900	146.6900
146.2200	272.9833	146.7700
144.1600	272.8967	145.0300
141.4300	272.8800	142.3800
138.6800	272.7867	139.6000
136.1700	272.7167	137.0700
133.9200	272.6733	134.7800
131.9400	272.6333	132.7600
130.2400	272.5600	131.0100
128.7900	272.6033	129.5100
127.5100	272.5700	128.2100
126.4100	272.5700	127.0700
125.4100	272.6300	126.0300
124.4500	272.6233	125.0300
123.6400	272.7700	124.2100
122.9100	272.8667	123.4200
122.2200	272.7400	122.6800
121.6400	272.7233	122.1600
121.0900	272.8400	121.6400
120.5700	272.9000	121.1100
120.0700	273.1633	120.6100
119.6000	273.2633	120.1400
119.2500	273.4167	119.7500
118.9800	273.5367	119.4700
120.0600	273.5533	120.0900
126.6200	273.4700	125.5200
134.7700	273.3600	134.0500
136.7200	273.4300	137.1700
134.4400	273.3900	135.4100
130.9400	273.3133	132.0200
127.4200	273.4033	128.4800
124.3800	273.3733	125.3500
121.8800	273.2433	122.7500
119.8200	273.2033	120.6000
118.2000	273.2233	118.9100
116.8600	273.3500	117.5400
115.7400	273.4100	116.9700
112.6000	273.4000	116.9700
110.2500	273.5133	116.9700
109.5500	273.6767	116.9700
109.0300	273.7100	116.9700
111.1900	273.7933	116.9700
121.0900	273.7167	116.9700
144.7700	273.5633	117.4900
176.8000	273.5367	172.1900
178.8000	273.4100	181.0600
164.0800	273.4233	167.5200
149.2400	273.5167	152.2900
138.3600	273.7333	142.1500
137.9600	273.9200	180.7900
171.8100	273.9233	180.7900
193.8600	273.8967	180.7900
192.2300	273.9567	180.7900
184.0600	274.0600	180.7900
177.0400	274.1767	180.7900
172.4200	274.3067	180.7900
170.7200	274.4000	180.7900
173.7800	274.1700	180.7900
176.5200	274.1500	180.7900
174.7300	274.2333	180.7900
171.9300	274.2533	180.7900
172.2300	274.2667	180.7900
178.2200	274.3467	180.7900
184.6200	275.0633	180.7900
191.4500	276.6933	180.7900
194.4500	279.2667	180.7900
192.9900	281.3800	180.7900
183.7200	281.2100	180.7900
177.2000	280.3800	180.7900
176.8900	279.9733	180.7900
180.2400	278.8500	180.7900
181.9300	279.1833	180.7900
179.9800	280.4800	180.7900
175.6200	281.4967	180.7900
171.5800	281.2633	180.7900
168.8700	280.8367	180.7900
173.6500	280.4267	180.7900
194.0900	278.1933	180.7900
207.2900	276.3733	180.7900
198.7500	275.8967	190.1600
185.1400	276.8833	188.3500
168.9000	278.4000	172.6500
159.5800	278.7967	168.7100
155.6200	277.6167	168.7100
154.1900	276.4433	168.7100
155.2900	275.9700	168.7100
158.1100	275.9033	168.7100
160.0300	275.7000	168.7100
159.8800	275.6900	168.7100
158.1200	276.3933	168.7100
155.9100	278.2067	168.7100
153.9200	280.1933	168.7100
152.3800	280.4433	168.7100
151.2900	281.4433	168.7100
150.5000	284.8700	168.7100
151.4300	287.3467	168.7100
180.1300	282.0367	168.7100
225.0900	278.4967	168.7100
298.0700	278.9467	171.9800
322.3700	282.2433	326.0700
337.8400	282.7900	336.8600
379.2100	281.2933	377.0000
376.7300	281.4433	381.4200
329.8900	282.1000	338.2700
272.9800	282.8767	281.5700
221.9900	283.5433	229.1900
184.2100	284.2400	189.7800
160.7700	285.8733	169.3500
152.9100	286.3967	168.7100
151.2800	286.1900	168.6800
151.7100	285.3633	166.9000
151.6200	285.5533	166.9000
150.4900	285.1667	166.9000
149.3900	285.0567	166.9000
149.3200	285.1567	166.9000
166.3900	284.8933	166.9000
187.6300	285.8167	166.9000
189.3700	285.7167	166.9000
183.5500	286.4633	166.9000
193.6500	287.6567	166.9000
222.9700	287.7667	201.8900
288.8400	285.4533	287.5900
378.7900	285.1600	369.4300
440.6700	285.8367	441.4700
403.7400	285.2467	412.1400
353.5400	286.0633	362.1400
293.3800	287.3533	303.0100
237.0400	288.4100	244.8700
198.1100	289.4233	203.6100
175.9200	289.9367	179.5200
169.2800	287.6733	171.5000
176.0000	286.4600	175.2800
191.0000	286.0300	190.0600
194.1900	286.5767	195.5700
189.1500	287.2500	190.9600
182.7300	288.2433	184.5400
174.7700	289.3867	176.6400
166.9700	290.4433	168.8700
161.3700	290.7667	166.9000
159.0200	291.0433	166.9000
162.3800	290.8267	167.4400
178.1400	289.5733	192.7600
210.0100	289.3733	192.7600
225.6700	289.7533	205.7800
212.4300	290.1067	215.7400
193.7800	290.7733	197.5400
179.6600	291.6533	192.7600
173.9700	291.2967	192.7600
180.0100	290.8833	192.7600
213.0700	289.8933	192.7600
274.8400	290.3300	243.7000
333.4100	291.2067	331.9000
378.5900	290.8533	376.3300
376.0400	291.1867	381.5800
322.9100	292.4767	332.6900
264.6200	293.9567	272.6200
226.7000	294.5967	231.8800
200.4500	294.7967	204.6400
180.8100	295.3133	192.7700
174.8200	295.5267	192.7600
173.9200	294.7533	192.7600
172.4000	294.2267	192.7600
170.7900	294.2867	192.7600
169.4200	294.8800	192.7600
168.5000	296.0600	192.7600
172.0800	297.9633	192.7600
178.9600	298.3367	192.7600
180.6300	296.6333	192.7600
177.7900	295.3933	192.7600
181.3700	294.2000	192.7600
194.5400	294.1867	192.4300
193.3200	294.6867	176.8500
180.2400	295.5200	176.8500
175.0300	296.6033	176.8500
168.5600	298.1900	176.8500
175.6500	298.9200	176.8500
188.2400	298.3967	176.8500
194.5000	297.7133	176.8500
194.9100	297.4333	176.8500
185.0700	295.7600	176.8500
173.9500	294.7733	176.8500
169.7400	293.5800	176.8500
173.3500	293.1933	176.8500
173.5000	293.8533	176.8500
172.7100	294.8300	176.8500
175.6600	295.3900	176.8500
187.8400	295.0467	176.8500
182.2700	295.7367	176.8500
170.6600	296.2767	176.8500
161.6500	295.6033	176.8500
156.6500	295.9833	176.8500
153.8700	296.9333	176.8500
152.4900	296.4167	176.8500
151.7500	295.2867	176.8500
150.9200	295.2200	176.8500
150.0200	295.6467	176.8500
149.1600	296.8600	176.8500
148.6000	298.5267	176.8500
148.6700	299.1067	176.8500
148.7900	298.8300	176.8500
148.4200	298.9100	176.8500
148.9100	299.0667	176.5600
155.8000	298.7467	163.3300
176.5700	297.4167	163.3300
187.8500	296.4400	163.3300
179.8700	295.6767	163.3300
213.7500	295.7300	163.3300
222.3700	295.9333	163.3300
198.2000	296.1833	163.3300
172.9900	296.2833	163.3300
158.9800	296.2367	163.3300
152.3800	296.8067	163.3300
144.9200	297.4433	163.3300
142.4700	297.3067	163.3300
142.8900	297.2400	163.3300
141.8500	298.0100	163.3300
139.8100	299.4533	163.3300
137.9000	300.7733	163.3300
136.4100	301.5800	163.3300
135.2900	301.7133	163.3300
134.4600	302.1700	163.3300
133.8200	302.9533	163.3300
133.3700	303.9867	163.3300
133.4000	302.5000	163.3300
133.7200	298.8600	163.3300
133.8100	299.0433	163.3300
133.5400	300.9167	163.3300
133.6200	299.7000	163.3300
134.1200	299.6067	163.3300
134.0800	298.4933	163.3300
134.0300	298.4433	163.3300
135.0100	296.4100	163.3300
135.3300	294.6933	163.1400
134.7400	294.6267	154.2800
132.4700	294.9767	154.2800
130.7900	295.0967	154.2800
129.9800	294.4600	154.2800
128.2300	293.4633	154.2800
122.7400	293.8400	154.2800
121.8800	295.7833	154.2800
121.4800	297.5500	154.2800
121.1600	298.4867	154.2800
120.8700	297.4233	154.2800
120.6100	297.2867	154.2800
120.4400	296.5933	154.2800
136.8200	294.8100	154.2800
172.6500	293.3100	154.2800
200.7300	291.6100	154.2800
193.2400	290.7567	154.2800
170.6000	291.1833	154.2800
153.8200	291.7733	154.2800
144.0900	292.0467	154.2800
139.9200	290.3433	154.2800
137.5700	289.5833	154.2800
137.0600	289.3533	154.2800
142.0400	289.1800	154.2800
145.5000	288.5233	154.2800
143.9200	287.6933	154.2800
139.7500	286.8600	154.2800
133.4900	286.8733	154.2800
131.6000	285.9733	154.2800
132.4200	284.5933	154.2800
132.6500	283.4500	153.9100
131.6700	282.4167	136.7300
126.0000	281.4667	136.7300
121.3900	281.1667	136.7300
122.1700	281.7467	136.7300
124.9900	281.9367	136.7300
125.1000	281.8967	136.7300
122.8000	282.5500	136.7300
120.1200	284.6700	136.7300
117.8800	286.7000	136.7300
116.1800	287.8300	136.7300
114.9100	287.9500	136.7300
115.4800	286.5300	136.7300
122.6100	286.0900	136.7300
128.7600	285.6233	136.7300
128.9200	284.8200	136.7300
125.5700	283.6667	136.7300
121.9400	282.8067	136.7300
119.0200	283.2500	136.7300
116.8800	284.3700	136.7300
115.3100	285.1667	136.7300
114.1400	286.0233	136.7300
113.2300	283.8333	136.7300
112.5500	283.0500	136.7300
112.0600	283.2433	136.7300
111.7300	281.7033	136.7300
111.4000	280.0467	136.7300
97.1200	278.5833	136.7300
67.1200	279.9133	136.7300
54.0800	279.4067	136.7300
51.7500	280.1300	136.7300
53.7000	281.9433	136.6300
57.6600	280.0633	131.9400
61.9700	279.2167	131.9400
65.4900	279.0933	131.9400
76.4200	278.2633	131.9400
112.8500	278.1467	131.9400
129.0900	276.4367	131.9400
131.1300	275.3933	131.9400
125.1300	274.7700	131.9400
113.2500	274.3033	131.9400
100.6800	274.1667	131.9400
90.1600	274.7467	131.9400
81.8900	275.6833	131.9400
70.9700	275.8033	131.9400
66.6500	275.0333	131.9400
63.7800	275.3000	131.9400
60.6900	276.0133	131.9400
57.6000	276.9933	131.9400
54.9500	279.4200	131.9400
57.4500	280.4900	131.9400
63.9200	278.9533	131.9400
73.4100	278.7767	131.9400
88.0800	277.8433	131.9400
97.0000	277.4467	131.9400
101.9800	276.9967	131.9400
105.4700	275.3933	131.9400
102.9300	274.8333	131.9400
96.7600	274.6700	131.9400
90.0200	274.5567	131.9400
83.2900	274.1700	131.9400
77.4300	274.0600	131.5800
73.2800	274.1400	114.8500
70.5100	273.6333	114.8500
68.1400	273.3933	114.8500
65.1800	273.3767	114.8500
61.2500	273.5800	114.8500
56.9500	273.3300	114.8500
53.1200	273.3800	114.8500
50.0600	273.7633	114.8500
47.6400	273.6700	114.8500
45.9000	273.6000	114.8500
46.1600	273.3067	114.8500
47.2500	273.2333	114.8500
49.5900	273.0767	114.8500
52.7300	273.1267	114.8500
54.0800	273.1700	114.8500
53.2500	273.3033	114.8500
51.6000	273.2433	114.8500
49.6100	273.1667	114.8500
47.6100	273.2267	114.8500
45.7800	273.1767	114.8500
44.2400	273.1767	114.8500
43.0900	273.1500	114.8500
42.5100	273.1833	114.8500
42.0300	273.2100	114.8500
41.2600	273.0800	114.8500
40.4900	272.9833	114.8500
39.8100	273.1200	114.8500
41.2300	273.8333	114.8500
58.8200	274.3033	114.8500
91.1000	273.8700	114.8500
121.4200	273.6267	114.4100
121.5200	273.4267	93.9600
106.2000	273.4200	93.9600
96.1000	273.5800	93.9600
92.5800	273.4600	93.9600
93.2500	273.3300	93.9600
90.9300	273.0833	93.9600
86.9600	272.9533	93.9600
83.5500	273.0200	93.9600
81.0500	273.0100	93.9600
79.2400	273.0133	93.9600
77.9500	273.0133	93.9600
77.1600	273.1167	93.9600
77.1500	273.0867	93.9600
77.5500	273.0800	93.9600
77.5500	273.1067	93.9600
72.1800	273.1300	93.9600
63.0400	273.2000	93.9600
58.9200	273.2400	93.9600
57.9300	272.9800	93.9600
57.4600	272.9100	93.9600
56.8500	272.8900	93.9600
55.8400	272.8967	93.9600
53.5200	272.8400	93.9600
50.4700	272.9933	93.9600
48.1500	273.1267	93.9600
46.8600	273.1333	93.9600
46.1100	273.1633	93.9600
45.1700	273.1567	93.9600
43.5900	273.1200	93.9600
41.7600	273.0767	93.9600
40.2100	273.0300	94.3700
39.1800	273.0367	113.6400
38.6100	273.1100	113.6400
38.3900	273.1833	113.6400
38.3600	273.2200	113.6400
38.5400	273.2400	113.6400
38.8600	273.2700	113.6400
39.1800	273.3300	113.6400
39.4100	273.3400	113.6400
39.5600	273.3667	113.6400
39.6500	273.3967	113.6400
39.1400	273.4167	113.6400
36.3300	273.4200	113.6400
33.1900	273.4433	56.0800
31.4900	273.4500	32.0900
30.8600	273.4433	31.1800
30.6800	273.4267	30.8800
30.6400	273.4400	30.8100
30.6500	273.4667	30.8100
30.6800	273.5200	30.8400
31.3900	273.6633	31.4600
33.7100	273.9133	33.8300
35.5500	274.0700	36.0400
37.7200	274.1633	38.3800
43.6900	274.1333	43.9500
53.6200	274.1000	54.6200
63.2300	273.9333	65.6800
71.3900	273.8967	73.4100
79.8600	273.9200	80.4600
87.5600	274.7067	86.9900
135.6100	276.8167	124.6900
236.1800	276.6033	177.2800
258.7800	276.2967	177.4500
243.3200	276.4067	177.4500
248.0200	275.1267	177.4500
230.6900	274.8967	177.4500
211.3600	274.5500	177.4500
199.7000	274.4933	177.4500
190.6600	274.6800	177.4500
185.2900	275.3633	177.4500
183.4800	275.0233	177.4500
179.8200	274.8533	177.4500
174.4000	275.1733	177.4500
173.7800	274.8133	177.4500
173.5600	274.8300	177.4500
170.5300	274.8967	177.4500
168.8400	274.7233	177.4500
174.4500	274.4333	177.4500
180.8800	275.3867	177.4500
182.2100	275.7533	177.4500
178.5400	275.4067	177.4500
172.0600	275.2667	177.4500
166.9400	275.9633	177.4500
163.8000	278.2833	177.4500
164.0000	281.6733	177.4500
171.5800	283.9000	177.4500
175.7500	284.6600	177.4500
178.9500	284.6733	177.4500
183.1200	283.6300	177.4500
181.5800	281.4100	177.2000
174.6000	280.2500	165.3400
161.3300	279.8500	165.3400
153.3400	279.9967	165.3400
150.0400	279.6067	165.3400
148.2100	279.2333	165.3400
147.0900	280.3333	165.3400
146.4000	282.2967	165.3400
146.0600	282.6667	165.3400
145.9500	282.2067	165.3400
145.7900	281.7167	165.3400
145.5800	280.4967	165.3400
145.6300	279.1667	165.3400
144.9700	278.8867	165.3400
139.6600	280.1333	165.3400
138.9600	281.7967	165.3400
138.9900	284.0367	165.3400
139.7200	286.6900	165.3400
141.5500	287.8500	165.3400
144.6900	289.0633	165.3400
153.1200	287.6600	165.3400
162.3400	286.0967	165.3400
170.7500	285.0500	165.3400
171.7000	284.9467	165.3400
165.0000	285.0000	165.3400
157.3700	284.6200	165.3400
157.8900	283.6633	165.3400
160.7800	282.3400	165.3400
158.7600	282.0500	165.3400
154.4300	284.8833	165.3400
150.5000	286.7100	165.3000
148.2200	285.3267	163.4400
145.6500	284.3500	163.4400
143.2700	283.1933	148.0400
141.2000	283.3367	142.0000
139.2500	284.3200	139.9300
137.7400	285.3033	138.3000
136.8100	286.5767	137.3300
139.4200	285.9300	139.1800
168.3100	287.5200	161.5100
188.1800	290.1967	163.4400
215.5800	290.8900	163.4400
208.9300	291.4333	163.4400
192.5500	292.3233	163.4400
204.7800	289.5867	163.4400
208.3600	286.1000	163.4400
196.2000	285.7433	163.4400
177.7200	287.2667	163.4400
163.9600	289.0300	163.4400
155.6300	289.3800	163.4400
154.1300	290.2800	163.4400
171.8700	291.4233	163.4400
196.5700	288.2300	163.4400
213.8700	289.2100	163.4400
234.0100	287.9033	163.4400
240.9500	286.9900	163.4400
213.0300	287.1100	163.4400
185.7500	287.2867	163.4400
172.0400	287.8933	163.4400
166.4500	287.8400	163.4400
173.6700	286.8400	163.4400
199.6700	288.4267	163.9800
226.6400	288.5267	189.2900
225.3700	288.1667	189.2900
209.1200	288.4833	189.2900
192.5300	289.2400	189.2900
180.8000	290.2000	189.2900
175.1200	290.8300	189.2900
173.7700	292.5867	189.2900
172.7200	294.9000	189.2900
172.8200	296.7300	189.2900
194.9500	294.7400	189.2900
280.0400	290.9900	189.2900
374.9500	291.0000	189.2900
344.4800	292.5567	189.2900
308.8100	293.3700	189.2900
276.0800	293.0433	189.2900
233.4600	293.2033	189.2900
225.3900	294.3200	189.2900
267.9900	293.6367	189.2900
254.6300	291.6700	189.2900
222.8500	290.0700	189.2900
202.6400	290.2767	189.2900
193.7100	290.9667	189.2900
191.6200	290.8100	189.2900
193.0500	290.5033	189.2900
204.3200	288.6900	189.2900
208.6900	288.3333	189.2900
204.8300	288.6067	189.2900
201.9900	288.7500	189.2900
202.4300	289.6333	189.2900
201.3900	291.3567	188.9500
197.5300	292.7967	173.3100
186.6900	293.8600	173.3100
180.7300	294.2167	173.3100
185.7600	294.2300	173.3100
228.4400	294.0000	173.3100
245.4700	293.0500	173.3100
274.2200	291.1433	173.3100
268.4200	289.2900	173.3100
235.6400	289.8233	173.3100
213.4700	290.3900	173.3100
201.1900	292.6600	173.3100
191.6600	294.4400	173.3100
187.2600	295.8200	173.3100
185.9600	295.9900	173.3100
183.3200	295.4733	173.3100
180.2300	295.8433	173.3100
179.9600	295.7633	173.3100
181.2900	295.4733	173.3100
180.4800	295.8600	173.3100
178.4000	296.6933	173.3100
178.0900	298.0067	173.3100
178.7200	298.6433	173.3100
177.7000	297.8967	173.3100
175.3900	295.9233	173.3100
173.0500	294.5000	173.3100
170.9900	294.2367	173.3100
169.2700	294.5333	173.3100
167.8100	295.0267	173.3100
166.5500	295.0067	173.3100
165.7900	295.2333	173.3100
165.4400	295.6800	173.0300
167.1200	295.7800	159.7700
169.3500	296.8700	159.7700
180.0500	297.5400	159.7700
191.3200	297.3200	159.7700
190.2700	295.7567	159.7700
178.6000	294.0533	159.7700
168.0000	293.6667	159.7700
161.4800	292.7867	159.7700
158.3000	293.5667	159.7700
158.0800	293.5667	159.7700
160.8300	291.3700	159.7700
161.4700	289.2533	159.7700
159.4900	288.7000	159.7700
155.8600	289.2900	159.7700
152.4000	289.8733	159.7700
150.0000	290.1967	159.7700
150.0600	290.2300	159.7700
153.5900	291.5367	159.7700
156.3900	291.2633	159.7700
160.2800	289.5667	159.7700
158.1600	288.6900	159.7700
153.7300	288.3267	159.7700
150.1200	290.1867	159.7700
147.7100	291.3833	159.7700
148.4900	292.1967	159.7700
155.4600	293.7167	159.7700
161.7500	295.2633	159.7700
177.9500	294.4533	159.7700
177.3100	291.9333	159.7700
166.1500	291.2167	159.7700
158.6500	291.7567	159.5800
153.3000	292.4433	150.7800
147.9300	293.8800	150.7800
144.6400	295.0200	150.7800
142.3900	295.4033	150.7800
140.5300	295.9067	150.7800
139.1600	296.7600	150.7800
139.6600	295.3933	150.7800
140.9400	293.5833	150.7800
141.0400	293.0667	150.7800
140.0000	292.8000	150.7800
138.6500	293.1133	150.7800
132.6800	294.0033	150.7800
109.2900	294.6667	150.7800
94.7500	294.9600	150.7800
94.6400	295.4367	150.7800
122.1000	293.7533	150.7800
157.9500	291.1400	150.7800
177.7300	290.5400	150.7800
163.2300	291.0900	150.7800
150.4800	291.6533	150.7800
143.5500	291.4500	150.7800
139.7600	291.3867	150.7800
137.3100	291.7800	150.7800
136.1600	292.1567	150.7800
137.5200	291.8167	150.7800
137.9600	291.2367	150.7800
129.1600	290.8700	150.7800
112.2800	290.8267	150.7800
105.3800	289.3067	150.7800
98.9800	288.4467	150.2800
91.7900	288.9700	127.0600
90.2500	287.7933	127.0600
95.6600	284.4867	127.0600
106.7000	284.3000	127.0600
123.8200	282.4533	127.0600
126.0300	281.9933	127.0600
116.6900	283.6367	127.0600
106.0700	285.3200	127.0600
97.7700	286.7667	127.0600
93.2000	286.1933	127.0600
93.0400	285.7100	127.0600
94.2200	285.5433	127.0600
92.4800	285.6733	127.0600
87.9500	285.5367	127.0600
83.2000	284.5700	127.0600
79.0100	283.0700	127.0600
75.8900	281.3433	127.0600
73.3500	280.9633	127.0600
71.5000	281.6333	127.0600
70.7300	281.8500	127.0600
70.2900	282.1233	127.0600
69.6500	282.6267	127.0600
70.7500	284.2167	127.0600
90.0600	285.5600	127.0600
113.3100	284.5233	127.0600
139.9000	283.7133	127.0600
150.9500	282.8800	127.0600
153.0700	282.8100	127.0600
156.3200	283.9533	127.0600
173.5200	286.9967	127.0600
189.6000	285.0567	126.9700
181.4900	283.5167	122.4400
163.4500	282.5967	122.4400
152.9900	281.3200	122.4400
143.8300	280.3067	122.4400
135.8200	279.5333	122.4400
130.0300	279.1567	122.4400
126.2600	279.8233	122.4400
123.6700	279.1833	122.4400
121.9000	277.9967	122.4400
120.7200	278.3900	122.4400
120.1000	279.2933	122.4400
120.1400	277.7133	122.4400
120.3600	276.4533	122.4400
119.1700	275.9933	122.4400
105.0400	275.9700	122.4400
92.7600	276.1400	122.4400
88.9300	278.1733	122.4400
86.8000	280.5733	122.4400
82.6900	281.3267	122.4400
83.2300	280.7567	122.4400
93.0500	279.2633	122.4400
105.2000	277.4500	122.4400
119.0100	277.3833	122.4400
121.9300	276.8333	122.4400
113.7900	275.7600	122.4400
103.2300	275.1667	122.4400
94.7600	275.2500	122.4400
94.6200	275.3667	122.4400
98.7600	274.6833	122.4400
107.4600	274.1733	122.0800
117.5900	273.8000	105.3800
116.6600	273.5833	105.3800
110.7800	273.3467	105.3800
100.9100	273.2967	105.3800
92.7600	273.4433	105.3800
87.5000	273.5067	105.3800
86.4200	273.6567	105.3800
92.8200	273.6200	105.3800
105.9100	273.6233	105.3800
118.6500	273.8033	105.3800
131.6600	273.9200	105.3800
138.5000	273.6300	105.3800
135.3200	273.5000	105.3800
128.1800	273.3167	105.3800
121.3000	273.1200	105.3800
116.0600	273.0800	105.3800
112.4600	273.0800	105.3800
110.0700	273.0133	105.3800
108.4600	272.9000	105.3800
105.8100	272.8200	105.3800
94.7100	272.9333	105.3800
86.8900	272.9433	105.3800
84.6800	272.8000	105.3800
84.1100	272.5500	105.3800
83.9500	272.4567	105.3800
83.9200	272.5433	105.3800
83.3700	272.5567	105.3800
79.1300	272.5800	105.3800
78.1400	272.7300	105.3800
75.0200	272.7700	105.3800
73.1900	273.4133	104.9400
84.7300	273.3467	84.5200
98.5800	273.2800	84.5200
102.2300	273.3167	84.5200
98.3200	273.4033	84.5200
92.8200	273.4700	84.5200
89.7100	273.5200	84.5200
87.6800	273.3467	84.5200
86.3100	273.1633	84.5200
85.3700	273.0667	84.5200
84.7200	273.0400	84.5200
84.2700	273.0233	84.5200
83.9300	273.2867	84.5200
83.9900	273.4233	84.5200
84.5500	273.1433	84.5200
84.7400	272.8400	84.5200
84.5900	272.6833	84.5200
84.3200	272.5567	84.5200
84.0600	272.4567	84.5200
83.8500	272.6467	84.5200
83.7000	272.8967	84.5200
83.5800	272.9400	84.5200
83.5100	273.0467	84.5200
83.4400	273.0100	84.5200
83.4000	273.0167	84.5200
83.3800	273.1700	84.5200
83.3600	273.3433	84.5200
83.3600	273.2467	84.5200
83.3500	273.1167	84.5200
83.3500	273.2533	84.5200
83.3400	273.2200	84.5200
83.3400	273.3567	84.9300
84.1100	273.5267	104.1600
92.5000	273.7500	104.1600
103.2400	273.7100	104.1600
113.2400	273.5733	104.1600
119.8100	273.7200	104.1600
128.0100	274.3967	104.1600
145.9300	274.7433	104.1600
168.0400	274.1900	104.1600
163.6000	273.9867	104.1600
147.8100	273.7967	104.1600
133.0300	273.7267	104.1600
123.9000	273.7267	104.1600
123.5100	273.8133	104.1600
129.3900	273.9200	104.1600
137.1500	273.9833	104.1600
138.3000	273.8233	104.1600
131.6000	273.7667	104.1600
123.5900	273.6633	104.1600
117.5500	273.6800	104.1600
113.8500	273.8400	104.1600
111.7200	273.8467	104.1600
110.3900	273.9267	104.1600
110.0700	273.8667	104.1600
110.1700	273.8800	104.1600
110.7500	273.8767	104.1600
111.9700	274.0633	104.1600
114.9800	274.0200	104.1600
116.7500	273.8100	105.4900
120.7600	273.8500	167.9700
149.5900	273.9567	167.9700
165.9500	273.9667	167.9700
166.7400	273.9900	167.9700
166.0800	273.9433	167.9700
169.7300	274.1033	167.9700
177.1500	274.8767	167.9700
179.7600	274.5633	167.9700
177.2800	274.3200	167.9700
172.7100	274.2733	167.9700
169.1900	274.1900	167.9700
168.2100	274.2100	167.9700
169.2800	274.1067	167.9700
168.4900	274.2000	167.9700
168.2100	274.0600	167.9700
168.7900	274.1067	167.9700
171.0900	274.1767	167.9700
174.8500	274.2300	167.9700
177.4900	274.2133	167.9700
178.7400	274.0800	167.9700
181.5000	274.1400	167.9700
183.4900	274.3000	167.9700
179.4600	274.6100	167.9700
177.3000	275.0133	167.9700
181.4800	275.6167	167.9700
187.3500	275.5067	167.9700
191.1600	275.6200	167.9700
195.3600	276.4267	167.9700
207.4300	278.2700	167.9700
222.5900	280.8267	167.9700
216.7600	282.6967	167.7200
195.8000	281.6867	155.7400
176.7800	280.5767	155.7400
165.7800	280.5467	155.7400
159.8500	281.5767	155.7400
156.0800	282.6133	155.7400
153.6400	284.5800	155.7400
152.0700	285.6233	155.7400
151.0300	285.1767	155.7400
150.2900	285.1033	155.7400
149.7700	285.2800	155.7400
149.4000	286.1300	155.7400
149.0900	286.7100	155.7400
149.4700	284.9567	155.7400
149.7200	284.2133	155.7400
149.6200	284.4967	155.7400
149.4300	284.8800	155.7400
150.3700	284.6800	155.7400
152.8500	286.4333	155.7400
154.5100	288.6000	155.7400
165.3300	288.9967	155.7400
194.7200	287.7433	155.7400
200.6500	286.4333	155.7400
184.6300	284.9933	155.7400
170.8800	282.5233	155.7400
162.4500	281.6233	155.7400
158.4600	281.9033	155.7400
159.2500	281.5000	155.7400
161.2200	280.7033	155.7400
160.6100	280.3167	155.7400
157.9400	280.4800	155.7000
154.7800	280.2367	153.6100
149.9300	279.9967	153.6100
146.9500	278.9900	153.6100
145.6700	279.3267	153.6100
144.8300	281.0167	153.6100
136.7900	283.2033	153.6100
109.0800	285.3800	153.6100
96.1600	286.6000	153.6100
93.9400	288.4567	153.6100
96.1700	290.1733	153.6100
100.0200	290.7900	153.6100
105.5500	288.4933	153.6100
114.9700	285.0033	153.6100
132.2600	285.2767	153.6100
149.4300	284.5167	153.6100
160.5300	283.6300	153.6100
160.0700	284.0000	153.6100
151.6200	284.9567	153.6100
141.5300	285.8933	153.6100
147.6600	286.8100	153.6100
166.9700	287.3800	153.6100
171.8900	288.4033	153.6100
164.8100	289.4500	153.6100
158.8400	290.0767	153.6100
154.1500	290.7900	153.6100
150.2500	291.2033	153.6100
138.9100	290.8533	153.6100
122.5600	289.5167	153.6100
112.8800	288.9100	153.6100
109.2100	289.3467	153.6100
110.8100	290.4433	154.1400
112.4700	291.5300	179.4100
111.6000	292.3267	179.4100
107.7600	293.1467	179.4100
102.7000	293.4933	179.4100
99.9500	294.7967	179.4100
110.2200	296.0067	179.4100
131.1500	296.5533	179.4100
165.8800	297.5667	179.4100
185.3200	298.0400	179.4100
187.1300	298.2200	179.4100
183.5900	298.7867	179.4100
191.1800	298.8633	179.4100
203.1700	299.0167	179.4100
207.9800	298.1533	179.4100
222.5400	295.4133	179.4100
220.8200	293.3233	179.4100
201.1600	292.7267	179.4100
184.7900	292.8367	179.4100
174.8700	293.3833	179.4100
169.0500	293.7833	179.4100
165.5400	294.9900	179.4100
163.3200	296.2867	179.4100
155.2100	296.7667	179.4100
125.3700	298.0467	179.4100
106.8900	299.0133	179.4100
98.0800	299.1700	179.4100
93.8600	299.7667	179.4100
93.6300	300.9267	179.4100
102.6300	301.4533	179.4100
116.3800	301.5767	179.0700
134.0800	300.2067	163.2800
141.5200	298.2433	163.2800
139.3000	297.2967	163.2800
132.5600	297.0833	163.2800
124.4100	297.2333	163.2800
117.3100	296.8700	163.2800
113.5300	296.8767	163.2800
109.9300	297.0067	163.2800
105.8500	297.4533	163.2800
101.5900	298.3067	163.2800
97.5400	299.2000	163.2800
94.0800	299.7367	163.2800
91.2000	300.4667	163.2800
88.5600	301.3667	163.2800
84.8400	302.0967	163.2800
79.3200	302.8467	163.2800
74.0900	303.6067	163.2800
71.4800	304.3300	163.2800
69.9800	303.6467	163.2800
69.2100	302.7133	163.2800
72.4000	302.5500	102.7800
87.3300	301.1600	88.9300
100.4900	300.4800	102.5600
118.3500	300.3467	119.2300
137.1300	301.3100	139.2100
171.8400	300.3567	156.6000
227.9900	296.7100	163.2800
223.6100	294.7367	163.2800
195.0700	294.8933	163.2800
177.3100	294.9133	163.2800
165.6100	295.2800	162.9900
156.6500	296.7400	149.6500
145.0500	297.8267	149.6500
137.8800	298.9533	149.6500
134.8000	299.9067	149.6500
131.4300	299.5267	149.6500
111.1700	298.7800	149.6500
94.6800	298.7400	149.6500
90.0700	299.4833	149.6500
87.6900	300.9800	142.6200
84.6700	301.9600	85.5800
92.5400	300.1000	91.1600
128.1300	296.5267	122.8400
179.0900	295.6933	149.6500
187.1100	294.7533	149.6500
165.9500	294.5733	149.6500
137.3400	295.0700	149.6500
114.2100	296.0600	149.6500
99.1000	297.1567	149.6500
93.9500	297.0500	101.8300
103.0700	297.3500	102.7200
123.4100	296.9133	120.9300
145.3500	295.4567	142.9600
150.7900	294.5600	149.6500
144.8900	294.3167	148.7400
139.2400	294.4533	140.5700
127.5700	294.7233	131.1300
107.9300	295.1433	111.9700
102.2000	295.1967	105.6300
97.2800	294.7500	99.8500
94.0000	295.0133	95.6900
91.5700	295.2033	92.8300
88.5400	295.5200	89.7500
88.5700	295.3933	88.7100
90.3000	294.8200	90.5500
88.3300	295.2200	89.2900
83.6600	296.3933	85.0800
78.0200	296.8000	79.5200
73.1600	297.0833	74.4200
72.3800	293.5467	72.6100
86.0200	292.3633	83.5500
95.6500	294.0100	95.8200
90.5500	296.2167	92.6600
82.8000	297.7133	84.9000
76.7000	298.2200	78.3200
84.2300	296.9567	82.9900
110.6100	293.5300	107.6100
135.5900	292.2467	133.7500
140.3500	292.0900	140.8400
132.8900	292.4833	135.9500
122.6400	293.1867	125.1100
116.2300	293.2300	118.8600
114.0900	293.4367	115.7200
119.6500	294.3133	119.2500
134.2900	292.5933	133.8000
144.0400	290.6467	140.8200
146.0300	290.5767	140.8400
158.9100	291.6833	140.8400
170.5700	290.2233	140.8400
165.7000	289.6967	140.8400
160.8500	287.3800	140.8400
162.8300	285.5800	140.4200
157.1000	285.9867	120.6700
143.8300	287.6400	120.6700
133.8300	289.9733	120.6700
128.2300	292.3167	120.6700
124.9800	293.8533	120.6700
126.6500	293.2533	120.6700
138.5600	288.3233	120.6700
143.7200	285.9067	120.6700
138.7000	284.8400	120.6700
132.2300	284.3100	120.6700
127.4700	284.4267	120.6700
124.3000	285.2267	120.6700
119.5900	286.1133	120.6700
114.8300	286.9800	120.6700
114.7900	286.1567	120.6700
114.8000	284.1333	120.6700
114.2500	285.1433	120.6700
115.0000	285.4300	120.6700
116.3300	287.3433	120.6700
116.6600	285.8600	120.6700
115.9500	284.6567	120.6700
114.7800	283.3900	120.6700
114.1700	281.6900	120.6700
117.1200	281.4767	120.6700
120.6700	281.3733	120.6700
121.2100	281.3533	120.6700
119.2800	281.3767	120.6700
116.9100	281.2333	120.6700
114.9500	280.5733	120.6700
108.7300	282.2633	120.6700
93.4700	281.2733	120.5800
87.2700	280.1833	116.1600
84.2400	280.1300	116.1600
78.2300	281.7400	116.1600
71.5600	281.4100	116.1600
66.5200	281.3733	116.1600
65.1700	281.1900	114.4400
74.8300	280.8267	75.9200
82.9900	280.6933	83.7100
88.1800	280.8700	88.6700
90.9100	280.1500	91.4100
89.5100	279.0433	90.6500
84.5700	279.1300	86.1800
78.7800	280.6133	80.4000
74.6800	279.7833	76.0400
72.2500	278.7233	73.1900
77.9900	277.8167	77.7800
100.2200	275.6800	99.5100
120.4200	274.8367	114.9600
133.7500	274.4933	116.1600
135.6000	274.4300	116.1600
127.7200	274.3733	116.1600
113.4600	274.2900	116.1600
100.7300	274.1167	116.1600
91.0100	274.1500	116.1600
84.7000	273.8167	107.6700
81.5300	273.7167	82.4100
80.8300	273.6933	81.2500
85.1400	274.4100	84.2800
136.0700	276.5033	113.1200
174.3600	275.1233	115.8000
164.0400	274.5733	99.1100
138.6900	274.3000	99.1100
121.6700	274.1067	99.1100
113.3700	273.9067	99.1100
108.9300	273.6633	99.1100
106.2100	273.3633	99.1100
104.4500	273.1867	99.1100
103.2500	273.1467	99.1100
102.4400	273.2067	99.1100
100.8600	273.1200	99.1100
90.0500	273.0867	99.1100
73.3900	273.0733	99.1100
62.3700	273.0900	99.1100
57.5700	273.1100	99.1100
57.1600	273.1800	99.1100
59.3200	273.2100	99.1100
61.8700	273.1733	99.1100
63.6900	273.1533	99.1100
63.6800	273.0400	75.9900
62.1100	272.9333	62.7900
60.1400	272.9500	60.8400
58.4300	272.9167	59.0400
57.1200	273.1233	57.6300
57.2000	273.2333	57.3900
62.3100	273.2367	61.6300
70.2300	273.1467	69.7600
74.7300	273.1467	74.8800
78.7000	273.2300	78.6500
81.7400	273.2433	81.7500
83.5100	273.2567	83.7000
84.7900	273.3467	84.8300
86.1500	273.4367	78.2800
85.3800	273.6267	78.2800
85.5800	273.8300	78.2800
91.5800	273.9267	78.2800
98.6300	273.8133	78.2800
100.1300	273.7433	78.2800
97.2100	273.6133	78.2800
92.1000	273.5533	78.2800
87.7800	273.6600	78.2800
85.7000	273.5267	78.2800
84.1600	273.3800	78.2800
74.9500	273.4633	78.2800
65.4800	273.5333	78.2800
61.5000	273.4300	78.2800
62.5400	273.4033	78.2800
69.0500	273.4700	78.2800
75.8900	273.4933	78.2800
79.1600	273.4767	78.2800
79.9100	273.4467	78.2800
79.2100	273.4267	78.2800
76.9200	273.4233	78.2800
73.1300	273.3600	78.2800
69.6300	273.3167	78.2800
66.5300	273.3267	78.2800
63.7200	273.3167	78.2800
61.6300	273.3233	78.2800
59.9900	273.6800	78.2800
58.2100	273.7467	77.1000
57.4600	273.8000	57.8800
66.2700	273.7800	64.4500
86.3100	273.6433	78.0300
97.7100	273.6767	97.9000
108.1400	273.8000	97.9000
115.3300	273.8067	97.9000
114.7000	273.7067	97.9000
112.3500	273.7000	97.9000
109.0200	273.6300	97.9000
106.2000	273.4867	97.9000
104.0100	273.5067	97.9000
102.0900	273.5533	97.9000
100.7200	273.7033	97.9000
99.8400	273.7833	97.9000
100.3800	273.8500	97.9000
102.3100	273.7833	97.9000
102.9400	273.7600	97.9000
101.2800	273.9367	97.9000
90.5500	273.8667	97.9000
77.1800	273.9400	97.9000
69.7900	273.7633	97.9000
66.7900	273.5600	97.9000
65.5200	273.5433	97.9000
64.1200	273.5800	76.4700
62.2100	273.6533	62.9700
60.4300	273.7233	61.1400
60.6500	273.7767	60.8500
62.7500	273.8967	62.6600
64.3100	273.9933	64.4300
64.2400	274.1000	64.7200
62.9300	274.1767	63.6400
62.5400	274.3833	62.9700
66.3000	274.4133	66.1000
72.8800	274.3967	71.9000
83.3600	274.4500	81.7900
92.1300	274.4767	91.2300
94.9200	274.3867	95.4700
94.2700	274.2967	95.4200
93.5500	274.5600	94.5600
98.5800	275.1667	98.1000
116.0000	275.1833	114.0900
148.7700	275.4233	144.2400
174.4500	276.5600	161.7000
180.4800	276.9967	161.7000
183.5200	275.8667	161.7000
181.3400	275.2767	161.7000
175.2200	275.1333	161.7000
170.5900	275.0233	161.7000
169.0800	274.8567	161.7000
162.9400	274.7800	161.7000
148.4300	274.8200	161.7000
142.8400	274.8700	161.7000
137.4600	275.0533	161.7000
128.5900	275.3100	161.7000
119.6100	275.1233	161.1700
112.2300	275.3833	115.9100
107.8200	275.9767	109.1400
106.0300	276.3033	107.3400
106.9100	276.7500	108.0600
107.8800	277.2133	109.1500
105.1900	278.1433	106.8400
99.6800	279.7133	101.8600
101.8900	278.7933	103.1600
113.6900	278.2833	112.7700
137.8500	277.6267	135.6600
157.2700	277.1833	149.4000
161.0600	276.8800	149.4000
155.1000	277.9367	149.4000
144.3400	279.7667	149.4000
135.9800	278.9100	149.4000
128.4000	278.2667	149.1600
124.2200	279.1267	127.3100
118.7300	281.1200	120.8700
110.3200	283.6767	112.9000
108.6200	285.6267	111.7600
105.4400	286.7167	108.6500
99.8800	287.7067	102.4400
94.6200	287.8200	96.6500
89.7900	286.6500	91.6600
85.2000	286.0200	86.8700
81.4100	285.8433	82.7400
79.4600	286.3567	80.5500
78.3300	287.1567	79.3000
76.9900	287.1700	77.8800
76.4400	286.5667	77.2200
77.9600	286.8533	78.3400
81.4300	287.2967	81.2700
85.4200	285.9933	85.3700
86.6100	286.0600	87.1500
84.9600	286.7667	85.8900
82.0700	287.4833	83.1100
81.5600	286.8900	82.1900
106.3200	285.9100	105.6900
134.8500	286.3333	133.7600
151.7500	287.7033	147.0500
148.7500	288.3567	147.1000
135.5700	288.0600	147.0500
118.1400	286.7500	123.6100
101.9200	286.7500	105.2300
90.5800	287.8600	93.1200
78.6300	289.0300	81.4900
79.9200	289.8700	80.3300
92.2100	289.5733	90.6900
137.1800	285.9000	127.5700
195.2400	282.9000	147.1000
200.2300	282.6300	147.1000
184.9600	283.5500	147.1000
172.3600	284.7567	147.1000
163.6900	286.0500	147.1000
159.1600	286.4833	147.1000
155.2100	285.9167	147.1000
150.8400	285.6633	147.1000
144.0900	286.4467	147.1000
120.4900	285.9767	147.1000
103.9300	286.6633	147.1000
96.9000	288.3600	147.1000
90.5000	290.6900	147.1000
88.8500	291.5400	147.1000
98.0000	293.4600	108.4600
129.7200	295.0767	125.2100
160.1300	297.0767	147.0800
167.9900	298.4700	147.1000
167.9100	297.9600	147.6400
169.6800	297.1300	172.8800
176.0800	296.7167	172.8800
174.6100	296.3100	172.8800
168.1800	295.8967	172.8800
144.6400	295.5633	172.8800
122.0600	295.7667	163.7900
116.6300	296.3433	118.4600
119.9400	296.6967	120.5000
129.2500	296.2000	128.6000
133.6500	294.0567	134.3900
128.7100	292.1400	131.1000
118.1200	291.0167	120.9800
107.1500	291.9800	109.7700
97.7200	292.9367	99.9900
90.7700	293.8133	92.5300
87.7100	295.2333	88.8600
86.3800	297.0100	87.2500
85.1500	298.1400	86.0100
84.0600	298.1467	84.9400
82.9100	297.1600	83.6700
82.6600	296.5600	83.1400
82.9500	297.1333	83.5000
82.4200	297.1933	83.1600
80.8000	296.9900	81.7000
80.5300	297.0600	81.1900
88.9200	296.0433	88.0100
109.9600	295.1767	107.0800
122.7700	294.7067	122.5900
118.8300	294.2033	121.1000
108.5300	294.9733	111.3300
99.2000	296.2500	101.5000
92.1400	297.7433	94.0300
86.3100	298.7400	87.9500
81.5500	299.1867	82.8900
78.1800	298.1567	79.1900
75.9000	297.3900	76.6500
74.5600	297.8667	75.1000
73.4700	298.2233	74.0100
71.5200	298.3067	72.2800
68.5500	299.0367	69.5500
64.9900	298.7767	66.0900
61.5300	299.3633	62.6000
58.9000	300.6633	59.7200
58.4900	301.7067	58.7500
62.5300	301.6867	62.7900
66.0800	301.8000	66.8500
65.7900	302.0933	67.0200
63.6000	302.3667	64.8800
61.5200	301.5533	62.5400
62.2900	301.1367	62.9800
71.3900	300.0733	73.0300
73.6600	297.7200	75.9200
73.1000	297.7967	74.8600
73.3100	298.5533	74.6700
76.6400	299.8000	77.0400
89.5600	300.8567	89.3400
108.2800	301.1700	106.0400
142.7800	301.2500	138.1000
164.1500	301.8633	156.5800
166.0000	302.4067	156.6400
173.4100	302.4700	156.3600
180.4200	303.0133	142.9700
169.5500	302.9700	142.9700
198.2800	299.5633	142.9700
230.2200	297.7900	142.9700
196.3400	297.4500	142.9700
167.2100	297.3333	142.9700
158.2900	297.3267	142.9700
153.2100	296.7533	142.9700
147.1500	296.7600	142.9700
141.7000	297.3367	142.9700
137.8400	297.9067	142.9700
135.0000	297.5067	142.9700
132.9500	297.3433	142.9700
134.0800	297.7500	142.9700
147.9800	296.6767	142.9700
158.2600	295.9533	142.9700
154.6600	296.0533	142.9700
147.2500	295.1200	142.9700
141.7400	296.0833	142.9700
137.8800	296.3833	142.9700
135.1000	296.3533	142.9700
133.1200	297.0400	142.9700
131.7000	297.3100	142.9700
137.7200	297.4067	142.9700
168.9900	296.5833	142.9700
182.0400	296.5567	142.9700
176.9000	296.4400	142.9700
162.9000	296.1733	142.9700
150.4200	295.3900	142.9700
142.2800	295.4967	142.9700
137.2700	295.2633	142.7800
133.9400	294.6367	134.2700
130.3600	294.6867	134.2700
127.9900	294.7400	134.2700
126.8700	294.8267	134.2700
126.5800	295.0800	134.2700
126.7800	295.2100	134.2700
126.7700	295.4833	134.2700
123.9800	296.0567	134.2700
121.7500	295.7400	134.2700
123.9000	293.6567	134.2700
125.5800	292.2100	134.2700
160.7000	290.9333	134.2700
189.8400	290.3267	134.2700
182.1500	290.5233	134.2700
162.3900	290.7867	134.2700
148.0300	291.4667	134.2700
139.4100	292.8400	134.2700
134.4200	293.1067	134.2700
117.7500	290.8800	134.2700
92.2300	288.5000	134.2700
80.5800	287.6433	134.2700
73.9800	287.7633	134.2700
71.5500	288.7900	134.2700
70.9900	288.9833	134.2700
72.0300	288.5967	134.2700
75.3500	288.2900	134.2700
87.7100	288.3700	134.2700
103.3600	287.0300	134.2700
108.2600	285.6733	134.2700
110.2700	285.3267	133.9900
110.7100	285.6600	120.6000
106.2200	287.4000	120.6000
99.3300	289.8267	120.6000
92.9300	290.9800	120.6000
95.1000	288.5167	120.6000
106.4400	285.9867	120.6000
115.9900	285.0700	120.6000
112.7800	285.7067	120.4600
99.0800	286.6967	102.9900
84.5300	285.9733	87.8100
72.8000	284.9600	75.5800
67.1200	282.4167	69.3200
64.8000	279.7667	66.4700
62.9000	279.1033	64.1600
61.1600	278.7867	62.1000
59.8900	279.7633	60.5800
62.4000	281.1167	62.3200
74.8500	282.5467	73.8500
92.6800	281.2400	90.5100
112.1800	279.7333	110.4100
118.3500	278.9667	119.3900
109.2100	278.6400	112.4500
95.5600	277.7033	99.2000
83.3300	276.8700	86.3800
74.1100	276.3000	76.4600
67.1300	276.6400	69.0100
60.8500	277.6600	62.6300
54.6400	278.3467	56.4200
49.0900	276.9333	50.6600
44.5600	277.8267	45.8600
41.0700	278.6333	42.1200
38.3900	275.0667	39.2300
36.2900	274.7733	36.9600
34.6000	274.6800	35.1600
33.1700	275.3333	33.6600
31.8300	277.3433	32.3200
30.5600	279.5933	31.0500
29.3300	280.6833	29.8400
28.2600	282.8100	28.7300
27.3700	282.9767	27.7800
26.7200	277.8133	27.0500
27.6000	275.3467	27.7100
31.4300	274.9333	31.3100
36.5200	275.1133	35.8500
44.0800	275.0567	42.6600
52.9300	275.1067	51.5200
58.1000	274.8900	57.6700
59.8000	274.6133	59.9300
59.9300	274.3700	60.2900
58.7900	274.4367	59.3800
56.4500	274.0733	57.2800
53.4400	274.5500	54.3800
50.1900	275.0700	51.1600
46.9400	275.3333	47.9100
43.8700	275.9300	44.8100
41.0600	277.4633	41.9600
38.5800	278.5000	39.4100
36.8100	280.4500	37.5700
38.4300	280.4467	39.3100
48.9600	281.4600	49.6700
64.9800	278.4567	64.0400
84.0700	276.3400	81.5900
98.4600	275.4333	96.8700
98.8000	274.9267	99.0400
90.1100	274.5067	94.4000
79.6900	274.1467	82.3100
69.8400	273.9967	72.3100
61.4700	273.8400	63.5800
54.9000	273.5200	56.6100
50.0400	273.5967	51.3900
46.5700	273.9567	47.6300
44.3500	274.0500	45.1100
42.8800	274.5300	43.4400
42.5600	274.1067	42.9200
44.4500	274.6133	44.4000
48.9200	274.7200	48.1500
56.1800	274.3800	54.6900
65.9400	274.5800	63.9500
73.8200	274.4067	72.7300
74.6400	273.9933	75.1600
69.9100	273.7667	71.3700
63.5300	274.0000	65.1800
60.9700	274.4100	62.0700
71.7200	274.3633	70.6500
98.5400	273.8367	92.6100
129.3600	273.6000	99.0400
133.1800	273.3833	99.0400
124.4800	273.2100	99.0400
116.6600	273.2333	99.0400
110.8800	273.3367	99.0400
102.4600	273.5400	99.0400
92.9900	274.0433	98.6100
99.6700	274.3667	78.2100
115.8000	273.8800	78.2100
116.3200	273.6833	78.2100
107.1600	273.7267	78.2100
98.5700	274.0200	78.2100
96.6600	274.0933	78.2100
94.9800	273.7967	78.2100
91.2900	273.7833	78.2100
87.0500	273.6033	78.2100
83.7900	273.4100	78.2100
81.4700	273.1967	78.2100
79.6800	273.4933	78.2100
78.1700	273.4900	78.2100
77.0100	273.4600	78.2100
76.1700	273.3667	78.2100
75.6300	273.1767	78.2100
75.2400	273.0867	78.2100
74.9700	273.1300	78.2100
74.7500	273.1067	78.2100
74.2800	273.0833	78.2100
66.8000	273.0667	78.2100
56.2600	273.0933	78.2100
51.8500	273.1000	78.2100
50.6900	273.0833	78.2100
50.4700	273.0700	78.2100
50.4700	273.0833	78.2100
50.6100	273.1000	78.2100
51.0000	273.0967	78.2100
52.2000	273.0333	78.2100
54.6800	272.9967	78.2100
56.9800	272.9300	78.6200
57.3800	273.1033	97.8300
56.0400	273.1833	97.2400
53.0700	273.1833	55.6300
49.9200	273.0933	50.9400
48.4700	272.9900	49.0200
48.5900	272.9333	48.8000
49.1200	272.9800	49.2800
49.4600	272.9467	49.6900
49.6000	272.9200	49.8600
49.6300	272.9000	49.9200
49.6700	272.9100	49.9500
49.7100	272.9367	49.9900
49.7700	272.9700	50.0500
49.8500	273.0100	50.1300
49.9400	273.0567	50.2200
50.0400	273.0867	50.3200
50.1500	273.1300	50.4200
50.2600	273.1967	50.5400
50.3900	273.2533	50.6600
51.5500	273.3267	51.5500
56.4900	273.7533	55.7700
63.1400	274.0233	62.2400
68.8400	274.0467	68.3100
70.9200	273.9800	71.3400
68.5000	274.1667	69.7800
64.1400	274.2967	65.6300
60.6800	274.2567	61.8300
59.1300	274.4500	59.8200
58.7800	274.8333	59.2300
58.9300	274.8700	59.2200
60.6300	274.9100	60.4900
63.0200	274.7600	62.9100
63.3900	274.8600	63.8500
61.4900	274.8867	62.4100
58.7900	275.0133	59.8000
56.2300	275.2033	57.1800
54.1600	274.6433	54.9800
52.9200	274.2100	53.5900
56.3000	274.6100	55.7600
87.5400	275.1000	79.1500
178.6100	276.1833	150.4300
231.5000	276.8767	161.6300
224.8800	276.3400	161.6300
204.9200	275.4667	161.6300
188.4900	275.2167	161.6300
180.0600	275.1567	161.6300
177.5300	275.6133	161.6300
175.7200	275.8000	161.6300
162.8500	275.9300	161.6300
138.9400	277.9167	161.6300
126.0100	278.7500	161.6300
128.1000	279.6833	161.6300
142.8800	282.3367	161.6300
144.3600	285.3667	161.6300
135.3500	287.1933	161.6300
131.9400	286.9133	161.6300
138.1600	284.1833	161.6300
138.0200	283.3667	161.6300
129.4900	282.8667	161.3700
124.3300	282.9333	149.3300
138.3100	282.1633	149.3300
165.9300	282.1567	149.3300
176.3300	280.8433	149.3300
169.4200	278.4700	149.3300
161.2200	277.3500	149.3300
155.1300	276.6667	149.3300
150.8500	276.2233	149.3300
137.2800	276.0833	149.3300
117.7700	276.2900	149.3300
106.1600	276.6167	149.3300
98.1700	276.3333	149.0400
93.9400	276.0133	100.2200
93.2500	276.9933	94.3600
95.6500	278.2200	95.9800
97.1500	279.5967	97.7500
94.5900	281.3167	95.9500
84.9500	282.5833	87.5900
78.8000	282.1100	80.3400
75.1100	283.0367	76.1900
72.8900	284.5167	73.6900
71.0000	286.4867	71.7900
68.9600	288.7933	69.7900
67.4200	289.2167	68.2400
66.8800	287.7800	67.6200
68.5200	286.9500	68.9000
76.9200	285.1567	76.5900
89.6800	286.4333	89.2500
99.3400	287.8533	99.2000
101.5200	289.4267	102.6200
107.0600	289.6100	106.5700
130.9900	288.9667	131.8000
132.9900	287.6967	135.9900
120.8700	287.4433	124.9800
105.9700	287.8167	109.7100
96.2200	287.9900	99.1600
89.4000	288.2333	91.7800
84.1300	289.8533	85.9800
80.1500	292.0200	81.6300
77.8600	293.3233	79.0500
76.5300	294.0667	77.4700
77.9600	293.4433	77.9200
82.8700	292.1033	82.5400
90.4300	291.3867	89.9000
100.9800	293.4233	100.2900
112.7400	291.6933	112.5000
118.3200	289.4033	118.8500
121.9000	288.4233	122.8300
118.8700	288.9200	120.8600
110.4600	290.3733	112.9700
101.5700	290.2433	104.1800
92.8800	291.2100	95.2800
85.7700	292.8100	87.7700
83.0500	294.0567	83.9200
98.9200	292.0267	99.0900
129.7400	290.3567	126.1100
162.0500	290.7700	147.0200
163.0500	290.3800	147.0300
156.2000	291.3200	147.0300
150.6300	293.0933	147.0300
143.9000	294.4600	147.5700
122.1300	295.0967	172.0100
110.2100	295.4600	113.9600
112.1900	295.2833	112.3600
119.6700	294.4800	120.0900
129.9100	293.2700	130.3000
146.7600	291.9100	145.0200
162.6700	291.7667	162.5400
158.8800	293.2667	161.6200
149.6400	292.2333	152.2800
141.4400	292.1900	143.6700
132.5400	293.1967	134.8900
120.1600	294.5233	123.2200
106.2600	295.6200	109.2100
96.0400	296.6333	98.2200
89.3900	297.5900	90.9500
82.9600	298.4100	85.0400
77.8800	298.6033	78.8500
81.5800	298.8800	81.8300
89.9800	297.8733	89.8500
115.9700	295.4567	113.3800
161.2000	295.5800	155.3900
181.7100	295.8867	172.8000
178.7700	295.5067	172.8000
166.3900	295.4067	172.8000
145.8200	296.0567	164.3700
124.9100	297.4667	128.9900
105.7600	299.0800	109.9000
91.0700	299.1567	93.7800
84.3300	297.6700	85.6600
85.9000	297.0567	85.3900
90.4700	297.0067	90.0700
88.9400	296.6700	89.9100
82.8700	296.3633	84.5100
88.4900	297.3900	88.4200
120.6100	298.0167	119.4300
152.7500	297.5700	149.3500
167.3300	297.7033	156.5700
154.0700	298.8300	156.5700
131.4900	300.2233	151.1700
111.8400	300.5167	115.8800
99.5900	299.7700	102.0700
95.4200	298.3533	96.6100
95.6300	297.4367	95.6200
97.6900	297.2500	97.8100
99.6300	297.6233	99.7900
100.6500	297.6333	101.1700
100.2300	297.2233	100.9900
98.4600	298.6533	99.5900
94.5600	299.7967	95.8800
92.6800	298.9867	93.2900
94.2000	297.7467	94.1900
94.4000	297.6967	94.9800
88.9300	298.3833	90.6900
79.7600	299.6667	82.0200
71.0300	301.1100	73.1100
63.6900	302.4233	65.5200
62.4200	302.8300	62.8100
90.8600	301.2567	86.7000
133.4200	300.2200	128.3900
151.7400	300.2033	152.2000
136.4100	300.6067	141.1300
111.7500	301.3267	116.8200
92.9900	302.1300	96.7200
79.9700	302.1100	82.9000
69.7900	301.4900	72.2200
62.5700	299.0733	65.4300
58.5600	299.3667	61.8300
55.6200	301.3300	58.6300
55.1100	302.4300	58.1200
56.0300	302.3800	57.8000
55.5200	302.3767	57.6000
52.7700	302.8467	55.0700
51.8400	303.0300	53.6500
57.8300	302.4800	59.3200
60.9100	301.6367	62.3700
68.4000	301.2367	69.4600
73.9800	299.6867	75.2600
74.0600	298.7200	75.8100
69.4700	296.9967	71.6600
73.1400	294.1367	77.4000
112.4600	292.4767	119.7700
193.5000	292.3900	142.8900
249.9400	294.2200	142.8900
225.4400	296.0067	142.8900
189.8800	296.0733	142.8900
170.4800	295.1067	142.8900
158.7500	294.5933	142.8900
149.7100	294.4967	142.8900
155.0400	295.3533	142.8900
162.1400	296.9900	142.8900
169.4800	295.4967	142.8900
162.5800	294.2700	142.7100
152.1700	294.2833	134.2000
142.1900	294.3067	134.2000
135.5900	294.8733	134.2000
131.7600	295.8500	134.2000
129.3200	296.6733	134.2000
127.6700	297.6867	134.2000
126.5500	298.2633	134.2000
117.0500	297.1900	134.2000
92.0500	295.9433	134.2000
79.1800	294.6900	134.2000
78.7100	291.2633	134.2000
81.1300	289.1200	134.2000
81.2000	288.1033	134.2000
79.0300	288.7033	134.2000
76.2400	287.0800	134.2000
73.1000	285.9400	134.2000
70.6000	286.2133	124.1400
68.6900	288.6233	69.6500
69.0400	291.5167	69.8800
74.4800	291.6200	76.3100
76.9500	291.5967	78.3700
80.0300	292.5067	80.7000
87.7600	291.5267	86.9200
111.5000	291.6567	107.1000
130.9500	293.2400	128.9300
146.4900	292.3067	134.2000
155.3400	290.0467	134.2000
152.5300	289.1600	134.2000
145.1000	288.8400	134.2000
138.8400	289.0633	133.9100
137.0400	290.2600	120.4900
141.7300	291.0067	120.4900
149.7100	290.6533	120.4900
160.2700	289.6733	120.4900
156.2800	290.1567	120.4900
145.6400	291.9667	120.4900
139.1700	293.9300	120.4900
136.7500	294.9333	120.4900
135.4900	294.0200	120.4900
133.1500	290.9167	120.4900
129.8500	288.3733	120.4900
127.0000	287.0900	120.4900
124.4300	286.0900	120.4900
122.3900	285.8433	120.4900
121.9800	285.2767	120.4900
127.0500	286.0500	120.4900
141.9300	287.2900	120.4900
152.2200	287.8900	120.4900
171.1300	288.1500	120.4900
174.6700	286.1500	120.4900
162.3400	286.2767	120.4900
147.0800	286.9467	120.4900
136.2500	285.9067	120.4900
129.5600	284.6567	120.4900
125.4700	283.2067	120.4900
122.9100	282.2367	120.4900
121.3700	282.6933	120.4900
120.4100	282.4833	120.4900
119.7300	281.6567	120.4900
119.1600	281.8933	120.4900
118.6900	283.1400	120.4000
118.1300	282.3600	115.9800
113.4300	280.6867	115.9800
99.0300	280.0133	115.9800
75.0700	279.6767	115.9800
63.4800	279.7800	115.9800
59.7600	278.2300	115.9800
58.3800	277.3667	115.9800
57.8100	277.2067	115.9800
57.6000	277.2767	115.9800
57.5500	276.7833	115.9800
57.5900	278.4167	115.9800
57.7600	279.7800	115.9800
58.3400	278.3867	115.9800
59.2200	278.7833	115.9800
59.9800	277.4867	99.2300
60.2900	276.8767	60.3300
60.2500	276.7400	60.3600
60.1100	276.3633	60.2300
60.0700	277.3267	60.1500
60.1100	277.4433	60.2300
59.9700	277.1300	60.2000
58.7300	275.8567	59.2800
55.8100	275.3200	56.7100
52.3400	274.9833	53.3400
49.6200	274.6267	50.4600
47.9000	274.3600	48.4800
46.9800	274.0467	47.3600
46.5200	273.7067	46.8000
46.3400	273.5333	46.6300
46.4000	273.4233	46.5900
46.6000	273.1700	46.7900
46.8600	273.2367	47.0900
47.0800	273.2200	47.3000
47.2000	273.1433	47.4500
47.1100	273.2933	47.4700
46.7900	273.0500	47.2300
46.4200	273.0667	46.8700
46.0600	272.9267	46.5100
45.6500	272.8867	46.1300
45.2100	273.0167	45.6900
44.7300	273.0533	45.2100
44.2800	272.9667	44.7500
43.8500	272.9867	44.3200
43.4900	273.0733	43.9400
43.1700	272.8500	43.6100
42.9000	272.7267	43.3300
42.6700	272.6300	43.0800
42.4600	272.6067	42.8700
42.3000	272.5967	42.6800
42.1400	272.6300	42.5300
42.0300	272.8767	42.4000
41.9200	273.1067	42.2900
41.8400	273.3033	42.2100
41.8300	273.3567	42.1700
42.4200	273.3033	42.5200
45.0100	273.2433	44.4700
49.9300	273.2667	48.9100
54.2800	273.2133	53.6700
55.8700	273.3200	55.9800
55.3300	273.1700	55.8800
53.9200	273.1800	54.6200
52.3200	273.1833	53.0500
50.7600	273.0667	51.4900
49.3100	272.9533	50.0200
48.0200	272.8933	48.6800
46.7900	272.9733	47.4500
45.6600	273.1467	46.2800
44.7100	273.3167	45.2800
44.2000	273.4167	44.6400
47.2900	273.4100	46.2000
62.4900	273.3900	58.6800
74.5500	273.6567	72.9400
77.0700	273.6833	77.2000
76.6500	273.6100	77.1600
75.9500	273.5800	76.4600
75.3700	273.4067	75.8500
74.9300	273.3467	75.3700
74.5900	273.4900	75.0100
74.3400	273.2833	74.7300
74.1400	273.0700	74.5200
73.9800	272.7767	74.3500
73.8600	272.7000	74.2200
73.7500	272.9633	74.1100
73.6700	272.9767	74.0200
73.6000	272.8800	73.9400
73.5500	272.7333	73.8800
73.4900	272.7867	73.8300
73.4500	272.8600	73.7800
73.4100	272.9600	73.7400
73.3800	273.2300	73.7000
73.0000	273.0733	73.5200
68.4000	272.9900	70.0100
65.0800	273.0333	65.8000
64.4000	273.1867	65.0000
61.0100	273.2067	62.3100
54.2100	273.3233	56.4400
45.9300	273.4167	48.2500
40.5100	273.6533	42.1100
37.4800	273.7100	38.5500
35.5200	273.6433	36.3600
34.1200	273.6400	34.8200
33.0700	273.6133	33.6800
32.2900	273.4400	32.8200
31.6500	273.3033	32.1300
31.0800	273.3167	31.5500
30.6200	273.3733	31.0600
30.2400	273.4100	30.6500
29.9300	273.4467	30.3200
29.6900	273.5000	30.0600
29.5100	273.5300	29.8500
29.3600	273.5167	29.6900
29.2400	273.5300	29.5700
29.1700	273.5233	29.4900
29.0900	273.5100	29.4100
28.8200	273.5300	29.2200
28.1800	273.5567	28.7000
27.2400	273.6100	27.8300
26.2900	273.7033	26.8800
25.5600	273.8100	26.0700
25.1000	273.8933	25.5200
25.0300	273.9833	25.3100
25.4900	274.1100	25.5900
26.5900	274.5267	26.4600
29.9000	274.8400	29.2000
36.1000	274.9167	34.2400
62.4100	274.7333	54.0500
97.1500	274.5400	91.8900
99.4400	274.4267	100.8800
88.0500	274.4800	90.9200
76.4000	274.4167	79.1600
66.6900	274.7400	69.1100
59.0800	274.9600	61.0900
53.9200	275.1067	55.3200
64.0300	275.4467	60.1200
128.8100	274.9000	115.1600
189.0300	274.2300	161.4900
197.9100	274.1200	161.5200
202.9300	274.3533	161.5200
220.9500	274.4067	161.5200
240.5200	274.4033	161.5200
250.1500	274.2867	161.5200
246.9000	273.9633	161.5200
220.4900	273.9567	161.5200
201.7300	273.9567	161.5200
190.9400	274.4767	161.5200
204.9000	275.2000	161.5200
226.3700	275.7467	161.5200
225.5900	275.6200	161.5200
215.1800	275.6867	161.5200
207.9200	275.9967	161.5200
205.4400	276.5800	161.2600
226.8900	276.0933	149.2200
238.8100	275.4667	149.2200
220.7900	275.6600	149.2200
196.8600	277.1033	149.2200
178.6800	278.8000	149.2200
166.5900	280.4767	149.2200
164.5000	281.1967	149.2200
160.6800	280.5700	149.2200
158.4500	280.0067	149.2200
164.8000	279.6733	149.2200
178.8000	278.4267	149.2200
212.0000	278.4167	149.2200
240.5600	276.9933	149.2200
211.9600	276.5200	149.2200
182.7500	277.2000	149.2200
165.4300	278.7700	149.2200
157.1000	281.2367	149.2200
153.9800	281.9433	149.2200
180.9700	281.8500	149.2200
219.7100	283.3400	149.2200
206.4900	285.2067	149.2200
183.7900	286.3867	149.2200
169.4000	287.0500	149.2200
163.2900	287.4667	149.2200
163.3100	288.1367	149.2200
191.1500	287.2933	149.2200
218.3100	282.6200	149.2200
198.6900	281.1800	149.2200
180.5600	279.6733	149.2200
163.4400	279.5300	149.1700
146.0800	280.9433	146.9200
132.8500	282.9167	146.9200
132.9200	284.3733	146.9200
146.7200	282.6133	146.9200
164.3000	283.1133	146.9200
170.5000	284.7367	146.9200
169.9600	287.3133	146.9200
180.7800	287.0900	146.9200
178.9200	285.9533	146.9200
171.5100	285.7233	146.9200
166.8300	285.7200	146.9200
168.2900	284.8300	146.9200
156.4800	284.6800	146.9200
146.1400	286.1500	146.9200
143.7000	286.4300	146.9200
142.5600	286.7833	146.9200
138.8400	287.5567	146.9200
133.6700	287.4167	146.9200
127.1000	285.6967	146.9200
120.1000	285.1200	146.9200
114.7100	285.0033	146.9200
111.0400	284.8867	146.9200
108.4900	285.5500	146.9200
106.5200	286.0167	146.9200
104.9300	286.8767	146.9200
105.7700	289.7033	146.9200
114.2500	290.8367	146.9200
131.2900	288.7467	146.9200
147.8600	288.2300	146.9200
156.7300	287.3333	146.9200
194.5200	289.8633	147.4500
230.4400	290.5267	172.6900
222.4100	291.3900	172.6900
208.1000	292.1467	172.6900
210.0500	290.7667	172.6900
205.5500	291.2967	172.6900
206.2300	293.5367	172.6900
199.0800	294.1033	172.6900
202.9800	294.8367	172.6900
324.8400	294.7400	172.6900
328.6000	293.9000	172.6900
276.2600	293.1900	172.6900
234.7200	293.3100	172.6900
237.0800	293.8800	172.6900
247.3200	292.9167	172.6900
235.1000	292.6800	172.6900
215.3600	292.3067	172.6900
199.0000	290.4533	172.6900
188.9900	290.3600	172.6900
183.2500	290.7833	172.6900
180.0100	291.8367	172.6900
179.1200	293.1767	172.6900
179.7100	292.8667	172.6900
181.1600	291.8267	172.6900
184.1700	292.4133	172.6900
184.0500	293.6900	172.6900
178.9000	294.9633	172.6900
149.1700	295.8867	172.6900
129.7800	295.9200	172.6900
137.6800	294.1100	172.6900
148.0400	292.6300	172.3500
159.5600	292.8500	156.4500
164.8300	293.9100	156.4500
161.1000	294.3000	156.4500
153.3500	293.0633	156.4500
143.5400	292.9400	156.4500
133.3600	293.3167	156.4500
124.2200	295.0633	156.4500
119.8700	297.0200	156.4500
127.0100	296.6100	156.4500
132.1600	295.7933	156.4500
160.9100	296.1700	156.4500
257.1400	296.8400	156.4500
272.0400	295.8333	156.4500
247.0700	294.3333	156.4500
210.7800	294.5133	156.4500
186.3900	296.1300	156.4500
173.2200	297.0667	156.4500
172.8700	297.0200	156.4500
179.6300	297.2867	156.4500
183.7900	297.6067	156.4500
209.1900	297.5767	156.4500
213.0100	296.6267	156.4500
201.3900	295.8267	156.4500
185.7700	295.3567	156.4500
173.6400	294.7500	156.4500
161.0200	295.4700	156.4500
138.3500	295.7367	156.4500
127.1000	296.4333	156.4500
125.5900	297.1867	156.4500
124.7200	297.8733	156.4500
122.7100	297.9633	156.1700
119.7900	297.7800	142.7700
122.4700	297.3567	142.7700
126.3100	296.5333	142.7700
126.7500	296.4333	142.7700
134.9800	297.6500	142.7700
143.1500	297.4533	142.7700
143.5900	296.4600	142.7700
137.8100	295.2633	142.7700
128.5700	295.0200	142.7700
120.2700	294.8467	142.7700
113.7600	294.1300	142.7700
107.3300	294.2833	142.7700
96.6900	294.2700	142.7700
85.8700	294.6500	142.7700
78.4200	294.6700	142.7700
72.7400	294.4400	142.7700
68.4300	295.0067	142.7700
65.3100	296.0100	142.7700
62.8700	296.7433	142.7700
60.7900	296.8800	142.7700
58.9900	296.8600	142.7700
57.7900	296.8867	142.7700
57.7200	297.8067	142.7700
58.3800	297.0200	142.7700
59.8800	294.9700	142.7700
63.4000	293.9133	142.7700
67.4300	293.3500	142.7700
69.8600	293.8300	142.7700
76.7900	294.8500	142.7700
82.2700	294.3467	142.7700
92.5500	294.7467	142.5900
103.5700	295.2900	134.0800
102.9100	296.0633	134.0800
96.6600	296.5733	134.0800
91.9000	294.7900	134.0800
89.5300	292.0267	134.0800
87.0400	291.5933	134.0800
84.1700	291.5300	134.0800
81.2700	291.2233	134.0800
79.5800	289.7900	134.0800
77.5700	289.1033	134.0800
75.3000	289.3100	134.0800
76.4600	290.5967	134.0800
78.3700	292.4833	134.0800
82.8500	292.6500	134.0800
94.4200	291.0000	134.0800
108.0800	289.5467	134.0800
116.0400	289.7633	134.0800
115.7900	290.4033	134.0800
108.0900	290.7233	134.0800
98.1200	291.4633	134.0800
89.2600	292.2133	134.0800
82.3400	292.4000	134.0800
77.1600	292.6067	134.0800
73.4000	292.9300	134.0800
71.3200	292.8367	134.0800
70.2600	292.0967	134.0800
69.6800	292.3967	134.0800
69.0700	292.5267	134.0800
66.5700	291.6933	134.0800
67.1900	290.1467	133.8600
69.8900	287.8700	123.2300
72.9900	286.6567	123.2300
75.4500	286.2233	123.2300
75.6600	285.1567	123.2300
73.4500	284.3067	123.2300
73.1300	284.2367	123.2300
76.4900	285.9067	123.2300
83.8400	286.5600	123.2300
98.6500	286.6200	123.2300
109.4000	285.8200	123.2300
110.3800	285.7800	123.2300
103.8600	286.9867	123.2300
94.2500	288.9367	123.2300
84.9500	289.3167	123.2300
77.4400	287.5367	123.2300
72.4900	285.8100	123.2300
68.2200	284.6933	123.2300
64.2100	284.3800	123.2300
60.4900	284.2333	123.2300
56.8200	285.1733	123.2300
53.1800	284.7833	123.2300
49.7300	282.7567	123.2300
46.5400	281.7333	84.1100
43.8500	282.3600	44.8400
44.0500	282.3367	44.7800
45.6600	282.0400	46.3800
47.5400	280.9833	47.9400
49.5400	279.4500	49.7400
48.8200	278.5467	49.9200
47.0900	278.4167	47.6900
46.5700	279.5100	47.0700
46.0600	280.8067	46.5400
45.7200	281.0200	46.1100
45.1500	281.8100	45.6000
43.9800	283.6733	44.6200
42.0100	284.8733	42.8700
39.5400	285.2067	40.5000
37.9100	284.1900	38.7400
38.9000	281.6067	39.4300
43.2000	279.1800	43.4400
46.2600	277.3800	46.6400
48.7700	276.4733	48.8100
53.0900	276.1967	52.5800
62.2700	277.1233	61.5000
73.1300	278.1833	72.5500
83.4100	277.9500	83.9200
89.0900	276.6267	89.5600
89.8700	275.6100	90.9600
85.7500	274.9267	87.4500
76.1200	274.5767	78.8800
67.9100	274.6267	70.0100
60.7200	274.4167	62.6300
54.3500	274.0100	56.0900
48.9600	273.8767	50.5400
44.4500	274.2500	45.8400
40.7900	274.2600	42.0000
37.8900	274.0033	38.9800
35.5100	273.7367	36.5300
33.5800	273.7600	34.4500
32.1800	273.5533	32.8200
31.2900	273.5433	31.7400
30.7400	273.7633	31.0800
30.5600	273.6000	30.8200
30.6400	273.6133	30.8900
30.7500	273.5733	31.0400
30.8100	273.3600	31.1300
30.6800	273.4233	31.0500
30.1800	273.1567	30.6500
29.3200	273.1333	29.8900
28.2200	273.2933	28.8500
27.0100	273.1833	27.6600
25.8000	273.1233	26.4500
24.6800	273.1033	25.2900
23.6500	273.0500	24.2400
22.7500	273.3633	23.2900
23.5600	273.2900	23.7600
27.4000	272.9200	27.5600
29.6300	272.9267	30.0500
33.6600	272.8333	32.9000
42.4800	272.8700	40.5100
48.0700	272.9300	47.5600
47.1100	273.0400	48.0800
43.3700	272.7267	44.8100
39.2900	272.5667	40.7600
35.6300	272.7567	36.9800
32.5100	272.7067	33.7000
29.8900	272.8167	30.9500
27.7400	273.3000	28.6700
27.2300	273.5600	28.0500
28.5700	273.2733	29.6800
30.0200	273.1200	30.3500
46.0600	272.9767	40.7800
71.3200	272.8800	66.8500
75.5700	272.9667	76.2800
68.5500	272.9400	70.8100
59.9700	273.2400	62.3400
52.5500	273.0200	54.6300
46.5700	272.7100	48.3500
41.7900	272.6700	43.3200
37.9400	272.6667	39.2600
34.7700	272.7133	35.9400
32.1700	272.8500	33.1900
30.0000	272.9000	30.9000
28.2100	272.7833	29.0000
26.7300	272.8667	27.4300
25.4800	272.7767	26.1200
24.4700	272.6333	25.0300
23.6200	272.4800	24.1300
22.9200	272.5167	23.3800
22.3300	272.6100	22.7500
21.7800	272.6333	22.1900
21.2000	272.6433	21.6300
20.5300	272.7233	20.9900
19.8100	272.7500	20.2800
19.1300	272.8067	19.5900
18.5600	272.7400	18.9800
18.1200	272.6400	18.5000
17.7900	272.6600	18.1200
17.5400	272.7600	17.8400
17.3500	272.8533	17.6300
17.2000	272.9100	17.4600
17.0800	272.9067	17.3300
16.9700	272.9467	17.2200
16.8900	273.0400	17.1200
16.8100	273.1433	17.0400
16.7400	273.2000	16.9700
16.6800	273.2533	16.9100
16.6300	273.2867	16.8500
16.5900	273.3133	16.8100
16.5500	273.4700	16.7700
16.6700	273.4733	16.8200
17.1600	273.6967	17.2600
18.7700	274.6000	18.4000
42.4300	275.9533	39.4300
83.9000	275.1400	78.5400
142.2700	274.4067	100.4000
145.4200	274.1667	100.4000
130.9200	274.0600	100.4000
119.6000	273.9233	100.4000
112.4700	273.8500	100.4000
108.8500	273.9900	100.4000
108.4300	273.8800	100.4000
107.1000	273.8000	100.4000
105.0500	273.8333	100.4000
103.2100	273.7433	100.4000
101.8500	273.9233	100.4000
100.8800	274.0100	100.4000
100.1900	274.0533	100.4000
101.9400	274.2733	100.4000
109.3400	274.1000	100.4000
113.2000	273.9233	101.7300
106.8000	273.8467	164.2100
101.2100	273.8900	164.2100
97.3700	273.8967	164.2100
98.0200	273.9433	142.0500
92.8900	274.2733	95.0700
87.1900	275.0000	88.3700
106.1900	275.7233	101.3200
163.6900	275.7367	149.5900
214.6500	275.1200	164.2100
215.4900	274.8533	164.2100
186.4100	274.7700	164.2100
168.2600	274.4833	164.2100
154.3400	274.3800	164.2100
136.6000	274.4500	164.2100
117.6500	274.9900	164.2100
107.6700	276.2500	164.2100
126.1000	278.2567	143.9400
162.8800	280.1533	158.4400
162.5900	280.0767	164.2100
129.6200	278.6100	146.1300
100.1200	278.1333	106.5100
82.3900	279.7633	86.7500
72.5300	280.7567	75.2600
69.9300	280.1833	71.6300
80.4100	280.4167	81.5100
103.9200	279.4033	103.2400
130.8100	278.6700	128.3800
144.4500	277.3433	144.8300
135.3600	276.9033	138.8100
118.4700	276.6167	122.4300
103.9500	276.5067	107.2500
95.1700	276.6133	97.8000
91.3100	276.5700	93.0900
93.0100	277.1833	93.1300
99.3400	277.3633	98.7600
100.6400	278.0033	101.4200
94.8700	277.8400	96.6300
87.1800	277.3700	89.0100
76.9900	277.6433	79.6800
68.3200	278.0933	70.0600
62.4100	278.8567	63.9500
56.9700	279.5300	58.4600
52.0700	279.8433	53.4300
47.8400	280.2700	49.0400
44.3500	280.7133	45.3900
41.5200	281.0700	42.4200
39.2700	282.3533	40.0200
37.4700	283.6800	38.1200
36.0700	285.3100	36.6300
34.9600	287.1267	35.4700
34.1900	286.0200	34.6100
34.5300	283.6700	34.6600
41.8900	281.9100	40.9000
55.2300	282.3567	53.0800
70.8100	283.8800	68.2400
87.0800	286.9533	84.6600
117.9000	285.2800	114.5200
179.3200	285.8467	149.9000
230.6300	285.4567	151.9400
216.7800	284.0367	151.9400
188.5600	284.5133	151.8900
169.2700	285.5533	149.7000
155.9900	285.1000	149.7000
148.5300	285.2367	149.7000
144.6700	285.9833	149.7000
142.2200	286.7667	149.7000
126.9600	287.0800	149.7000
98.2100	288.3967	149.7000
84.5500	289.3767	149.7000
79.2800	288.7067	149.7000
87.8900	286.0567	144.0600
92.6400	284.9967	94.7000
92.5800	285.5367	94.5500
88.5000	286.4333	90.6200
85.1300	287.6500	87.2500
85.3500	287.8233	87.2000
92.3900	287.9233	91.5400
112.2100	285.9300	109.6500
122.5700	285.1933	122.8000
118.9700	285.6433	120.8500
110.0300	288.1933	112.4600
99.7100	290.5100	102.2300
90.2100	291.1000	92.4800
82.2200	291.2467	84.2400
75.5000	291.3200	77.3600
69.8100	291.0933	71.4700
65.4200	290.4600	66.7600
67.6200	288.9700	68.1400
120.0400	286.2933	117.0200
190.5300	287.1267	149.7000
211.4400	287.9967	149.7000
188.8600	287.8367	150.2400
170.6900	288.3133	175.4900
164.4700	289.1567	175.4900
130.8400	289.1600	175.4900
104.8400	289.1133	175.4900
92.4800	289.6900	131.9900
83.5200	290.1300	85.7500
79.7600	288.4633	80.9000
90.0800	288.2533	89.8600
134.0700	288.7233	136.2300
163.8200	288.3267	164.9400
176.5400	288.6067	175.4700
164.5200	289.0967	172.0800
143.0100	289.7267	147.7700
124.2800	290.6567	128.5500
109.0800	291.9300	112.5800
97.6500	292.7667	100.4000
89.9700	292.7233	92.1100
92.7400	292.7033	94.4800
102.9500	294.2067	105.9400
105.8600	295.5033	110.1600
102.5800	296.4267	105.5900
102.1000	296.9633	103.5500
107.2800	298.1767	108.6000
105.7200	299.7300	108.2000
97.6000	300.0767	100.5000
89.1800	299.8533	91.7900
82.7300	299.1867	84.8000
78.6400	298.0800	80.2800
75.4900	297.3500	77.2200
71.4500	295.4833	73.1500
67.7800	293.7267	69.2600
65.1800	292.5567	66.3900
63.3500	293.3133	64.2900
61.9900	294.9567	62.7600
60.9700	295.5767	61.6100
60.1100	296.1333	60.6800
59.2800	296.3533	59.8200
58.2100	296.3867	58.8000
56.7000	295.9300	57.3900
54.8600	295.9467	55.6200
53.0300	297.4433	53.8600
52.1300	297.0900	53.1700
51.2700	296.5900	52.3000
50.5500	296.5267	51.3500
50.4600	296.3600	50.9700
51.1500	297.1333	51.4100
52.6800	296.1700	52.6500
55.3100	294.0367	54.9200
59.2700	294.0067	58.5500
64.0300	294.3200	63.1900
67.8800	294.8167	67.3800
71.8400	294.6333	71.4700
97.3100	295.3233	96.2600
110.6100	296.0300	112.6000
111.9400	296.4200	113.8700
112.1800	296.1233	113.5600
113.9900	296.5367	114.8700
119.4200	296.8167	119.3700
126.9500	296.5200	127.7000
123.9800	295.8600	126.1600
118.7600	294.7833	121.8600
112.5300	295.2900	115.5700
106.0700	295.0567	108.5300
101.0800	295.6400	102.9900
107.9800	297.5133	109.4400
124.6800	297.0333	123.2300
145.8200	296.4300	142.8800
148.6900	296.2233	145.6400
158.9200	294.8600	145.6400
227.1000	297.7900	145.6400
232.4700	299.3000	145.6400
214.1200	298.7000	145.6400
182.0100	298.3300	145.6400
160.3000	298.4767	145.6400
135.4500	299.1167	145.6400
103.0700	299.9567	145.6400
104.5100	300.4200	145.6400
139.8500	299.8167	145.6400
152.6800	299.2167	145.6400
149.4200	298.2900	145.6400
146.4200	297.3733	145.6400
157.7700	294.4900	145.6400
168.0100	292.5300	145.6400
173.3600	292.1267	145.6400
160.6400	292.4433	145.6400
149.1500	293.1033	145.6400
142.9500	293.5133	145.6400
140.3800	293.8400	145.6400
137.7100	293.5900	145.6400
119.5200	292.9033	145.6400
100.0400	291.0467	145.6400
97.0100	290.2200	145.4600
103.5400	290.2267	136.9000
112.5100	290.4033	136.9000
114.2100	290.6867	136.9000
107.7700	291.4600	136.9000
99.9900	292.5067	136.9000
93.2900	293.1933	136.9000
87.9000	293.9500	136.3700
82.7300	294.9467	86.7400
76.7800	295.2200	78.3300
70.9500	295.9433	72.4100
66.2400	297.0867	67.4300
62.7700	297.7567	63.7000
60.2700	298.0267	61.0000
58.4100	298.5067	59.0100
56.9500	298.0200	57.4700
55.8000	298.3667	56.2300
54.8300	296.1500	55.2100
54.0500	296.2600	54.3900
48.7700	297.4033	50.6900
45.5000	296.5100	46.0800
45.0200	295.0467	45.2500
45.7400	295.6267	45.8400
46.5600	294.5833	46.9000
46.5000	295.4100	47.1600
45.4700	295.6067	46.2900
44.3600	293.9933	45.1700
43.7300	293.7533	44.4700
43.8400	293.1233	44.3600
47.7400	289.8733	48.0300
51.4500	287.5500	51.9400
53.7700	285.9433	54.1700
57.7300	285.0800	57.8300
75.3100	284.0433	75.7900
88.9800	283.1867	90.0300
98.5200	282.8867	98.9300
104.0900	283.1767	104.7600
120.0800	282.6000	116.9200
144.6600	282.5433	120.2700
157.8400	281.6567	120.2700
148.7800	280.6467	120.2700
138.0700	279.0700	120.2700
131.0200	278.2533	120.2700
127.3200	277.7000	120.2700
126.1900	277.9533	120.2700
125.9300	278.0433	120.2700
125.8100	278.2733	120.2700
110.2200	278.1800	120.2700
90.4100	278.2967	120.2700
82.9500	279.0333	120.2700
78.7700	280.7467	120.2700
74.8800	282.0333	120.1100
83.2100	282.2667	85.3100
118.8500	280.6700	113.3500
168.3700	279.0500	120.2700
188.9500	279.4200	120.2700
174.5200	280.3833	120.2700
155.3800	280.2400	120.2700
142.2900	279.8733	120.2700
133.9900	280.6333	120.2700
131.7500	282.4000	120.2700
141.9400	283.0333	120.1800
147.0800	280.7033	115.7600
141.6900	279.8233	115.7600
133.6500	279.2533	115.7600
120.4300	278.4267	115.7600
102.6400	278.3567	115.7600
91.0500	278.4767	115.7600
83.2000	279.7033	115.7600
77.5800	281.0867	115.7600
73.4900	281.8900	115.7600
70.3900	282.1300	115.7600
67.3300	281.1200	115.7600
58.4100	279.9333	115.7600
52.1300	279.3900	115.7600
48.2400	280.2333	94.0600
45.3600	280.7900	46.2300
43.3600	279.5367	44.0200
41.9600	278.4367	42.4500
40.9900	277.6967	41.3600
40.2800	277.7833	40.6000
40.8000	278.6433	40.8800
45.9200	279.7000	44.8600
54.5900	280.4733	53.0600
59.1900	281.2933	58.9300
59.2800	281.0833	59.8700
57.5900	280.9867	58.4400
57.6600	280.3967	58.2000
61.2300	278.1400	61.7000
62.7900	276.6300	63.5500
62.1100	276.2800	63.1100
59.8800	275.8633	61.0200
57.0500	275.9667	58.1800
54.2800	276.1467	55.3600
51.6900	275.8300	52.6400
49.3400	275.0967	50.1200
47.3600	274.6033	48.0200
45.9600	274.3333	46.5100
45.1300	274.2033	45.5900
44.6600	273.9667	45.0800
44.3000	273.9633	44.7300
43.9400	273.7233	44.4000
43.5000	273.3833	43.9800
42.8900	273.0000	43.4200
42.1300	273.1633	42.6900
41.2800	273.3867	41.8600
40.4500	273.3567	41.0200
39.6900	273.0367	40.2300
39.0200	272.8833	39.5300
38.4400	272.8700	38.9300
37.9700	273.1267	38.4300
37.5800	273.3833	38.0100
37.2500	273.4000	37.6600
36.9700	273.4167	37.3700
36.7500	273.4900	37.1300
36.5400	273.5533	36.9200
36.4000	273.6700	36.7600
38.6800	273.7233	38.6600
43.6400	273.4467	43.9600
45.3100	273.4067	46.2200
45.2100	273.2000	46.2000
44.6300	273.0167	45.5300
43.9800	273.1767	44.7800
43.1300	273.1167	43.9300
42.0300	272.7533	42.8500
40.8300	272.4567	41.6100
39.7200	272.3233	40.4500
38.8300	272.3000	39.4800
38.1400	272.2633	38.7200
37.6100	272.4700	38.1300
37.1800	272.8533	37.6700
36.8400	272.6967	37.3000
36.5800	272.5067	37.0000
36.3600	272.7633	36.7700
36.1800	272.8667	36.5800
36.0400	272.8600	36.4200
35.9300	272.9633	36.3000
35.8200	272.9533	36.1900
35.7400	272.9000	36.1000
35.6800	272.9400	36.0300
35.6200	273.0600	35.9700
35.5700	273.0433	35.9200
35.5300	272.9800	35.8800
35.5100	273.0267	35.8500
35.4800	273.3400	35.8200
35.4600	273.5500	35.7900
35.4900	273.8933	35.8000
37.2800	273.9467	37.1800
42.9800	273.7600	42.1800
52.6900	273.5433	50.7000
67.2300	273.4333	64.4200
76.1600	273.2400	75.6200
73.0400	273.0867	74.8000
65.1700	273.1000	67.5400
57.3700	273.0833	59.6300
50.9000	273.1367	52.8700
45.8000	273.2333	47.4700
41.8700	273.5233	43.2700
38.9000	273.7500	40.0700
36.5700	273.8533	37.5900
34.4900	273.8333	35.4600
32.5600	273.9467	33.4900
30.8300	273.8300	31.7000
29.3900	274.0333	30.1700
28.2300	273.9567	28.9200
27.3000	273.8033	27.9200
26.5500	273.7467	27.1200
25.9400	273.7833	26.4700
25.4400	274.0333	25.9300
25.0200	274.1867	25.4800
24.6500	274.3567	25.0900
24.3400	274.3867	24.7700
24.0700	274.3000	24.4800
23.8400	274.4000	24.2400
23.6500	274.3367	24.0400
23.4800	274.6667	23.8600
23.3500	274.5467	23.7100
23.2200	274.5133	23.5800
23.1700	274.6067	23.5000
23.2100	274.6167	23.5100
23.3700	274.6867	23.6300
23.5600	274.8367	23.8100
23.6700	274.8467	23.9400
23.9000	275.0567	24.1100
24.8900	275.0900	24.7700
28.7200	275.1333	27.4500
42.2700	275.0700	37.4400
86.3100	274.8567	73.6100
164.8100	274.5133	145.4500
215.5100	274.5600	161.3000
239.6200	275.1733	161.3000
259.0100	276.0000	161.3000
273.2900	276.3200	161.3000
259.8300	277.0467	161.3000
244.7200	278.1967	161.3000
227.4100	279.0800	161.3000
206.0100	280.0967	161.3000
184.5500	280.7333	161.3000
172.9200	280.9967	161.3000
166.7600	281.2933	161.3000
163.2400	281.8433	161.3000
161.0600	280.6900	161.3000
159.6700	279.2100	161.3000
158.8700	278.8733	161.3000
154.2300	279.2700	161.3000
118.4600	279.9067	161.3000
92.8100	280.4167	161.3000
86.2900	279.2400	161.3000
84.6000	278.3067	161.3000
83.9300	278.7600	161.3000
83.5800	279.6967	161.3000
83.3600	280.2067	161.3000
83.1800	282.0800	161.0500
82.5900	284.7067	149.0000
79.6000	287.1633	149.0000
74.0400	288.0367	121.8600
70.3700	286.5133	72.0700
67.0300	286.1233	68.9000
62.5300	286.3533	64.4600
78.0000	284.0133	79.9900
94.3200	282.2067	96.4900
103.7300	280.1833	105.5400
102.6800	280.5400	105.3100
94.2400	281.3300	97.4200
83.7900	282.8733	86.8400
74.6500	283.6933	77.2500
67.5400	284.8833	69.6400
62.3000	287.0500	63.9600
58.9100	288.9467	60.1300
57.3500	287.4333	58.0800
57.0100	286.0067	57.4400
56.8700	285.6967	57.3300
55.9100	286.0133	56.6000
54.0500	286.9533	54.9300
51.9900	286.8100	52.8600
50.1700	286.2767	50.9700
48.6100	287.1433	49.3400
48.6800	286.3767	49.2500
56.0000	285.0700	56.0300
64.8100	284.9700	64.7700
68.8200	284.5333	69.5800
67.4200	284.9767	68.9100
63.5500	286.6033	65.2600
61.2900	288.8767	63.4400
61.7900	289.2000	64.3700
62.0100	289.0300	63.5700
64.9000	288.2333	65.1800
71.8200	288.8500	71.5400
82.4800	287.9900	83.0700
89.3400	286.8067	90.0100
97.2400	284.7833	97.9700
113.9000	282.7900	114.0700
131.7300	283.0000	130.6900
142.4000	283.4100	142.8600
140.8600	282.3733	144.7000
134.0800	282.7000	138.6700
140.5700	284.5267	146.3700
136.5700	285.3000	142.2900
126.3900	286.2800	130.5100
113.8100	286.4533	117.5800
100.9100	287.0400	104.3500
89.3600	288.3933	92.3500
79.8700	289.9833	82.3700
72.3500	291.0500	74.4600
66.8900	290.3167	68.8500
62.6000	291.9700	64.3500
58.4500	295.0600	60.3500
50.9500	297.6800	53.2500
52.1000	297.7867	53.6400
56.4200	296.3700	58.2700
56.1100	295.3800	57.9900
57.3500	295.3900	57.9900
60.0800	296.1767	60.4100
60.8200	297.3000	61.5600
67.6300	296.7667	67.8700
73.4900	296.7100	74.1100
79.5000	295.5100	81.0100
85.7000	294.3400	88.2600
96.9800	294.8767	98.1800
116.2100	293.7500	115.8500
139.0900	292.7633	139.4500
148.8000	292.6300	150.3000
160.0100	291.3800	162.9100
174.2500	291.9067	171.8000
190.5100	291.7233	172.4700
202.5300	293.5200	172.4700
204.5300	294.5000	172.4700
194.4100	294.5167	172.4700
183.8900	293.5733	172.4700
186.2800	293.2767	172.4700
188.9800	294.1933	172.4700
186.8300	295.6467	172.4700
186.1100	296.8033	172.4700
166.8000	296.1767	172.4700
145.6400	296.5733	172.4700
129.9100	297.4233	172.4700
123.7300	298.5733	172.4700
146.1200	298.5933	172.4700
178.3400	297.7467	172.4700
186.2200	297.8867	172.4700
196.6500	298.6333	172.4700
231.9600	297.9800	172.4700
223.2200	295.9400	172.4700
200.3500	294.4600	172.1300
182.2400	294.2700	156.2300
163.9700	294.6633	156.2300
153.8400	295.2200	156.2300
149.5600	296.4500	156.2300
144.8700	296.9300	156.2300
159.6400	296.3067	156.2300
200.7800	297.4667	156.2300
214.0100	298.0633	156.2300
200.2800	298.1867	156.2300
184.1500	298.1300	156.2300
169.4400	298.3033	156.2300
164.2900	298.3300	156.2300
163.1100	298.4000	156.2300
158.9300	298.1933	156.2300
239.2200	297.9500	156.2300
396.5600	297.6167	156.2300
313.8800	297.6833	156.2300
230.9500	298.1100	156.2300
198.2700	298.4367	156.2300
190.6100	298.2100	156.2300
178.2600	298.5033	156.2300
168.1700	298.4800	156.2300
220.9300	298.1267	156.2300
251.1300	298.9233	156.2300
271.3700	297.7367	156.2300
239.7000	297.0533	156.2300
201.3100	297.2467	156.2300
181.7100	298.3167	156.2300
199.5300	297.8933	156.2300
196.4600	297.1800	156.2300
180.3700	296.5733	155.9400
166.2400	297.0367	142.5400
152.3400	298.0433	142.5400
145.1300	298.9567	142.5400
142.2100	299.9867	142.5400
140.4300	300.0633	142.5400
139.1100	299.1600	142.5400
138.1400	298.2833	142.5400
144.8700	298.9967	142.5400
210.1900	300.9000	142.5400
250.3200	301.5033	142.5400
215.0000	301.4200	142.5400
220.8300	300.9167	142.5400
215.8900	301.0433	142.5400
238.6000	300.4233	142.5400
227.4800	299.8700	142.5400
199.2800	297.6233	142.5400
175.1900	296.0267	142.5400
158.9200	295.3000	142.5400
149.2800	295.5300	142.5400
144.7600	296.3167	142.5400
142.8900	297.7000	142.5400
143.0700	298.2967	142.5400
142.9300	298.1967	142.5400
141.9100	297.9433	142.5400
140.7100	296.7800	142.5400
139.7200	295.0233	142.5400
139.0100	294.3967	142.5400
138.5000	295.3100	142.5400
138.1200	295.8800	142.5400
137.8300	297.0900	142.5400
137.6400	298.3767	142.3600
146.7500	298.1300	133.8600
173.7000	296.4433	133.8600
189.0900	294.6200	133.8600
208.5700	290.8167	133.8600
204.9200	289.0100	133.8600
178.5600	289.4733	133.8600
162.8000	290.9367	133.8600
156.0600	289.6633	133.8600
150.7000	288.8033	133.8600
145.6300	288.4433	133.8600
142.3000	288.8467	133.8600
141.9000	289.0833	133.8600
143.7000	289.5867	133.8600
144.0500	289.2433	133.8600
142.3500	288.8033	133.8600
145.0100	288.8400	133.8600
176.9600	288.4200	133.8600
202.1400	288.5167	133.8600
185.3900	287.5500	133.8600
166.0000	287.1900	133.8600
152.9500	288.5933	133.8600
146.4700	290.3967	133.8600
172.5700	290.5200	133.8600
468.9900	292.2067	133.8600
458.2900	290.6067	133.8600
295.9300	287.7333	133.8600
213.1400	286.2900	133.8600
175.5800	286.1633	133.8600
158.2500	287.0100	133.8600
149.8100	288.0233	133.8400
145.3000	287.5167	133.2100
141.1400	286.4767	133.2100
139.5200	284.4667	133.2100
139.5900	283.1333	133.2100
139.8900	283.0767	133.2100
140.1600	284.0400	133.2100
140.3800	285.0400	133.2100
140.6200	285.4433	133.2100
140.9200	287.1767	133.2100
141.7200	288.8200	133.2100
142.1500	289.9267	133.2100
142.4700	290.2633	133.2100
142.7300	289.9233	133.2100
143.0500	287.8167	133.2100
143.4000	285.9933	133.2100
143.6100	284.9167	133.2100
143.6100	284.4667	133.2100
143.5000	283.8067	133.2100
143.3700	283.2567	133.2100
143.2900	282.8933	133.2100
143.2800	282.3667	133.2100
143.4900	281.0600	133.2100
144.0200	281.4300	133.2100
155.5200	283.7567	133.2100
199.0600	286.2300	133.2100
215.9400	287.0267	133.2100
228.9900	284.9833	133.2100
226.2700	282.5333	133.2100
201.1000	280.3333	133.2100
178.5000	279.0433	133.2100
164.4300	278.6800	133.1100
156.2400	277.9633	128.4800
150.2500	277.6800	128.4800
146.7100	277.7400	128.4800
145.1300	278.2967	128.4800
144.4500	277.4767	128.4800
143.9700	276.4067	128.4800
143.5300	276.2867	128.4800
143.2100	276.8467	128.4800
143.0300	277.8967	128.4800
142.8500	279.2267	128.4800
142.6000	280.6067	128.4800
142.3700	280.7833	128.4800
145.1400	279.9067	128.4800
169.4900	279.2467	128.4800
192.5800	277.6267	128.4800
187.9400	277.1967	128.4800
174.5800	277.2233	128.4800
177.1400	276.6133	128.4800
191.7200	275.3367	128.4800
184.8000	274.7733	128.4800
172.1000	274.3333	128.4800
161.3900	274.7767	128.4800
159.6600	275.0200	128.4800
166.1600	274.2500	128.4800
170.3600	273.9667	128.4800
170.2100	273.7033	128.4800
164.6300	273.5267	128.4800
157.2600	273.3700	128.4800
153.8600	273.4200	128.4800
160.1900	274.0633	128.1300
184.5700	273.8500	111.4000
219.4800	273.5300	111.4000
225.8700	273.4333	111.4000
216.8500	273.3833	111.4000
206.8200	273.3100	111.4000
196.5600	273.2533	111.4000
185.7400	273.2000	156.3700
175.7500	273.0667	178.4200
167.7500	272.9767	170.0800
161.8000	273.0533	163.8000
157.5400	273.1267	159.2700
154.6300	273.2633	156.1500
152.6700	273.1333	154.0500
151.3700	272.8967	152.6400
150.5700	272.7667	151.7600
150.0900	272.7167	151.2200
149.7200	272.7633	150.8300
149.3700	272.7633	150.4700
149.0300	272.7967	150.1200
148.6800	272.8367	149.7700
148.3100	272.9567	149.4000
147.9200	273.1233	149.0100
147.5300	273.2000	148.6100
147.1200	273.1833	148.2000
146.6600	273.2067	147.7500
146.0600	273.2533	147.1700
145.3700	273.2233	146.4900
144.6500	273.1000	145.7600
143.9200	273.0367	145.0300
143.2000	273.1267	144.3000
