0.4000	273.1500	1.0100
0.3800	273.1500	1.0100
0.4200	273.1500	1.0100
0.4800	273.1500	1.0100
0.5000	273.1550	1.0100
0.4700	273.2750	1.0100
0.4400	273.3700	1.0100
0.4500	273.2050	1.0100
0.5100	273.1550	1.0100
0.5400	273.2350	1.0100
0.5900	273.3300	1.0100
0.6300	273.3250	1.0100
0.6900	273.7200	1.0100
0.9300	273.4750	1.0100
1.2200	273.3850	1.0100
1.2500	273.2100	1.0100
1.1800	273.1500	1.0100
1.0000	273.1500	1.0100
0.7700	273.1500	1.0100
0.6000	273.1500	1.0100
0.5100	273.1500	1.0100
0.5200	273.1500	1.0100
0.5100	273.1500	1.0100
0.4700	273.1500	1.0100
0.4600	273.1500	1.0100
0.4800	273.1600	1.0100
0.5000	273.1900	1.0100
0.4800	273.1500	1.0100
0.4500	273.1500	1.0100
0.4000	273.1500	1.0100
0.3800	273.1500	1.0100
0.3800	273.1550	1.0100
0.3500	273.1500	1.0000
0.3200	273.1500	1.0000
0.3700	273.2300	1.0000
0.8200	273.3950	1.0000
2.9000	273.9950	1.0000
5.1200	274.1100	1.0000
3.8100	273.3600	1.0000
2.3700	273.1500	1.0000
1.5200	273.1500	1.0000
1.0400	273.1550	1.0000
0.9100	273.2100	1.0000
1.0600	273.2550	1.0000
1.2200	273.2250	1.0000
1.2100	273.1500	1.0000
1.0500	273.1500	1.0000
0.8700	273.2000	1.0000
0.7100	273.2100	1.0000
0.6100	273.5650	1.0000
0.5800	274.1350	1.0000
0.5900	274.9200	1.0000
0.6800	275.1500	1.0000
0.9300	275.2750	1.0000
1.1800	275.1850	1.0000
1.1400	274.9600	1.0000
0.9500	274.1200	1.0000
0.7600	274.6050	1.0000
0.6000	274.4200	1.0000
0.4800	273.8150	1.0000
0.4000	274.0750	1.0200
0.3500	275.4100	1.0200
0.3300	274.8300	1.0200
0.4200	275.1350	1.0200
0.5500	277.4600	1.0200
0.6300	279.3500	1.0200
0.6700	281.5250	1.0200
0.6400	282.1100	1.0200
0.5600	279.7150	1.0200
0.5200	277.5050	1.0200
0.5000	277.4100	1.0200
0.4700	277.8450	1.0200
0.4300	279.3550	1.0200
0.3800	278.8750	1.0200
0.3400	277.9150	1.0200
0.3100	278.8050	1.0200
0.3000	276.2650	1.0200
0.3400	278.2500	1.0200
0.4000	283.8250	1.0200
0.4400	284.8800	1.0200
0.4400	284.4900	1.0200
0.4300	284.8650	1.0200
0.4000	285.7450	1.0200
0.3600	286.3500	1.0200
0.3900	287.5300	1.0200
1.0800	282.8600	1.0200
1.7800	279.1900	1.0200
1.5700	281.3550	1.0200
1.5300	282.2600	1.0200
1.6600	281.6250	1.0200
1.4100	281.4350	1.0200
1.1000	281.9300	1.0500
0.9100	281.2800	1.0500
0.9000	276.3650	1.0500
0.9500	276.5200	1.0500
0.9200	278.5750	1.0500
0.8500	280.1650	1.0500
0.7600	280.8600	1.0500
0.7600	277.3500	1.0500
0.8800	276.4850	1.0500
1.0000	278.0250	1.0500
1.0100	279.6150	1.0500
1.0100	276.8850	1.0500
1.3300	278.3450	1.0500
1.6800	278.3800	1.0500
1.4800	278.9600	1.0500
1.1100	284.4800	1.0500
0.8300	288.5150	1.0500
0.6200	286.9200	1.0500
0.4900	284.1550	1.0500
0.5300	281.3100	1.0500
0.7800	282.2900	1.0500
1.2500	282.3000	1.0500
1.5100	284.3400	1.0500
1.3000	286.0200	1.0500
1.0200	290.2800	1.0500
0.8200	292.0650	1.0500
0.6700	294.3000	1.0500
0.5400	290.9100	1.0500
0.4400	282.2500	1.0500
0.3900	285.3100	1.0500
0.3800	283.5400	1.1400
0.3800	279.2100	1.1400
0.3800	280.3050	1.1400
0.3500	286.3500	1.1400
0.3300	288.1350	1.1400
0.2900	282.5300	1.1400
0.2600	287.0150	1.1400
0.2400	291.5650	1.1400
0.2200	291.8150	1.1400
0.2000	288.6350	1.1400
0.1800	290.3300	1.1400
0.1700	295.1850	1.1400
0.1600	296.1800	1.1400
0.1500	292.4600	1.1400
0.1500	285.1750	1.1400
0.1900	285.3950	1.1400
0.9500	285.4500	1.1400
1.6800	289.1050	1.1400
1.4500	288.7700	1.1400
1.0700	288.2000	1.1400
0.7800	285.7900	1.1400
0.5900	291.6300	1.1400
0.4600	297.0600	1.1400
0.3800	299.8950	1.1400
0.3100	299.1300	1.1400
0.2600	298.0800	1.1400
0.2300	299.0550	1.1400
0.2100	295.0650	1.1400
0.2000	289.2050	1.1400
0.1900	288.1900	1.1400
0.1800	292.7650	1.1300
0.1700	295.9700	0.4700
0.1600	291.4500	0.4700
0.1500	286.0150	0.4700
0.1400	282.5650	0.4700
0.1400	287.8650	0.4700
0.1400	286.6550	0.4700
0.1600	291.2800	0.4700
0.2000	295.7550	0.4700
0.2400	296.3500	0.4700
0.2600	293.4250	0.4700
0.2400	292.0700	0.4700
0.2200	286.6700	0.4700
0.2700	283.3100	0.4700
0.4500	290.4150	0.4700
0.6300	290.4150	0.4700
0.6400	292.2700	0.4700
0.5600	294.1200	0.4700
0.4500	290.5250	0.4700
0.3700	290.6800	0.4700
0.2900	294.3750	0.4700
0.2400	299.0200	0.4700
0.2000	300.7850	0.4700
0.1800	299.4600	0.4700
0.1500	297.4850	0.4600
0.1300	290.6900	0.4600
0.1200	292.1550	0.4600
0.1100	292.7750	0.4700
0.2300	290.5800	0.4700
1.3400	295.5000	0.4700
1.8600	299.0250	0.4800
1.4500	300.3900	0.5400
1.0200	299.9450	0.5300
0.7200	302.1600	0.5300
0.5200	305.5700	0.5300
0.3800	304.8900	0.5300
0.2900	299.6550	0.5300
0.2800	300.0500	0.5300
0.4000	298.9300	0.5300
0.4700	301.7050	0.5300
0.4400	301.1300	0.5300
0.3800	302.0150	0.5300
0.3700	301.3350	0.5300
0.5800	301.0650	0.5300
0.7800	300.0250	0.5300
0.8100	299.0450	0.5300
0.9500	294.2200	0.5300
1.2200	291.6550	0.5300
1.3800	292.1850	0.5300
1.2500	293.3800	0.5300
0.9800	297.1250	0.5300
0.7700	296.0600	0.5300
1.0500	295.1000	0.5300
1.5000	296.5750	0.5300
1.3800	298.3300	0.5300
1.0400	298.2600	0.5300
0.7400	297.8100	0.5300
0.5300	298.9450	0.5300
0.3900	298.9000	0.5300
0.2900	294.0100	0.5300
0.2200	292.2650	0.5300
0.1800	288.7800	0.5300
0.3500	293.9400	0.5300
0.6400	299.8050	0.5300
0.7000	301.8900	0.5300
0.6000	300.1600	0.5300
0.4800	298.0700	0.5300
0.3700	302.1650	0.5300
0.3000	303.7000	0.5300
0.2500	303.0600	0.5300
0.2100	302.3400	0.5300
0.1700	302.6050	0.5300
0.1400	302.1900	0.5300
0.1100	303.4900	0.5300
0.1100	304.4200	0.5300
0.1200	302.9450	0.5300
0.1300	302.6650	0.5300
0.1300	302.4900	0.5300
0.1100	303.3000	0.5300
0.1000	301.2250	0.5300
0.0800	295.7800	0.5300
0.0600	296.6400	0.5300
0.0500	297.1400	0.5300
0.0400	297.5450	0.5300
0.0300	296.1550	0.5300
0.0300	294.1050	0.5300
0.0200	295.6900	0.5300
0.0200	300.1100	0.5300
0.0100	302.7550	0.5300
0.0100	298.6350	0.5300
0.0100	297.3300	0.5300
0.0000	299.0750	0.5300
0.0000	300.1250	0.5300
0.0000	298.7250	0.5000
0.0000	297.5800	0.5000
0.0000	299.6250	0.5000
0.0000	298.9300	0.5000
0.0000	296.9500	0.5000
0.0000	288.2150	0.5000
0.0000	289.3100	0.5000
0.0000	287.7150	0.5000
0.0000	291.3800	0.5000
0.0000	295.5300	0.5000
0.0000	298.2150	0.5000
0.0000	299.9650	0.5000
0.0100	298.0150	0.5000
0.0100	294.6700	0.5000
0.0100	295.1300	0.5000
0.0600	295.3250	0.5000
0.3400	294.6650	0.5000
0.7500	295.2300	0.5000
0.8500	294.3900	0.5000
0.7200	292.0200	0.5000
0.5500	295.1450	0.5000
0.4100	295.0050	0.5000
0.3100	296.0500	0.5000
0.2400	298.8450	0.5000
0.1800	297.8750	0.5000
0.1400	290.6950	0.5000
0.1200	291.3600	0.5000
0.1300	292.9950	0.5000
0.1500	289.4450	0.5000
0.1700	291.3700	0.5000
0.1700	294.2950	0.4200
0.1600	295.6350	0.4200
0.1400	292.1550	0.4200
0.1300	291.1650	0.4200
0.1100	287.2850	0.4200
0.1000	288.0850	0.4200
0.0900	289.5300	0.4200
0.0800	288.7000	0.4200
0.0700	282.3000	0.4200
0.0700	281.0850	0.4200
0.0700	284.7900	0.4300
0.1400	281.2450	0.4300
0.5700	285.3650	0.4300
1.0100	285.6350	0.4300
0.9600	284.6100	0.4300
0.7500	285.8250	0.4300
0.5700	288.9350	0.4300
0.4400	281.7950	0.4300
0.3500	284.6400	0.4300
0.2700	286.8550	0.4300
0.2200	285.2450	0.4300
0.1800	286.7350	0.4300
0.1500	284.0400	0.4300
0.1400	278.8050	0.4300
0.1400	279.4500	0.4300
0.1800	282.3500	0.4300
0.2200	285.2950	0.4300
0.2300	288.6050	0.4300
0.2200	285.6850	0.4300
0.2100	284.5100	0.4300
0.3500	284.6150	0.4300
1.1400	285.2350	0.3900
1.4600	285.7150	0.3900
1.2100	285.0250	0.3900
0.9200	284.3250	0.3900
0.6900	285.7650	0.3900
0.5200	282.6600	0.3900
0.4100	278.9400	0.3900
0.3300	277.2150	0.3900
0.2700	277.9800	0.3900
0.2200	279.4950	0.3900
0.1900	279.8750	0.3900
0.1600	282.9850	0.3900
0.1500	285.6450	0.3900
0.1300	282.8150	0.3900
0.2300	284.6500	0.3900
0.5200	285.7400	0.3900
0.7000	285.3900	0.3900
0.7000	279.5300	0.3900
0.6000	277.2300	0.3900
0.5000	279.7500	0.3900
0.4200	281.1950	0.3900
0.9000	280.3500	0.3900
3.6900	279.5450	0.3900
3.7900	276.7900	0.3900
2.5000	277.7100	0.3900
1.8900	275.1250	0.3900
1.5900	273.4800	0.3900
1.3400	273.1800	0.3900
1.2500	273.5150	0.3900
1.9200	273.7650	0.3900
3.9100	273.4000	0.3900
3.8600	274.9350	0.3900
4.7500	275.3700	0.3900
6.2600	274.1100	0.3900
4.4700	273.8000	0.3900
2.7700	274.9950	0.3900
3.0000	276.1150	0.3900
4.3800	274.2950	0.3900
3.4800	274.2950	0.3900
2.5800	273.6400	0.3900
2.0600	273.5200	0.3900
1.8800	273.6650	0.3900
1.8500	273.6800	0.3900
2.3600	275.3550	0.3900
3.7200	273.3950	0.3900
2.9800	273.3650	0.3900
2.1400	274.9200	0.3900
2.1400	274.3450	0.3900
2.1000	274.5550	0.3900
1.7800	275.2300	0.3900
1.8300	274.8100	0.3900
1.8900	273.6300	0.3900
1.5900	273.2200	0.3900
1.2900	273.1600	0.3900
1.3400	273.1500	0.3900
1.3200	273.1500	0.3900
1.0800	273.1500	0.3900
0.8200	273.1500	0.3900
0.8500	273.1500	0.3900
1.3900	273.1550	0.3900
1.7900	273.2600	0.3900
1.9500	273.3800	0.3900
2.1600	273.4500	0.3900
2.3300	274.3450	0.3900
3.0100	273.7700	0.3900
3.6900	273.2700	0.3900
3.1000	273.5000	0.3900
2.8600	274.8700	0.3900
6.1000	276.4950	0.3900
6.7400	275.8600	0.3900
4.5800	274.5200	0.3900
2.9500	273.6000	0.3900
2.2600	273.9900	0.3900
1.8900	275.2000	0.3900
1.2800	273.7850	0.3900
0.8600	273.2550	0.3900
0.6000	273.1750	0.3900
0.4600	273.1900	0.3900
0.3900	273.2550	0.3900
0.3600	273.1700	0.3900
0.3700	273.3000	0.3900
0.6400	275.3850	0.3900
1.2600	274.3500	0.3900
1.6900	273.4550	0.3900
1.7100	273.7000	0.3900
1.7900	275.1900	0.3900
1.5500	276.2400	0.3900
1.2400	274.7400	0.3900
1.0100	273.3150	0.3900
0.8100	273.1500	0.3900
0.6400	273.1500	0.3900
0.5200	273.1600	0.3900
0.4400	273.2350	0.3900
0.5600	273.1700	0.3900
1.4300	273.1500	0.3900
1.8600	273.1500	0.3900
1.5600	273.1500	0.3900
1.1700	273.1500	0.3900
0.8700	273.5000	0.3900
0.6700	274.9200	0.3900
0.5800	274.2400	0.3900
0.7000	273.6050	0.3900
0.8000	273.6700	0.3900
0.7400	273.7900	0.3900
0.6100	273.3700	0.3900
0.4800	273.5450	0.3900
0.3900	273.5550	0.3900
0.3200	273.4850	0.3900
0.2800	274.5200	0.3900
0.2700	276.3200	0.3900
0.3100	276.4200	0.3900
0.3600	276.6800	0.3900
0.6200	275.7200	0.3900
1.1400	277.5950	0.3900
1.5900	279.8300	0.3900
1.6800	279.4800	0.3900
1.4900	274.3150	0.3900
1.2200	273.4950	0.3900
1.0400	273.5650	0.3900
0.9300	273.9400	0.3900
0.8100	273.3500	0.3900
0.7200	273.4100	0.3900
0.8200	273.3900	0.3900
0.9800	273.4700	0.3900
1.0700	274.7250	0.3900
1.2100	278.3050	0.3900
1.4500	280.1850	0.3900
1.6700	274.3550	0.3900
1.7600	273.3550	0.3900
1.7000	274.7600	0.3900
1.7800	276.1000	0.3900
1.6900	278.8250	0.3900
1.5100	277.5250	0.3900
1.2700	275.1800	0.3900
1.0800	275.0400	0.3900
0.9800	275.1350	0.3900
0.9200	273.9450	0.3900
1.0300	273.5500	0.3900
1.4000	274.4800	0.3900
1.5900	277.7700	0.3900
1.5200	280.4450	0.3900
1.3200	283.1200	0.3900
1.2400	284.2950	0.3900
1.5200	281.7850	0.3900
1.7700	280.0500	0.3900
1.6000	281.0350	0.3900
1.3700	281.8250	0.3900
1.2300	279.3900	0.3900
1.1100	280.2700	0.3900
1.0100	281.9700	0.3900
0.9900	283.1550	0.3900
0.9300	284.0100	0.4100
0.8700	281.9350	0.4100
0.8200	282.2250	0.4100
0.7100	284.7500	0.4100
0.5800	286.4700	0.4100
0.5100	285.4700	0.4100
0.5300	282.4850	0.4100
0.5800	283.6150	0.4100
0.6700	285.4050	0.4100
0.8100	283.9100	0.4100
1.7400	282.5500	0.4100
2.3000	285.3750	0.4100
2.4200	286.7750	0.4100
2.4500	284.5650	0.4100
3.4900	280.7900	0.4100
3.6000	278.7900	0.4100
2.6400	280.3200	0.4100
2.0900	278.9350	0.4100
2.1500	279.4900	0.4100
1.9800	280.6550	0.4100
1.6300	282.4600	0.4100
1.3300	283.8500	0.4100
1.1100	283.3000	0.4100
0.9400	278.7300	0.4100
0.8200	282.2850	0.4100
0.8200	286.1050	0.4100
0.7700	282.9200	0.4100
0.6500	282.3400	0.4100
0.5700	284.8050	0.4100
0.5700	286.2700	0.4100
0.5500	285.4350	0.4400
0.5700	285.9700	0.4400
0.7900	285.7600	0.4400
0.9800	283.4250	0.4400
0.9600	285.9400	0.4400
0.8900	283.2500	0.4400
0.9000	280.3700	0.4400
0.9600	277.7350	0.4400
1.0400	280.2900	0.4400
1.1400	283.6950	0.4400
1.1700	282.8850	0.4400
1.1200	287.2900	0.4400
1.0400	289.4150	0.4400
0.9100	287.3150	0.4400
0.7900	285.5250	0.4400
0.7100	286.1400	0.4400
0.6500	289.1500	0.4400
0.6300	289.8800	0.4400
0.6300	295.0000	0.4400
0.6200	290.9050	0.4400
0.7400	285.4600	0.4400
1.2900	283.0050	0.4400
1.6200	283.3550	0.4400
1.4800	286.3450	0.4400
1.1800	290.6300	0.4400
0.9700	293.4800	0.4400
0.9100	293.9650	0.4400
0.8900	293.7600	0.4400
0.8400	293.8650	0.4400
0.8100	295.6100	0.4400
0.7900	294.2900	0.4600
0.8400	296.2050	1.3600
0.9500	291.8800	1.3600
1.2900	291.2950	1.3600
1.4800	293.8000	1.3600
1.2600	293.6750	1.3600
1.0000	291.7500	1.3600
0.7900	289.4000	1.3600
0.6700	284.8800	1.3600
0.6300	282.1650	1.3600
0.7800	285.0400	1.3600
1.1900	288.1750	1.3600
1.3900	291.4050	1.3600
1.2900	294.3200	1.3600
1.0700	296.6050	1.3600
0.8400	298.4950	1.3600
0.7100	299.9400	1.3600
0.6400	296.4550	1.3600
0.5600	289.1500	1.3600
0.5400	287.5850	1.3600
0.6000	291.6900	1.3600
0.6800	296.5150	1.3600
0.6800	297.8950	1.3600
0.6500	297.9800	1.3600
0.6100	298.3450	1.3600
0.6300	299.9050	1.3600
0.6300	302.1950	1.3600
0.6300	303.5700	1.3600
0.6300	300.2650	1.3600
0.6400	298.1550	1.3600
0.7100	296.1650	1.3600
0.7300	294.2550	1.5600
0.7200	294.8000	1.5600
0.7300	299.8500	1.5600
0.7200	296.3550	1.5300
0.6800	294.5750	1.5100
0.6300	298.6600	1.5100
0.5200	303.3150	1.5100
0.4300	300.6150	1.5400
0.5200	295.6050	1.5600
0.6900	301.0500	1.5600
0.6900	305.1750	1.5500
0.5800	307.6150	1.5100
0.4400	308.1600	1.5100
0.3400	306.4300	1.5100
0.2700	303.1700	1.5100
0.2800	304.8600	1.5100
0.4300	304.7500	1.5100
0.5900	304.1050	1.5100
0.6300	301.8850	1.5100
0.6700	299.5700	1.5100
0.8000	300.0050	1.5100
0.7900	301.5300	1.5100
0.6500	302.9500	1.5100
0.5000	303.4000	1.5100
0.4100	302.0500	1.5100
0.3700	298.7500	1.5100
0.4400	296.2750	1.5100
0.5200	295.3150	1.5100
0.5000	297.4650	1.5100
0.4200	299.4900	1.5100
0.3500	297.7100	1.5100
0.2700	294.7450	1.5100
0.2300	298.1300	1.5100
0.2100	295.6300	1.5100
0.1800	298.1900	1.5100
0.1800	293.7200	1.5100
0.1900	293.0200	1.5100
0.2100	291.0100	1.5100
0.2200	290.9950	1.5100
0.2000	293.7900	1.5100
0.1600	298.1650	1.5100
0.1300	299.1750	1.5100
0.1000	296.6950	1.5100
0.0800	297.4800	1.5100
0.0600	299.6500	1.5100
0.0500	299.9150	1.5100
0.0400	298.7700	1.5100
0.0500	296.9500	1.5100
0.0800	296.0500	1.5100
0.1200	296.9550	1.5100
0.1600	295.2200	1.5100
0.1700	291.1800	1.5100
0.1700	291.9400	1.5100
0.1500	294.1750	1.5100
0.1200	293.9150	1.5100
0.1100	295.5200	1.5100
0.1100	296.0750	1.5100
0.1200	294.7600	1.5100
0.1400	293.3200	1.5100
0.2500	296.7700	1.5100
0.5000	298.1600	1.5100
0.7300	296.8800	1.5100
1.4900	296.3750	1.4200
1.9600	296.3050	1.4200
1.5200	299.6100	1.4200
1.0600	297.3500	1.4200
0.7300	296.0550	1.4200
0.5200	292.9300	1.4200
0.3800	289.6500	1.4200
0.3000	288.6350	1.4200
0.2500	290.9950	1.4200
0.2200	293.8500	1.4200
0.1900	295.9950	1.4200
0.1700	297.8250	1.4200
0.1500	298.3550	1.4200
0.1200	298.5150	1.4200
0.1000	298.9250	1.4200
0.0900	297.4050	1.4200
0.0700	289.4550	1.4200
0.0800	285.5750	1.4200
0.1600	289.4750	1.4200
0.2700	291.8900	1.4200
0.3300	288.3800	1.4200
0.3300	290.1150	1.4200
0.2900	292.8100	1.4200
0.2400	294.1200	1.4200
0.1900	291.5300	1.4200
0.1600	290.2950	1.4200
0.1300	291.0150	1.4200
0.1100	285.4900	1.4200
0.1100	287.7450	1.4200
0.1100	282.8150	1.4200
0.1100	281.8750	1.2400
0.1300	281.3850	1.2400
0.1700	283.7400	1.2400
0.2200	286.5400	1.2400
0.2400	286.5350	1.2400
0.2400	287.0450	1.2400
0.2200	288.9950	1.2400
0.2100	288.4300	1.2400
0.1800	287.5650	1.2400
0.1600	287.9900	1.2400
0.1400	281.8200	1.2400
0.1300	279.5700	1.2400
0.1100	281.7500	1.2400
0.1000	284.9750	1.2400
0.0900	286.0900	1.2400
0.0800	287.4800	1.2400
0.0800	288.5700	1.2400
0.0700	288.4900	1.2400
0.0800	288.0700	1.2400
0.0900	287.3350	1.2400
0.0900	287.0350	1.2400
0.0900	286.5000	1.2400
0.0900	283.8000	1.2400
0.0900	281.9650	1.2400
0.2200	281.8300	1.2400
0.4300	283.0150	1.2400
0.4600	282.4650	1.2400
0.3800	282.8950	1.2400
0.3100	281.4200	1.2400
0.2400	275.9250	1.2400
0.1900	273.4000	1.2400
0.1600	273.2700	1.1300
0.1400	273.6900	1.1300
0.1200	274.1800	1.1300
0.1100	274.6150	1.1300
0.1000	275.7350	1.1300
0.0900	276.9950	1.1300
0.0900	280.5500	1.1300
0.0800	281.5850	1.1300
0.1400	281.5850	1.1300
0.6200	281.0650	1.1300
1.3200	279.9300	1.1300
1.5700	279.6450	1.1300
1.4000	280.9750	1.1300
1.1000	280.6050	1.1300
0.8500	278.2200	1.1300
0.7100	278.7750	1.1300
0.6200	282.2050	1.1300
0.5400	279.6150	1.1300
0.4600	280.9950	1.1300
0.4000	282.9750	1.1300
0.3400	281.4050	1.1300
0.3200	281.7850	1.1300
0.2900	282.3550	1.1300
0.2600	278.5300	1.1300
0.2300	275.1750	1.1300
0.2000	275.0500	1.1300
0.1700	275.6300	1.1300
0.1500	275.4100	1.1300
0.1400	275.4950	1.1300
0.1300	276.0750	1.1300
0.1200	277.8850	1.1100
0.1100	277.3550	1.1100
0.1000	275.9650	1.1100
0.1000	275.8150	1.1100
0.1400	277.2150	1.1100
0.2700	276.1900	1.1100
0.3900	275.5250	1.1100
0.3900	275.3700	1.1100
0.3300	273.8300	1.1100
0.3100	274.8250	1.1100
0.6300	277.0550	1.1100
1.4100	277.9550	1.1100
1.8500	278.8750	1.1100
2.1600	279.2700	1.1100
4.2400	282.4650	1.1100
4.3800	281.5250	1.1100
2.9100	278.6550	1.1100
2.1000	275.2300	1.1100
1.6300	274.1500	1.1100
1.3700	273.8150	1.1100
1.3000	273.9500	1.1100
1.6800	274.5400	1.1100
2.3900	273.6450	1.1100
2.1700	273.6000	1.1100
1.6300	273.7400	1.1100
1.3900	273.3500	1.1100
1.7700	274.5100	1.1100
5.6000	276.6350	1.1100
7.6400	278.0550	1.1100
4.8100	276.0250	1.1100
3.8200	276.5300	1.1100
6.6700	275.1350	1.1200
5.0400	274.4800	1.1200
3.1500	275.8300	1.1200
2.2100	277.1650	1.1200
1.8500	278.5200	1.1200
1.5000	276.0000	1.1200
1.1700	274.1000	1.1200
0.9400	273.7250	1.1200
0.8500	273.4150	1.1200
0.9900	273.1600	1.1200
1.2800	273.2900	1.1200
1.5300	273.6100	1.1200
1.9400	275.4200	1.1200
2.2800	277.0750	1.1200
2.8100	275.4550	1.1200
3.4000	274.6450	1.1200
2.6200	274.7800	1.1200
1.7900	274.1350	1.1200
1.2300	273.6000	1.1200
0.8900	273.5950	1.1200
0.6700	273.6750	1.1200
0.5100	274.0900	1.1200
0.5200	275.6350	1.1200
1.3800	277.0150	1.1200
2.6900	277.8450	1.1200
3.2800	278.4700	1.1200
3.1600	281.1900	1.1200
3.3000	278.1750	1.1200
3.2700	276.0350	1.1200
2.4100	276.4850	1.1200
1.9800	278.6100	1.1200
2.2800	281.2450	1.1000
2.2700	276.6800	1.1000
1.8300	276.7000	1.1000
1.3500	275.2350	1.1000
1.0400	274.1450	1.1000
0.9800	273.7050	1.1000
1.2700	273.4200	1.1000
1.3600	273.2650	1.1000
1.0900	273.4900	1.1000
0.8100	274.3350	1.1000
0.6300	275.3100	1.1000
0.5700	274.8350	1.1000
0.5300	275.8950	1.1000
0.5000	278.1500	1.1000
0.7300	278.1250	1.1000
1.0600	279.9750	1.1000
1.2000	278.3250	1.1000
1.3900	278.2200	1.1000
1.4200	276.6050	1.1000
1.2600	278.0700	1.1000
1.0900	278.9450	1.1000
0.9000	279.0650	1.1000
0.7200	276.2700	1.1000
0.5900	273.8100	1.1000
0.5000	273.4300	1.1000
0.4200	273.5700	1.1000
0.3700	274.3500	1.1000
0.3500	274.3700	1.1000
0.3500	274.6300	1.1200
0.3400	275.2700	1.1200
0.3000	277.6450	1.1200
0.2700	275.8350	1.1200
0.2400	275.6250	1.1200
0.2300	278.3900	1.1200
0.2200	279.4400	1.1200
0.2100	281.1000	1.1200
0.2100	280.9850	1.1200
0.2200	282.2150	1.1200
0.2300	284.1350	1.1200
0.2500	284.9250	1.1200
0.2600	286.7050	1.1200
0.2600	287.5850	1.1200
0.2600	283.5400	1.1200
0.4900	281.7100	1.1200
1.9100	280.8550	1.1200
2.2000	277.8500	1.1200
1.6900	278.9450	1.1200
1.2400	281.8200	1.1200
0.9500	281.6000	1.1200
0.7600	283.7700	1.1200
0.7000	282.0650	1.1200
1.0300	278.2750	1.1200
1.3300	279.6700	1.1200
1.3600	280.2850	1.1200
2.5300	277.2050	1.1200
3.1400	275.6900	1.1200
2.4200	278.6950	1.1200
1.7000	282.5900	1.1200
1.2100	287.4900	1.1200
0.9000	285.3100	1.1600
0.8700	281.5000	1.1600
1.2900	277.8150	1.1600
1.4500	277.1900	1.1600
1.3000	277.6800	1.1600
1.2700	277.7400	1.1600
1.2900	278.5350	1.1600
1.3100	281.0900	1.1600
1.2500	285.5500	1.1600
1.0500	286.8250	1.1600
0.8300	288.8550	1.1600
0.6400	287.3400	1.1600
0.5200	286.6700	1.1600
0.5500	283.4600	1.1600
1.1200	281.7500	1.1600
1.4100	281.8700	1.1600
1.2300	282.2650	1.1600
1.0200	280.7300	1.1600
0.8700	279.2000	1.1600
0.7500	284.0000	1.1600
0.6500	287.3000	1.1600
0.5600	286.5100	1.1600
0.6300	284.6400	1.1600
1.1600	285.2600	1.1600
1.5600	283.8350	1.1600
1.7800	280.4850	1.1600
1.8500	280.2150	1.1600
1.7500	283.1600	1.1600
1.4800	283.2900	1.1600
1.5300	283.1750	1.1600
1.6900	282.9650	1.2600
1.5300	283.2200	1.2600
1.2500	286.1050	1.2600
1.0300	284.7700	1.2600
1.1900	280.4250	1.2600
1.6700	281.1050	1.2600
1.7500	282.3050	1.2600
1.4100	282.8250	1.2600
1.0600	284.5900	1.2600
0.8000	284.6900	1.2600
0.6200	286.0350	1.2600
0.5500	283.3100	1.2600
1.4100	284.9500	1.2600
2.9700	289.1550	1.2600
2.4700	290.4800	1.2600
1.6800	284.1100	1.2600
1.1600	281.5300	1.2600
0.8500	278.6400	1.2600
0.6700	280.3900	1.2600
0.5800	284.4400	1.2600
0.5100	290.2000	1.2600
0.4300	292.9150	1.2600
0.3600	295.6050	1.2600
0.3000	298.0800	1.2600
0.2600	297.5000	1.2600
0.3100	293.3050	1.2600
0.5300	295.0250	1.2600
0.6400	297.9250	1.2600
0.6000	301.0950	1.2600
0.5100	300.2000	1.2600
2.2400	292.3550	1.2500
6.1200	291.0250	0.7800
4.1200	291.9650	0.7800
2.4400	291.0750	0.7800
1.5300	291.7850	0.7800
1.0200	292.0550	0.7800
0.7200	295.1400	0.7800
0.5300	295.3350	0.7800
0.4000	297.2400	0.7800
0.3200	295.6300	0.7800
0.2600	294.0300	0.7800
0.2200	292.1600	0.7800
0.1900	293.5850	0.7800
0.1700	295.2250	0.7800
0.1600	293.6200	0.7800
0.1600	294.7900	0.7800
0.1500	295.3000	0.7800
0.1400	296.9600	0.7800
0.1300	299.4950	0.7800
0.1300	298.1450	0.7800
0.1300	292.6500	0.7800
0.2300	287.5800	0.7800
0.4800	287.0500	0.7800
0.6300	287.7950	0.7800
0.6000	288.6850	0.7800
0.5100	291.6600	0.7800
0.4200	295.1400	0.7800
0.3300	297.3300	0.7800
0.2800	297.4050	0.7800
0.2300	299.2700	0.7800
0.2000	300.4900	0.7900
0.1700	298.0100	0.8700
0.1500	296.0450	0.8700
0.1300	296.9550	0.8700
0.1100	296.7450	0.8700
0.1000	297.5650	0.8700
0.0900	297.0250	0.8700
0.0700	297.9750	0.8700
0.0700	297.9650	0.8700
0.0600	297.9000	0.8700
0.0600	301.0350	0.8700
0.0600	303.3350	0.8700
0.0600	302.7900	0.8700
0.0700	300.0750	0.8700
0.0800	296.7750	0.8700
0.0800	300.1000	0.8700
0.0800	302.4550	0.8700
0.0800	303.1250	0.8700
0.0700	304.1700	0.8700
0.0700	306.3150	0.8700
0.0600	305.8950	0.8700
0.0500	303.0450	0.8700
0.0500	304.8000	0.8700
0.0400	307.3750	0.8700
0.0400	306.0350	0.8700
0.0400	302.3600	0.8700
0.2700	301.1900	0.8700
1.6700	301.3450	0.8700
4.3500	303.2550	0.8700
3.4800	303.0750	0.8700
2.1200	304.5350	0.8700
1.3100	304.0250	0.8700
0.8600	302.4950	0.8700
0.6000	303.1300	0.8700
0.4200	294.4900	0.8700
0.3200	295.9550	0.8700
0.2900	299.9600	0.8700
0.7000	300.0200	0.8900
1.5200	298.9400	0.8800
1.4500	298.8400	0.9000
1.0700	300.1950	0.8700
0.7600	301.1700	0.8700
0.5400	300.3950	0.8700
0.3900	297.7900	0.8700
0.3000	298.9200	0.8700
0.2300	300.4550	0.8700
0.1900	304.6050	0.8700
0.1600	300.8450	0.8700
0.1400	295.1400	0.8700
0.1200	298.8150	0.8700
0.1000	302.0300	0.8700
0.0800	301.5950	0.8700
0.0700	300.5700	0.8700
0.0600	300.0750	0.8700
0.0500	295.9900	0.8700
0.0500	298.0900	0.8700
0.0500	299.2600	0.8700
0.0600	302.0350	0.8700
0.0900	295.0300	0.8700
0.1000	297.5050	0.8700
0.1100	297.3950	0.8700
0.1200	296.6500	0.8700
0.1100	298.2950	0.8700
0.1000	298.6800	0.8200
0.0900	298.8250	0.8200
0.0800	300.4100	0.8200
0.0700	301.8450	0.8200
0.0700	300.0450	0.8200
0.0600	299.6900	0.8200
0.0500	298.0000	0.8200
0.0500	292.2750	0.8300
0.0500	285.8250	0.8500
0.0500	286.4300	0.8500
0.0700	290.0000	0.8500
0.1400	291.5650	0.8300
0.2200	286.5200	0.8200
0.2500	289.3700	0.8200
0.2400	292.9200	0.8200
0.2100	290.6400	0.8200
0.1700	284.4650	0.8200
0.1400	284.7750	0.8200
0.1200	288.1700	0.8200
0.1000	291.1300	0.8200
0.0900	291.0050	0.8200
0.0800	292.0100	0.8200
0.0800	294.8000	0.8200
0.0700	294.6100	0.8200
0.0600	295.1450	0.8200
0.0500	294.8100	0.8200
0.0500	295.1150	0.8200
0.0400	296.8000	0.8200
0.0300	298.0000	0.8200
0.0300	296.6450	0.8200
0.0300	297.0300	0.7200
0.0300	296.3650	0.7200
0.0300	293.6100	0.7200
0.0300	294.5000	0.7200
0.0300	295.2000	0.7200
0.0300	294.5500	0.7200
0.0400	293.5950	0.7200
0.0400	290.3500	0.7200
0.0400	289.2200	0.7200
0.0400	284.2400	0.7200
0.0500	283.4450	0.7200
0.0500	285.9950	0.7200
0.0500	281.6050	0.7200
0.0500	283.7000	0.7200
0.0600	283.1500	0.7200
0.0700	286.5600	0.7200
0.0800	289.5400	0.7200
0.1000	292.0150	0.7200
0.1100	293.5000	0.7200
0.1300	292.4700	0.7200
0.1300	293.7750	0.7200
0.1300	292.8650	0.7200
0.1300	289.9950	0.7200
0.1200	282.9150	0.7200
0.1100	282.7000	0.7200
0.1000	285.3900	0.7200
0.0900	288.1500	0.7200
0.0800	289.6050	0.7200
0.0800	286.6800	0.7200
0.0700	277.0050	0.7200
0.0700	274.8800	0.7200
0.0700	273.7600	0.6500
0.0800	273.6100	0.6500
0.1000	275.2300	0.6500
0.1100	274.1800	0.6500
0.1400	273.7700	0.6500
0.2000	274.6900	0.6500
0.2400	275.0200	0.6500
0.2600	277.0300	0.6500
0.2300	279.2050	0.6500
0.2300	280.1750	0.6500
0.3000	281.0500	0.6500
0.4900	279.3200	0.6500
0.6000	277.2550	0.6500
0.5700	277.1850	0.6500
0.5100	277.9100	0.6500
0.4500	279.3900	0.6500
0.4400	279.9750	0.6500
0.7400	279.9550	0.6500
1.1300	281.2650	0.6500
1.0800	281.0600	0.6500
0.8800	275.5000	0.6500
0.6900	273.4200	0.6500
0.5600	273.1500	0.6500
0.4500	273.2600	0.6500
0.3800	273.3400	0.6500
0.3400	273.8800	0.6500
0.3700	273.7750	0.6500
0.5100	273.4950	0.6500
0.6300	274.5700	0.6500
0.8200	276.7000	0.6500
1.6600	277.6600	0.6400
2.2600	278.9150	0.6400
1.9800	279.9300	0.6400
1.4700	278.4350	0.6400
1.0800	280.2750	0.6400
0.8200	281.4150	0.6400
0.8000	279.7550	0.6400
1.2100	277.2300	0.6400
1.5600	275.3900	0.6400
1.4100	274.6900	0.6400
1.1400	275.4250	0.6400
1.0300	274.8100	0.6400
1.3400	276.5400	0.6400
2.8800	278.9150	0.6400
3.2100	274.3400	0.6400
2.4600	273.5100	0.6400
1.8100	273.8800	0.6400
1.3600	274.0150	0.6400
1.0200	273.6850	0.6400
0.7700	274.2000	0.6400
0.6500	275.1650	0.6400
0.6900	273.9700	0.6400
0.7600	273.2550	0.6400
0.8700	273.2400	0.6400
1.5500	274.0150	0.6400
3.2200	273.4700	0.6400
4.2500	273.2100	0.6400
3.2200	273.2750	0.6400
2.4900	273.5650	0.6400
3.7700	273.3450	0.6400
5.7100	273.1600	0.6400
4.2100	273.3550	0.6500
4.6500	273.5400	0.6500
6.3300	273.3050	0.6500
4.3100	273.2200	0.6500
2.8100	273.1500	0.6500
2.0300	273.1500	0.6500
1.3900	273.1500	0.6500
1.2100	273.1800	0.6500
2.2600	273.5550	0.6500
3.9800	273.4500	0.6500
4.2400	273.3100	0.6500
3.7800	273.1900	0.6500
3.3600	273.1500	0.6500
2.0000	273.1500	0.6500
1.2600	273.1500	0.6500
0.9100	273.1850	0.6500
0.7000	273.2000	0.6500
0.5600	273.1500	0.6500
0.4800	273.1550	0.6500
0.4000	273.1700	0.6500
0.3300	273.1600	0.6500
0.2900	273.1500	0.6500
0.2500	273.1500	0.6500
0.2500	273.1600	0.6500
0.7700	273.2550	0.6500
2.3000	273.1800	0.6500
2.5300	273.2850	0.6500
2.2200	273.7500	0.6500
2.1900	274.6700	0.6500
2.8000	275.4650	0.6500
4.7000	274.7000	0.6500
3.2200	273.3550	0.6400
2.0000	273.3500	0.6400
1.4700	273.4050	0.6400
2.1400	273.8150	0.6400
3.5800	273.8600	0.6400
5.9100	273.4700	0.6400
5.7200	273.3800	0.6400
5.3300	273.5350	0.6400
5.7600	273.5000	0.6400
3.5300	273.4600	0.6400
1.9500	273.5900	0.6400
1.1500	273.4800	0.6400
0.7400	273.2200	0.6400
0.5200	273.3350	0.6400
0.3900	273.3850	0.6400
0.3200	273.6200	0.6400
0.7600	274.2550	0.6400
4.1000	276.9600	0.6400
7.1400	276.5100	0.6400
5.5000	275.4900	0.6400
4.0900	274.4000	0.6400
3.7600	274.1250	0.6400
3.6000	274.4900	0.6400
2.7900	277.0600	0.6400
1.8200	276.7000	0.6400
1.2200	276.9350	0.6400
1.0600	277.7350	0.6400
1.2300	276.2200	0.6400
1.2400	276.1300	0.6500
1.0600	276.4250	0.6500
1.1500	275.5550	0.6500
1.3200	276.3150	0.6500
1.3500	275.1450	0.6500
1.3500	276.4450	0.6500
1.4100	277.3750	0.6500
1.6800	281.1100	0.6500
2.5100	282.0650	0.6500
3.3600	281.8750	0.6500
3.1400	281.6550	0.6500
1.9300	282.9600	0.6500
1.0900	281.8500	0.6500
0.6700	281.1400	0.6500
0.4600	280.5800	0.6500
0.3400	280.9900	0.6500
0.2700	282.5600	0.6500
0.2200	284.1650	0.6500
0.1900	284.7450	0.6500
0.1700	281.6200	0.6500
0.1500	284.3000	0.6500
0.1400	287.9300	0.6500
0.1300	288.7950	0.6500
0.1200	286.7650	0.6500
0.1200	283.9550	0.6500
0.1200	282.0650	0.6500
0.1500	280.3550	0.6500
0.3600	279.9350	0.6500
0.5800	281.5450	0.6500
0.6300	285.1350	0.6500
0.5600	285.5300	0.6500
0.4800	281.2650	0.6700
0.4000	278.6600	0.6700
0.3300	284.1950	0.6700
0.2800	288.3800	0.6700
0.2400	290.3750	0.6700
0.2100	289.2700	0.6700
0.1900	287.4000	0.6700
0.1800	286.4050	0.6700
0.1700	284.1800	0.6700
0.1600	283.6900	0.6700
0.1500	285.7800	0.6700
0.1400	288.6900	0.6700
0.1400	290.1600	0.6700
0.1300	285.9400	0.6700
0.1300	281.5900	0.6700
0.1300	280.7650	0.6700
0.1500	283.8000	0.6700
0.1800	282.2400	0.6700
0.2100	283.3000	0.6700
0.2400	283.2550	0.6700
0.2700	282.6900	0.6700
0.6100	281.8850	0.6700
1.7800	285.8750	0.6700
2.0300	284.9100	0.6700
1.5600	285.0550	0.6700
1.1200	289.1600	0.6700
0.8100	292.8700	0.6700
0.6000	286.3450	0.6700
0.4700	280.9300	0.6700
0.3800	285.9550	0.6700
0.3200	291.6600	0.7300
0.2700	294.1850	0.7300
0.2300	293.6350	0.7300
0.2000	293.6300	0.7300
0.1800	291.5300	0.7300
0.1600	291.4300	0.7300
0.1500	293.6150	0.7300
0.1400	290.9550	0.7300
0.1300	287.8050	0.7300
0.1200	287.5300	0.7300
0.1100	283.5300	0.7300
0.1400	283.1050	0.7300
0.2500	282.9600	0.7300
0.3800	286.8650	0.7300
0.4300	289.1750	0.7300
0.4100	287.3600	0.7300
0.4800	285.1750	0.7300
0.5900	287.2800	0.7300
0.7500	285.5650	0.7300
1.4600	287.3600	0.7300
2.3300	289.1250	0.7300
2.1600	287.2450	0.7300
1.6600	284.4150	0.7300
1.3600	283.9800	0.7300
1.4800	287.0750	0.7300
1.5400	287.8600	0.7300
1.2900	286.9700	0.7300
1.1300	288.3650	0.7300
1.4600	283.2150	0.7300
2.0900	284.8200	0.7300
1.9100	286.9350	0.7400
1.4100	289.9000	1.1600
0.9900	292.7300	1.1600
0.7100	295.8650	1.1600
0.5300	298.2700	1.1600
0.4200	298.3800	1.1600
0.3400	292.1200	1.1600
0.3000	288.1950	1.1600
0.2700	287.9800	1.1600
0.2400	288.6000	1.1600
0.2100	287.3200	1.1600
0.1900	286.8900	1.1600
0.1700	288.8350	1.1600
0.1600	291.2750	1.1600
0.1600	290.1350	1.1600
0.1500	289.2650	1.1600
0.1400	288.5400	1.1600
0.1300	291.6150	1.1600
0.1200	294.2200	1.1600
0.1100	294.6450	1.1600
0.1000	293.0650	1.1600
0.1000	293.0750	1.1600
0.0900	296.6050	1.1600
0.0900	298.7700	1.1600
0.0900	301.2150	1.1600
0.0900	301.4550	1.1600
0.0900	300.4400	1.1600
0.0900	298.2350	1.1600
0.1100	299.1200	1.1600
0.4900	299.2350	1.1600
1.4800	298.7550	1.1700
1.9600	298.6550	1.3300
1.6900	298.0650	1.3200
1.3400	297.2100	1.2900
1.0500	295.0100	1.2900
0.8000	294.2450	1.2900
0.5900	297.2600	1.2900
0.4400	296.8750	1.2900
0.3300	291.4050	1.2900
0.2500	295.3300	1.2900
0.2000	297.3750	1.2900
0.1600	295.4950	1.2900
0.1300	296.8600	1.2900
0.1100	301.7100	1.2900
0.0900	302.5150	1.2900
0.0700	303.2350	1.2900
0.0600	302.7450	1.2900
0.0500	305.3300	1.2900
0.0500	305.2400	1.2900
0.0400	302.5900	1.3000
0.0400	299.4450	1.3300
0.0700	298.5300	1.3300
0.2000	298.9700	1.3300
0.3100	299.4900	1.3300
0.3200	301.4200	1.3000
0.2800	303.4650	1.2900
0.2300	302.1700	1.2900
0.1900	299.3700	1.2900
0.1500	299.5550	1.2900
0.1200	300.1300	1.2900
0.1000	299.7900	1.2900
0.0800	300.9350	1.2900
0.0700	303.2050	1.2900
0.0500	303.4450	1.2900
0.0400	299.6200	1.2900
0.0400	297.4050	1.2900
0.0400	298.9000	1.3000
0.0400	297.1500	1.3300
0.0600	294.5700	1.3300
0.0600	294.5100	1.2900
0.0700	297.9400	1.2900
0.0600	301.4300	1.2900
0.0600	301.0150	1.2900
0.0500	301.0600	1.2900
0.0400	303.3550	1.2900
0.0300	304.3350	1.2900
0.0300	303.6050	1.2900
0.0200	302.6350	1.2900
0.0200	300.3350	1.2900
1.0200	298.4000	1.2900
3.0000	299.7000	1.2900
2.3900	299.9550	1.2900
1.5800	299.7250	1.2900
1.0800	296.1600	1.3000
0.9100	287.2350	1.3300
2.0000	290.6450	1.3300
2.3300	291.9750	1.3300
1.7000	289.5900	1.3300
1.2400	288.8250	1.3300
1.1100	292.9250	1.3300
1.0100	295.0300	1.3000
0.8400	297.4700	1.2900
0.6400	298.9650	1.2900
0.4900	300.1750	1.2200
0.3600	291.5500	1.2200
0.2800	286.5600	1.2200
0.2200	288.6950	1.2200
0.1700	290.8000	1.2200
0.1400	290.4700	1.2200
0.1100	293.7750	1.2200
0.0900	295.8050	1.2200
0.0800	295.3150	1.2200
0.0600	294.7350	1.2200
0.0500	297.3200	1.2200
0.0500	292.2850	1.2200
0.0400	287.7800	1.2200
0.0900	285.7250	1.2600
0.3300	287.5650	1.2600
0.6300	289.0200	1.2600
0.6900	291.4950	1.2200
0.6100	290.8800	1.2400
0.5100	286.5700	1.2200
0.4400	284.3650	1.2300
0.3900	284.3700	1.2200
0.3500	287.2150	1.2200
0.3100	291.7100	1.2200
0.2500	292.8650	1.2200
0.2100	293.9650	1.2200
0.1700	294.8950	1.2200
0.1400	293.6800	1.2200
0.1200	295.0850	1.2200
0.1000	294.8900	1.2200
0.0800	292.0950	1.2100
0.0700	291.0550	1.0600
0.0600	292.1500	1.0600
0.0500	292.6100	1.0600
0.0500	292.6200	1.0600
0.0500	292.0100	1.0600
0.0400	292.4850	1.0600
0.0400	290.9500	1.0600
0.0400	291.0200	1.0600
0.0400	292.0200	1.0600
0.0400	283.3850	1.0600
0.0500	283.6250	1.0600
0.0500	287.7850	1.0600
0.0500	287.6200	1.0600
0.0500	289.4100	1.0600
0.0500	289.8000	1.0600
0.0500	288.6800	1.0600
0.0500	289.9350	1.0600
0.0500	284.7300	1.0600
0.1000	282.3900	1.0600
0.3100	281.2500	1.0600
1.9300	282.2100	1.0600
3.2300	280.4800	1.0600
2.4400	281.1150	1.0600
2.7400	279.1800	1.0600
3.4400	278.4650	1.0600
2.6600	280.0500	1.0600
2.2700	280.6700	1.0600
3.8200	282.7250	1.0600
4.1800	280.7400	1.0600
3.9400	280.1300	1.0600
2.7700	278.3250	1.0600
1.8300	275.4050	0.9700
1.2600	277.8000	0.9700
0.9800	280.2250	0.9700
1.2800	277.7200	0.9700
1.8000	279.0950	0.9700
1.5700	280.0700	0.9700
1.1800	280.0200	0.9700
0.8600	280.0000	0.9700
0.6500	283.5800	0.9700
0.5000	282.4850	0.9700
0.4100	281.5800	0.9700
0.5500	281.0650	0.9700
1.0400	280.5450	0.9700
1.1500	279.4850	0.9700
0.9600	277.9700	0.9700
0.7400	281.3500	0.9700
0.6000	280.9050	0.9700
0.5100	279.1550	0.9700
0.4500	277.0150	0.9700
0.4000	274.8400	0.9700
0.3600	273.7450	0.9700
0.3200	273.8400	0.9700
0.2900	275.6450	0.9700
0.2500	278.7150	0.9700
0.2200	280.2300	0.9700
0.2300	277.5500	0.9700
0.3400	275.6100	0.9700
0.5200	274.1400	0.9700
0.7300	273.3000	0.9700
0.8700	273.1500	0.9700
0.9100	273.1500	0.9500
0.9200	273.1800	0.9500
1.0000	273.1950	0.9500
1.0200	273.1500	0.9500
0.8700	273.1500	0.9500
0.6900	273.2000	0.9500
0.5700	274.2600	0.9500
1.6100	275.4800	0.9500
7.1200	276.8050	0.9500
9.9800	277.6600	0.9500
5.8700	278.9000	0.9500
3.1800	280.9500	0.9500
1.9200	278.8950	0.9500
1.4400	278.4450	0.9500
1.3900	278.0950	0.9500
1.2700	275.7900	0.9500
1.0500	274.1250	0.9500
0.8200	273.8250	0.9500
0.6300	273.6900	0.9500
0.5000	273.7650	0.9500
0.4000	273.5750	0.9500
0.3300	273.2900	0.9500
0.3200	273.2200	0.9500
0.2900	273.1550	0.9500
0.2700	273.1950	0.9500
0.2600	273.6500	0.9500
0.2300	273.9250	0.9500
0.2200	273.6700	0.9500
0.2200	273.6150	0.9500
0.3400	273.7700	0.9500
1.0100	273.5550	0.9500
2.1900	273.2650	0.9600
2.8000	273.2950	0.9600
3.2800	273.2100	0.9600
3.3900	273.1500	0.9600
2.7700	273.1500	0.9600
2.0300	273.1500	0.9600
1.4500	273.1500	0.9600
1.1400	273.2900	0.9600
1.4300	273.4750	0.9600
2.4300	273.4150	0.9600
3.2100	273.2200	0.9600
3.0800	273.1800	0.9600
2.2600	273.1650	0.9600
1.5600	273.1600	0.9600
1.1000	273.1500	0.9600
0.8000	273.1550	0.9600
0.7700	273.2500	0.9600
1.6700	273.9100	0.9600
2.3600	274.8800	0.9600
2.3000	275.7650	0.9600
1.8200	275.8600	0.9600
1.3300	274.8250	0.9600
0.9700	274.3450	0.9600
0.7300	273.9200	0.9600
0.5600	273.8850	0.9600
0.4500	274.5350	0.9600
0.3700	275.2700	0.9600
0.3200	275.0900	0.9600
0.2900	276.4450	0.9600
0.2900	275.0950	0.9600
0.2900	274.9700	0.9600
0.2700	274.1950	0.9500
0.2500	274.9700	0.9500
0.2400	275.7000	0.9500
0.2200	274.7600	0.9500
0.2100	276.0600	0.9500
0.2000	274.0500	0.9500
0.2000	273.5100	0.9500
0.2100	273.7500	0.9500
0.2400	273.5350	0.9500
0.2900	273.2800	0.9500
0.3400	273.1850	0.9500
0.3400	274.1400	0.9500
0.3200	276.5150	0.9500
0.3200	275.6850	0.9500
0.4000	273.5400	0.9500
0.5200	273.2350	0.9500
0.5700	273.2100	0.9500
0.5300	273.2050	0.9500
0.4400	273.1550	0.9500
0.3700	273.3000	0.9500
0.3400	274.8400	0.9500
0.4400	275.7950	0.9500
0.6200	276.7700	0.9500
0.6900	278.2150	0.9500
0.6400	279.0000	0.9500
0.5400	279.0500	0.9500
0.4500	279.4050	0.9500
0.3800	278.8550	0.9500
0.3500	279.9600	0.9600
0.4300	280.4300	0.9600
0.5500	279.9900	0.9600
0.6100	280.8550	0.9600
0.6000	281.4650	0.9600
0.5500	282.3600	0.9600
0.4800	284.4300	0.9600
0.4000	284.6250	0.9600
0.3400	286.0650	0.9600
0.2800	287.2200	0.9600
0.2500	285.4100	0.9600
0.2200	285.3250	0.9600
0.2000	279.4800	0.9600
0.1800	278.1300	0.9600
0.1700	279.9800	0.9600
0.1600	281.5450	0.9600
0.1500	281.0850	0.9600
0.1500	279.0150	0.9600
0.1500	282.7150	0.9600
0.1600	281.7000	0.9600
0.2800	281.3150	0.9600
0.6700	280.1800	0.9600
1.1500	280.8050	0.9600
2.2300	280.3950	0.9600
2.4500	276.9500	0.9600
1.9600	277.1050	0.9600
1.5200	281.5700	0.9600
1.6200	282.0100	0.9600
3.7200	279.7750	0.9600
3.7100	277.0350	0.9600
2.5500	275.6150	0.9600
1.7200	279.1250	0.9900
1.1900	283.9450	0.9900
0.8700	285.0250	0.9900
0.6700	281.6100	0.9900
0.6700	279.3100	0.9900
0.9000	283.2100	0.9900
0.9900	287.9900	0.9900
0.8600	283.1950	0.9900
0.7000	281.4750	0.9900
0.5600	279.7250	0.9900
0.4900	282.2850	0.9900
0.4400	284.2550	0.9900
0.4000	280.7950	0.9900
0.3800	278.7950	0.9900
0.4000	279.1300	0.9900
0.4100	283.8800	0.9900
0.4000	287.3350	0.9900
0.3900	281.5800	0.9900
0.5100	279.3500	0.9900
0.6700	281.8900	0.9900
0.7100	283.5000	0.9900
0.6800	284.2100	0.9900
0.9400	287.1500	0.9900
1.1900	287.0650	0.9900
1.4000	285.7850	0.9900
3.1000	288.7050	0.9900
3.2100	290.9600	0.9900
2.2400	285.0350	0.9900
1.8300	282.9400	0.9900
1.6100	282.9600	1.0000
1.3300	285.1950	1.0800
1.0600	287.0900	1.0800
0.8400	287.6050	1.0800
0.6800	288.1000	1.0800
0.5700	287.8350	1.0800
0.9100	288.1550	1.0800
7.5400	285.3600	1.0800
9.5200	285.2350	1.0800
5.3600	286.0650	1.0800
5.7800	284.8000	1.0800
5.7100	284.0800	1.0800
3.9300	285.4800	1.0800
2.7000	289.9300	1.0800
1.8600	290.9800	1.0800
1.3100	289.7350	1.0800
1.1500	286.6000	1.0800
2.2000	283.9900	1.0800
3.1700	285.1700	1.0800
2.9100	287.2650	1.0800
3.8900	288.9600	1.0800
3.4100	286.6800	1.0800
2.3200	289.8300	1.0800
1.5600	287.0100	1.0800
1.1000	286.2650	1.0800
0.8200	286.8400	1.0800
0.6300	289.5750	1.0800
0.5100	293.1300	1.0800
0.4200	295.6950	1.0800
0.3400	296.7600	1.0800
0.2900	293.3800	1.0800
0.2900	292.6300	1.0800
0.4100	286.5850	0.9900
0.5800	285.2100	0.9900
0.7500	287.8050	0.9900
0.7500	290.1150	0.9900
0.6500	291.5600	0.9900
0.5200	285.3350	0.9900
0.4300	284.8450	0.9900
0.3700	286.1600	0.9900
0.3500	288.3100	0.9900
0.3500	290.7500	0.9900
0.3400	288.0400	0.9900
0.3200	287.1700	0.9900
0.3300	287.2850	0.9900
0.3600	293.1000	0.9900
0.3800	293.2000	0.9900
0.3700	294.8200	0.9900
0.3200	290.2150	0.9900
0.3000	288.7350	0.9900
0.3000	289.6250	0.9900
0.4500	294.6500	0.9900
0.6100	298.7800	0.9900
0.6200	298.2100	0.9900
0.5300	294.7550	0.9900
0.4400	295.3600	0.9900
0.3600	297.1800	0.9900
0.2900	295.4600	0.9900
0.2500	293.3450	0.9900
0.2700	290.0100	0.9900
0.5200	290.8700	0.9900
0.8900	295.5900	0.9900
0.9500	298.2350	1.1300
0.8100	296.1600	1.1300
0.6400	292.6900	1.1300
0.4900	295.0200	1.1300
0.3800	298.3250	1.1200
0.3000	300.2650	1.1000
0.2500	297.9950	1.1000
0.2100	300.3500	1.1000
0.1800	297.3000	1.1200
0.1600	287.2100	1.1300
0.5700	293.5700	1.1300
1.6400	301.1000	1.1300
1.6200	301.3700	1.1300
1.1800	296.6300	1.1300
0.8200	300.7850	1.1300
0.5900	302.4950	1.1300
0.4300	296.0500	1.1000
0.3300	298.4350	1.1000
0.2600	302.1450	1.1000
0.2000	301.4000	1.1000
0.1700	301.9100	1.1000
0.1400	304.4400	1.1000
0.1200	299.2050	1.1300
0.1100	300.0000	1.1300
0.1000	297.8500	1.1100
0.0900	295.3900	1.1000
0.0900	298.3200	1.1000
0.0800	301.4450	1.1000
0.0800	302.6550	1.1000
0.0700	302.5250	1.1000
0.0700	303.5150	1.1000
0.0700	302.9250	1.1000
0.0700	299.9000	1.1000
0.0700	297.0950	1.1000
0.0800	298.8350	1.1000
0.0900	303.4600	1.1000
0.0900	305.5900	1.1000
0.0900	305.1650	1.1000
0.0900	304.1800	1.1000
0.0800	301.9650	1.1000
0.0800	300.6750	1.1000
0.0700	297.4200	1.1000
0.0700	297.2000	1.1000
0.0600	295.4250	1.1000
0.0600	294.2650	1.1000
0.0500	297.1950	1.1000
0.0500	300.0150	1.1000
0.0500	298.5700	1.1000
0.0500	295.0700	1.1400
0.0500	295.8750	1.1400
0.0500	300.0100	1.1400
0.0500	302.9450	1.1400
0.0500	303.1900	1.1400
0.0600	298.7200	1.1300
0.0600	293.3350	1.1000
0.0600	291.9300	1.1000
0.0500	296.7600	1.1000
0.0500	299.9000	1.1000
0.0500	299.2650	1.1000
0.0500	298.9200	1.1000
0.0500	289.8800	1.1000
0.0400	291.3500	1.1000
0.0400	294.6450	1.0400
0.0400	297.2150	1.0400
0.0400	298.2950	1.0400
0.0400	296.5900	1.0400
0.0400	293.4850	1.0400
0.0400	294.2250	1.0400
0.0400	296.9850	1.0400
0.0400	297.9700	1.0400
0.0400	297.0900	1.0400
0.0400	286.2600	1.0400
0.0400	286.3350	1.0600
0.0400	288.0100	1.0400
0.0500	291.3500	1.0400
0.0500	291.2400	1.0400
0.0500	292.3450	1.0400
0.0500	291.7800	1.0400
0.0500	287.9150	1.0400
0.0500	287.7900	1.0400
0.0500	289.7650	1.0400
0.0500	293.7400	1.0400
0.0500	295.0350	1.0400
0.0500	292.9200	1.0700
0.0600	291.5050	1.0700
0.0600	286.0650	1.0700
0.0600	283.9350	1.0700
0.0600	287.2350	1.0700
0.0600	292.7500	1.0700
0.0700	290.3350	1.0700
0.0900	292.0000	1.0700
0.1000	294.4700	1.0700
0.1000	293.1450	0.9000
0.2100	284.4500	0.9000
1.2800	283.6850	0.9000
2.2600	282.4100	0.9000
2.2200	282.3900	0.9000
1.8500	283.2400	0.9000
1.3900	285.8300	0.9000
1.0000	286.3200	0.9000
0.7400	285.8350	0.9000
0.5600	284.9850	0.9000
0.4400	285.2100	0.9000
0.4000	283.4300	0.9000
0.5400	286.0950	0.9000
0.7500	287.9000	0.9000
0.7800	290.6150	0.9000
0.6600	285.2700	0.9000
0.5400	287.0450	0.9000
0.4300	289.3500	0.9000
0.3500	289.6650	0.9000
0.2900	287.0300	0.9000
0.2400	285.5200	0.9000
0.2000	285.9050	0.9000
0.1700	287.5600	0.9000
0.1500	288.5650	0.9000
0.1300	289.3550	0.9000
0.1200	288.4250	0.9000
0.1100	283.4450	0.9000
0.1300	282.9400	0.9000
0.2500	283.4600	0.9000
0.4000	281.8700	0.9000
0.5000	281.8750	0.9000
0.5100	284.9750	0.8200
0.4800	285.9150	0.8200
0.4400	281.1700	0.8200
0.5500	279.8000	0.8200
1.4700	279.0900	0.8200
2.2000	280.7850	0.8200
4.2400	281.0700	0.8200
5.7000	279.2550	0.8200
7.1800	276.3850	0.8200
6.7400	275.5050	0.8200
4.0000	278.2500	0.8200
3.0500	279.8600	0.8200
2.4200	278.2550	0.8200
1.7000	280.0500	0.8200
1.3900	275.6250	0.8200
1.2500	274.7400	0.8200
1.0200	275.4650	0.8200
0.7900	275.6750	0.8200
0.6100	275.5250	0.8200
0.4800	275.5350	0.8200
0.3900	275.4150	0.8200
0.3200	275.2450	0.8200
0.2700	274.8950	0.8200
0.2300	274.8300	0.8200
0.2100	274.8350	0.8200
0.2500	276.3700	0.8200
0.6700	273.5950	0.8200
1.1100	273.2650	0.8200
1.2400	273.2150	0.8200
1.1900	273.6200	0.8200
1.3100	273.3550	0.8100
2.7000	273.7450	0.8100
5.5100	273.6350	0.8100
6.1700	273.3150	0.8100
4.7500	273.2150	0.8100
3.7000	273.1900	0.8100
2.8500	273.1500	0.8100
2.4700	273.1500	0.8100
1.8800	273.1500	0.8100
1.3100	273.1500	0.8100
0.9200	273.1500	0.8100
0.6700	273.1500	0.8100
0.5100	273.1500	0.8100
0.4100	273.1500	0.8100
0.3900	273.1500	0.8100
0.4500	273.1500	0.8100
0.4400	273.1500	0.8100
0.3900	273.1500	0.8100
0.3200	273.1550	0.8100
0.4900	273.2600	0.8100
3.4400	273.4650	0.8100
13.5400	274.3250	0.8100
18.9600	275.0950	0.8100
10.1400	275.2400	0.8100
5.4800	275.1050	0.8100
4.2400	276.2400	0.8100
4.7100	276.0300	0.8100
7.5100	274.8000	0.8100
12.5000	274.9550	0.8100
10.5400	274.3050	0.8100
13.8200	274.8650	0.8100
21.1100	275.4050	0.8100
14.0600	275.3250	0.8100
7.4900	274.8550	0.8100
4.8800	274.6100	0.8100
3.5300	275.1200	0.8100
2.7000	275.4250	0.8100
2.3400	275.8850	0.8100
2.3200	275.7700	0.8100
2.1900	273.7200	0.8100
1.7700	274.5150	0.8100
1.4200	276.1650	0.8100
1.3800	274.0800	0.8100
1.3600	273.8050	0.8100
1.2200	275.6250	0.8100
1.2600	276.1550	0.8100
1.3300	273.4550	0.8100
1.3600	273.8150	0.8100
3.0200	275.0600	0.8100
7.8300	274.3200	0.8100
6.3100	273.8550	0.8100
3.8500	274.2400	0.8100
2.7300	274.0350	0.8100
2.3200	273.8250	0.8100
1.9600	273.7100	0.8100
1.5500	273.3050	0.8100
1.1700	273.8200	0.8100
0.9000	274.8700	0.8100
0.7100	274.0050	0.8100
0.7500	274.3900	0.8100
1.1200	276.5150	0.8100
1.7000	276.3700	0.8100
2.2100	275.7650	0.8000
2.1500	276.0000	0.8000
2.1400	276.9550	0.8000
1.9400	277.5000	0.8000
1.6600	275.1150	0.8000
1.4600	273.8550	0.8000
1.2300	273.8550	0.8000
0.9800	274.0100	0.8000
0.8000	274.6050	0.8000
0.6700	274.9300	0.8000
0.5900	273.5450	0.8000
0.5200	273.1900	0.8000
0.4700	273.2650	0.8000
0.4100	273.6750	0.8000
0.3700	273.3200	0.8000
0.3500	273.1750	0.8000
0.3300	273.1500	0.8000
0.3300	273.1500	0.8000
0.3300	273.1500	0.8000
0.3200	273.1500	0.8000
0.3200	273.2600	0.8000
0.3200	273.9000	0.8000
0.3200	274.3900	0.8000
0.3200	274.7850	0.8000
0.3100	274.7200	0.8000
0.3100	276.2350	0.8000
0.3000	279.4500	0.8000
0.4500	280.0550	0.8100
4.1700	277.4400	0.8200
4.9800	275.9300	0.8200
2.9100	275.8750	0.8200
1.9300	277.1450	0.8200
2.1900	275.0800	0.8200
2.5700	277.3600	0.8200
3.2100	277.7800	0.8200
3.9800	276.4850	0.8200
3.3500	274.8350	0.8200
2.9500	273.4850	0.8200
3.2800	273.5750	0.8200
2.5200	273.5950	0.8200
1.8400	273.7350	0.8200
1.4400	274.4400	0.8200
1.6000	274.6900	0.8200
2.7500	275.8650	0.8200
2.6300	277.7450	0.8200
2.0200	276.6050	0.8200
1.8200	274.8600	0.8200
1.4800	274.8350	0.8200
1.1200	276.7150	0.8200
0.8700	276.9550	0.8200
0.7200	277.8950	0.8200
0.7400	279.1750	0.8200
1.0800	280.1250	0.8200
3.0600	277.5550	0.8200
4.9700	275.3500	0.8200
3.6800	277.3350	0.8200
2.7200	279.7600	0.8200
3.0900	280.9500	0.8200
3.7900	280.1200	0.8200
4.0900	278.7800	0.8500
5.1900	276.2900	0.8500
6.1500	277.1500	0.8500
5.4400	278.2800	0.8500
4.9700	279.4750	0.8500
5.4500	279.7400	2.6500
5.1900	280.4050	5.6200
3.4600	282.0650	4.1400
2.3300	282.1650	2.7800
2.1100	281.9100	2.2600
1.9100	281.7350	2.0600
1.5600	282.9550	1.7600
1.3500	284.7700	1.4900
1.2700	285.1700	1.3500
1.1600	285.8650	1.2500
1.0100	281.9950	1.1100
0.9800	280.0350	1.0100
1.0700	277.8050	1.0500
1.1700	280.2350	1.1300
1.2300	282.4350	1.2100
1.1200	285.5800	1.1900
0.9200	286.4750	1.0400
0.8400	284.6000	0.9000
0.9700	283.4500	0.9200
1.0500	282.8750	1.0200
0.9700	285.8000	1.0100
0.8200	287.0050	0.9100
0.7000	287.4350	0.8500
0.6200	291.7050	0.8500
0.5600	288.4150	0.8500
0.6000	285.4200	0.9200
0.7200	282.0100	0.9200
0.7800	282.0050	0.9200
0.7400	284.1250	0.9200
0.6800	285.4700	0.9200
0.6100	288.5800	0.9200
0.5600	286.2000	0.9200
0.5200	283.4500	0.9200
0.5900	281.8200	0.9200
0.7200	284.5050	0.9200
0.7600	288.2450	0.9200
0.7100	289.8400	0.9200
0.6400	288.9000	0.9200
0.5800	293.0100	0.9200
0.5200	296.1400	0.9200
0.4800	297.9400	0.9200
0.4500	299.1100	0.9200
0.4300	299.0800	0.9200
0.4200	299.0900	0.9200
0.5000	293.5250	0.9200
2.3100	293.4050	0.9200
3.9100	293.8200	0.9200
6.2900	290.4950	1.5500
7.0200	289.3050	7.5000
4.1000	289.8850	5.0100
2.4700	287.5900	3.0800
1.6600	283.8850	2.0400
1.2000	283.2100	1.4600
0.9700	284.8150	1.1200
1.1000	287.5600	1.0500
1.2800	290.1800	1.2300
1.1600	293.6350	1.8800
0.9600	296.7450	1.8800
0.8100	292.5800	1.8800
0.9300	294.3100	1.8800
1.1400	292.0750	1.8800
1.1000	295.7900	1.8800
0.9500	298.5750	1.8800
0.7900	296.4500	1.8800
0.7800	291.6550	1.8800
0.9800	290.4400	1.8800
1.0200	292.9800	1.8800
0.8900	294.5300	1.8800
0.8100	296.8750	1.8800
1.1300	290.0000	1.8800
1.5100	288.7650	1.8800
1.4800	289.9000	1.8800
1.2500	292.4100	1.8800
1.0200	292.0750	1.8800
0.8400	294.0300	1.8800
0.7100	291.1950	1.8800
0.6000	291.4050	1.8800
0.5200	292.7350	1.8800
0.4700	295.2600	1.8800
0.4300	296.6900	1.8800
0.4000	298.4650	1.8800
0.3700	299.9900	1.8800
0.3600	301.6350	1.8800
0.3400	302.5450	1.8800
0.3300	301.4100	1.8800
0.3900	295.2450	1.8900
0.9000	299.5450	2.1600
1.3100	300.8000	2.1600
1.1900	301.6150	2.1600
1.0700	301.7500	2.1600
1.0300	302.4700	2.1600
0.9200	300.1850	2.1600
0.7900	297.1200	2.1600
0.6700	298.8650	2.1600
0.5600	300.9150	2.1600
0.4800	302.6250	2.1600
0.4300	300.2900	2.1600
0.3900	301.0350	2.1600
0.3600	296.9500	2.1600
0.3400	300.7750	2.1600
0.3300	302.5300	2.1600
0.3200	301.9000	2.1600
0.3100	302.6850	2.1600
0.2900	300.1150	2.1600
0.2800	299.8200	2.1200
0.2700	302.6550	2.0900
0.2600	303.7750	2.0900
0.2500	304.9950	2.0900
0.2400	306.6000	2.0900
0.2300	305.8300	2.0900
0.2300	303.5300	2.0900
0.2300	302.5150	2.0900
0.2400	302.7150	2.0900
0.2500	303.7400	2.0900
0.2500	301.6900	2.0900
0.2400	298.1550	2.0900
0.2400	293.4750	2.0900
0.2300	294.5200	2.0900
0.2200	294.1250	2.0900
0.2100	296.8100	2.0900
0.2100	299.3000	2.0900
0.2000	299.4500	2.0900
0.2000	300.0250	2.0900
0.2000	301.5700	2.0900
0.1900	302.2350	2.0900
0.1900	297.0350	2.0900
0.2100	298.4400	2.0900
0.2400	297.5900	2.1200
0.2700	293.9200	2.0900
0.2800	293.2400	2.0900
0.2800	297.4050	2.0900
0.2500	299.7100	2.0900
0.2400	298.0100	2.0900
0.2300	295.1300	2.0900
0.3200	295.3750	2.0900
0.5600	297.5750	2.0900
0.6700	299.0750	2.0900
0.6100	299.8300	2.0900
0.5000	301.1550	2.0900
0.4100	300.0050	2.0900
0.3400	294.7650	2.0900
0.2900	293.4750	2.0900
0.2500	292.9050	2.0900
0.2200	296.4450	2.0900
0.2000	299.2100	2.0900
0.1900	299.8950	2.0900
0.1800	292.9500	2.0900
0.1700	287.6700	2.0900
0.1600	290.7950	1.9700
0.1600	294.4250	1.9700
0.1600	297.5950	1.9700
0.1500	301.5200	1.9700
0.1500	302.3100	1.9700
0.1500	301.0450	1.9700
0.1500	299.2050	1.9700
0.1600	298.7900	1.9700
0.1900	297.4100	1.9700
0.2700	293.5350	1.9700
0.3900	295.8900	1.9700
0.4300	298.5900	1.9700
0.4000	297.9350	1.9700
0.3500	290.8600	1.9700
0.3000	284.5850	2.0000
0.2800	283.8200	2.0400
0.3200	286.9950	2.0400
0.4200	288.6600	2.0400
0.4800	291.3400	2.0400
0.7800	285.2100	2.0400
1.9000	286.2500	2.0400
2.1500	284.4200	2.0400
1.7600	284.6350	2.0400
1.3200	287.5350	2.0400
0.9600	289.6300	2.0400
0.7000	291.8500	2.0400
0.5400	292.9350	2.0400
0.4100	294.4050	2.0400
0.3300	294.0600	2.0400
0.2800	294.3150	2.0300
0.2400	293.2700	1.7200
0.2100	292.3950	1.7200
0.1900	291.1300	1.7200
0.1800	290.9000	1.7200
0.1800	291.0500	1.7200
0.1800	291.6150	1.7200
0.1900	287.6600	1.7200
0.2000	285.7150	1.7200
0.2100	286.6300	1.7200
0.2000	283.1950	1.7200
0.2000	285.3250	1.7200
0.1900	287.0350	1.7200
0.1800	288.3750	1.7200
0.1700	289.4400	1.7200
0.1600	289.2450	1.7200
0.1600	283.5700	1.7200
0.3000	282.8350	1.7200
0.7500	281.1850	1.7200
0.9100	284.1850	1.7200
0.8000	282.9450	1.7200
0.6400	281.2950	1.7200
0.5200	281.3650	1.7200
0.4300	282.2250	1.7200
0.3700	284.9200	1.7200
0.3100	282.0450	1.7200
0.2800	278.8050	1.7200
0.2500	281.4450	1.7200
0.2200	283.4300	1.7200
0.2100	283.6950	1.7200
0.1900	279.5500	1.7200
0.1800	274.5050	1.7200
0.1700	274.1400	1.5700
0.1600	274.6400	1.5700
0.1600	278.7100	1.5700
0.1600	282.5650	1.5700
0.2400	284.0300	1.5700
0.4300	285.2600	1.5700
0.6600	287.7550	1.5700
0.8000	286.1050	1.5700
0.9700	280.6050	1.5700
1.3000	277.2650	1.5700
1.5200	280.5250	1.5700
1.4500	276.6200	1.5700
1.3900	279.5550	1.5700
1.5100	279.1750	1.5700
2.4600	276.2800	1.5700
2.4500	280.6500	1.5700
1.8000	281.1850	1.5700
1.2700	280.7550	1.5700
0.9100	280.2150	1.5700
0.6900	283.8600	1.5700
0.5400	284.2600	1.5700
0.4500	282.6300	1.5700
0.4000	280.3800	1.5700
0.4100	275.7800	1.5700
0.4200	277.3000	1.5700
0.4300	276.5150	1.5700
0.4300	277.0050	1.5700
0.5800	273.5350	1.5700
0.8400	273.1500	1.5700
0.8500	273.1500	1.5700
0.7500	273.2000	1.5400
0.7400	273.2650	1.5400
0.7600	273.1700	1.5400
0.7000	273.1500	1.5400
0.5800	273.1650	1.5400
0.4800	273.3050	1.5400
0.4000	273.2850	1.5400
0.3400	273.5150	1.5400
0.3100	274.3400	1.5400
0.3100	275.2000	1.5400
0.3500	275.9000	1.5400
0.4000	277.2000	1.5400
0.5200	277.6750	1.5400
2.4000	278.1550	1.5400
5.7000	277.7350	1.5400
5.5100	274.8700	1.5400
3.5700	273.4100	1.5400
2.2700	273.1500	1.5400
1.5400	273.1500	1.5400
1.0900	273.1500	1.5400
0.8000	273.1500	1.5400
0.6100	273.2700	1.5400
0.5000	273.3450	1.5400
0.5000	273.3250	1.5400
1.2600	273.5300	1.5400
3.2900	275.1450	1.5400
5.2700	275.4950	1.5400
6.2400	274.2150	1.5400
4.8100	273.4850	1.5400
3.1100	273.1700	1.5400
2.0300	273.1750	1.5400
1.5000	273.1850	1.5500
1.2500	273.4100	1.5500
1.2300	274.7500	1.5500
1.7900	275.8250	1.5500
2.4700	273.6750	1.5500
3.2800	273.3300	1.5500
2.9300	273.3650	1.5500
4.0500	273.9850	1.5500
4.4000	274.4700	1.5500
3.3700	274.5100	1.5500
2.3600	273.3600	1.5500
1.6800	273.1500	1.5500
1.2500	273.1500	1.5500
0.9600	273.1500	1.5500
0.7700	273.1500	1.5500
0.6500	273.1500	1.5500
0.5700	273.1500	1.5500
0.5100	273.1500	1.5500
0.4600	273.1500	1.5500
0.4600	273.1600	1.5500
0.4800	273.2100	1.5500
0.5600	273.1650	1.5500
0.6600	273.2550	1.5500
0.6800	273.2650	1.5500
0.6100	273.2150	1.5500
0.5100	273.3000	1.5500
0.4300	273.2900	1.5500
0.3700	273.2400	1.5500
0.3200	273.1850	1.5500
0.2800	273.2550	1.5500
0.2600	273.3200	1.5500
0.2500	273.2050	1.5300
0.2500	273.1850	1.5300
0.2500	273.1600	1.5300
0.2400	274.4400	1.5300
0.2400	277.1500	1.5300
0.2400	277.6100	1.5300
0.2400	277.8100	1.5300
0.2400	278.2450	1.5300
0.2400	277.3750	1.5300
0.3100	277.7500	1.5300
0.8300	278.1800	1.5300
1.6700	278.3250	1.5300
2.1500	277.7850	1.5300
1.8200	276.1750	1.5300
1.3500	276.6900	1.5300
1.1000	278.6650	1.5300
1.2400	278.1700	1.5300
1.4700	278.4050	1.5300
1.3300	275.8100	1.5300
1.0900	276.1800	1.5300
0.9100	277.6150	1.5300
0.7800	277.8100	1.5300
0.7500	276.6700	1.5300
0.9500	274.0200	1.5300
1.0700	276.1650	1.5300
1.0900	275.3750	1.5300
1.5500	274.1850	1.5300
1.8400	274.2600	1.5300
2.3600	274.0400	1.5500
2.2300	274.2200	1.5500
1.7900	275.1150	1.5500
1.4300	275.5100	1.5500
1.2000	276.9500	1.5500
1.0800	279.1900	1.5500
1.0100	279.5150	1.5500
0.8700	280.7800	1.5500
0.7400	280.0200	1.5500
0.6700	281.0700	1.5500
0.6300	282.6700	1.5500
0.5800	285.2950	1.5500
0.5200	286.0450	1.5500
0.4600	283.5950	1.5500
0.4000	280.3000	1.5500
0.3600	283.2400	1.5500
0.3300	287.1650	1.5500
0.3100	286.6750	1.5500
0.2900	285.2350	1.5500
0.2800	285.7850	1.5500
0.2600	279.2600	1.5500
0.2500	279.7500	1.5500
0.2500	284.6100	1.5500
0.2500	285.9000	1.5500
0.2500	287.1550	1.5500
0.2400	281.9450	1.5500
0.2400	282.0000	1.5500
0.2900	278.1850	1.5500
0.5200	278.9050	1.5500
0.6700	282.5600	1.5500
0.6500	285.2950	1.5500
0.5500	282.8100	1.6100
0.4700	280.6250	1.6100
0.4100	278.0200	1.6100
0.3700	283.0450	1.6100
0.3400	284.6800	1.6100
0.3100	287.1200	1.6100
0.2900	290.0600	1.6100
0.2700	284.0150	1.6100
0.4200	283.8350	1.6100
1.1500	278.6200	1.6100
1.9400	278.0950	1.6100
1.7500	280.3550	1.6100
1.3600	280.4800	1.6100
1.1400	284.4550	1.6100
0.9700	283.4200	1.6100
0.9100	280.8450	1.6100
0.9400	285.8900	1.6100
1.1200	281.6900	1.6100
1.7300	278.2100	1.6100
1.7200	279.5600	1.6100
1.3600	282.4250	1.6100
1.0300	283.6950	1.6100
0.8200	283.7400	1.6100
0.8200	286.4000	1.6100
0.9400	287.5950	1.6100
0.8900	284.5200	1.6100
0.7500	287.5250	1.6100
0.6200	292.4700	1.6100
0.5400	294.0650	1.6100
0.4800	291.0900	1.6100
0.4200	291.2900	1.7500
0.3800	290.0150	1.7500
0.5300	283.4650	1.7500
1.0900	279.9600	1.7500
1.2500	281.2250	1.7500
1.0600	282.9950	1.7500
0.8300	288.6850	1.7500
0.6600	292.6300	1.7500
0.5300	294.2900	1.7500
0.4400	294.1250	1.7500
0.3900	293.7950	1.7500
0.4000	294.6250	1.7500
0.4300	290.4400	1.7500
0.4400	286.6800	1.7500
0.4200	290.6500	1.7500
0.3800	294.0600	1.7500
0.3400	296.0650	1.7500
0.3000	294.6250	1.7500
0.2700	294.3450	1.7500
0.2500	290.4250	1.7500
0.2300	283.6150	1.7500
0.2600	281.9400	1.7500
0.4200	284.7750	1.7500
0.5900	289.2050	1.7500
0.6200	291.7800	1.7500
0.5600	293.4500	1.7500
0.4900	295.8350	1.7500
0.4200	288.4850	1.7500
0.3700	287.9650	1.7500
0.3500	291.6550	1.7500
0.3300	295.3700	1.7200
0.3100	296.2850	0.3500
0.2700	297.8950	0.3500
0.2500	299.4150	0.3500
0.2200	300.7150	0.3500
0.2100	294.8350	0.3500
0.1900	286.0700	0.3500
0.2200	284.5800	0.3500
0.3100	288.1450	0.3500
0.3700	293.4250	0.3500
0.3900	292.2050	0.3500
0.8900	287.4750	0.3500
2.9100	290.9950	0.3500
2.7000	294.3050	0.3500
1.8100	293.4250	0.3500
1.2100	293.6250	0.3500
0.8500	296.3700	0.3500
0.6200	290.4950	0.3500
0.4800	290.1300	0.3500
0.3700	294.8400	0.3500
0.3100	300.4950	0.3500
0.2700	299.7400	0.3500
0.2300	299.1200	0.3500
0.2100	296.3300	0.3500
0.2000	293.3800	0.3500
0.1800	290.5900	0.3500
0.1700	290.6150	0.3500
0.1600	296.7000	0.3500
0.1600	300.4650	0.3500
0.1500	299.0900	0.3500
0.1500	296.3600	0.3500
0.1400	298.4850	0.3900
0.1300	299.7500	0.3900
0.1200	298.2100	0.3900
0.1100	300.3100	0.3900
0.1000	302.0200	0.3900
0.0900	305.5700	0.3900
0.0800	304.8400	0.3900
0.0800	301.4700	0.3900
0.0700	300.0900	0.3900
0.0700	301.1900	0.3900
0.0700	302.3850	0.3900
0.0600	304.3950	0.3900
0.0600	304.2650	0.3900
0.0600	305.6650	0.3900
0.0600	304.2900	0.3900
0.0600	303.2650	0.3900
0.0600	303.4300	0.3900
0.0600	302.8200	0.3900
0.0600	298.5500	0.3900
0.0700	298.2200	0.3900
0.0700	299.6850	0.3900
0.0700	302.2000	0.3900
0.0800	304.5900	0.3900
0.0800	303.7500	0.3900
0.0700	302.3250	0.3900
0.0700	303.4300	0.3900
0.0700	304.0150	0.3900
0.0700	303.7250	0.3900
0.0800	303.6700	0.3900
0.0800	301.7000	0.3900
0.0700	300.2850	0.3900
0.0700	300.9250	0.3900
0.0700	302.3600	0.3900
0.0600	303.1950	0.3900
0.0600	300.5400	0.3900
0.0500	298.7600	0.3900
0.0500	298.4100	0.3900
0.0400	297.2000	0.3900
0.0400	295.5100	0.3900
0.0400	298.6100	0.3900
0.0400	297.5850	0.3900
0.0400	295.7550	0.3900
0.0400	299.7500	0.3900
0.0500	298.9200	0.3900
0.0600	300.4800	0.3900
0.0600	301.3400	0.3900
0.0600	302.8750	0.3900
0.0600	299.2900	0.3900
0.0600	297.0650	0.3900
0.0500	293.7950	0.3900
0.0500	288.4600	0.3900
0.1300	292.7000	0.3900
0.4000	293.2900	0.3900
0.6600	293.5250	0.3900
0.6600	294.3850	0.3900
0.5500	298.0900	0.3900
0.4200	297.6500	0.3900
0.3200	293.8900	0.3900
0.2500	293.5900	0.3900
0.1900	297.3000	0.3900
0.1500	300.9400	0.3900
0.1100	301.9350	0.3900
0.0900	299.6750	0.3700
0.1200	301.0850	0.3700
0.2300	300.8600	0.3700
0.3200	300.7350	0.3700
0.5100	294.1350	0.3700
2.9500	293.3900	0.3700
3.3300	293.9750	0.3700
2.1600	291.9400	0.3700
1.3600	289.8350	0.3700
0.9000	290.6000	0.3700
0.6300	293.7650	0.3700
0.4500	296.1500	0.3700
0.3300	296.5950	0.3700
0.2500	297.2900	0.3700
0.2000	295.4700	0.3700
0.1500	293.8850	0.3700
0.1200	290.4550	0.3700
0.1000	289.7200	0.3700
0.0800	286.0700	0.3700
0.1200	286.9500	0.3700
0.4600	289.5500	0.3700
0.6900	291.6900	0.3700
0.7000	285.6550	0.3700
1.0900	283.5950	0.3700
1.3500	285.1750	0.3700
1.1700	287.7650	0.3700
0.8800	290.2500	0.3700
0.6400	291.5200	0.3700
0.4700	283.3950	0.3800
0.3600	281.6250	0.3700
0.2900	284.9750	0.3200
0.7000	283.2900	0.3200
1.6300	285.9200	0.3200
1.6600	283.8300	0.3200
1.2800	281.5050	0.3200
0.9500	279.4000	0.3200
0.7200	282.1000	0.3200
0.5600	286.0350	0.3200
0.4500	286.3450	0.3200
0.3700	290.0150	0.3200
0.3100	284.4150	0.3200
0.2800	286.6550	0.3200
0.2600	286.3950	0.3200
0.2700	286.6750	0.3200
0.2600	286.4700	0.3200
0.2400	287.9750	0.3200
0.2100	283.3700	0.3200
0.1900	279.4750	0.3200
0.2000	282.2000	0.3200
0.9700	282.1100	0.3200
2.5500	279.9600	0.3200
2.2700	281.7500	0.3200
1.5800	284.3650	0.3200
1.0800	285.4300	0.3200
0.7600	286.7200	0.3200
0.5500	282.4100	0.3200
0.4200	282.2600	0.3200
0.3300	282.7150	0.3200
0.2600	285.5450	0.3200
0.2200	286.6100	0.3200
0.1900	280.8850	0.3200
0.2000	281.0200	0.2900
0.2100	280.5750	0.2900
0.2200	280.4950	0.2900
0.2500	281.1950	0.2900
0.3000	282.7550	0.2900
0.3600	282.1900	0.2900
0.3600	282.2500	0.2900
0.3400	282.2150	0.2900
0.3000	282.7150	0.2900
0.2600	282.5000	0.2900
0.2100	280.2100	0.2900
0.1800	277.2750	0.2900
0.1600	281.0400	0.2900
0.1400	276.1200	0.2900
0.1400	276.3650	0.2900
0.2900	279.9200	0.2900
1.2600	281.4000	0.2900
1.8100	284.0100	0.2900
1.5100	282.7400	0.2900
1.1200	277.5550	0.2900
1.1100	274.0450	0.2900
2.5500	273.3950	0.2900
4.0000	273.3200	0.2900
4.0300	273.3850	0.2900
3.5300	273.5200	0.2900
2.7800	273.6600	0.2900
1.8800	273.9900	0.2900
1.4600	273.6550	0.2900
1.8100	273.6350	0.2900
2.8500	273.6950	0.2900
3.1000	273.2350	0.2800
2.1900	273.4250	0.2800
1.8500	276.6150	0.2800
2.0100	281.3300	0.2800
2.4600	280.1400	0.2800
2.6600	277.5100	0.2800
2.2200	277.5000	0.2800
2.2600	274.7500	0.2800
2.7000	273.2950	0.2800
2.3700	273.1500	0.2800
2.0100	273.1500	0.2800
1.9100	273.1500	0.2800
2.0100	273.1500	0.2800
2.2000	273.1500	0.2800
2.2400	273.1550	0.2800
1.9100	273.2650	0.2800
2.4900	273.6400	0.2800
4.3000	274.1350	0.2800
4.2800	274.2400	0.2800
3.5100	274.8900	0.2800
2.4900	273.5800	0.2800
1.5400	273.2150	0.2800
1.0200	273.1650	0.2800
0.9200	273.7900	0.2800
2.1300	273.2800	0.2800
3.1200	273.2000	0.2800
2.7900	273.2100	0.2800
2.3200	273.2000	0.2800
1.8900	273.4150	0.2800
1.6100	273.9400	0.2800
1.4300	273.3200	0.2800
1.2800	273.1500	0.2900
1.2100	273.1500	0.2900
1.1200	273.2500	0.2900
1.6900	274.0100	0.2900
4.5500	275.3450	0.2900
7.2800	273.9800	0.2900
4.1000	273.4300	0.2900
2.3600	273.2150	0.2900
2.3700	273.3350	0.2900
3.3700	273.3250	0.2900
3.3400	274.4100	0.2900
3.0600	274.0450	0.2900
2.3100	273.9950	0.2900
1.7000	273.5050	0.2900
1.2700	273.4000	0.2900
1.1200	273.1500	0.2900
1.1600	273.1500	0.2900
1.0100	273.1600	0.2900
0.8300	273.2200	0.2900
0.6700	273.2800	0.2900
0.5800	273.1900	0.2900
0.5400	273.1500	0.2900
0.5500	273.1500	0.2900
0.5300	273.1500	0.2900
0.4600	273.1500	0.2900
0.4900	273.1550	0.2900
0.8100	273.3150	0.2900
1.2400	273.8050	0.2900
1.4500	273.1500	0.2900
1.5200	273.1550	0.2900
1.5400	273.2500	0.2900
1.4800	273.5800	0.2800
1.3000	273.2900	0.2800
1.0600	273.3600	0.2800
0.9000	273.2350	0.2800
0.9300	273.1700	0.2800
0.9600	273.1700	0.2800
1.0400	273.3650	0.2800
1.3800	273.4800	0.2800
1.4400	273.8100	0.2800
1.2100	274.8600	0.2800
0.9600	275.8550	0.2800
0.7800	275.9100	0.2800
0.6700	275.7950	0.2800
0.7500	273.6950	0.2800
0.8800	273.8800	0.2800
1.0900	274.3200	0.2800
2.0200	275.1150	0.2800
2.5400	274.7850	0.2800
1.8500	274.2250	0.2800
1.2000	274.4850	0.2800
0.9500	274.9400	0.2800
2.2400	274.5800	0.2800
7.9600	274.4950	0.2800
11.8400	274.6500	0.2800
12.5900	276.2500	0.2800
8.5600	276.3250	0.2800
4.0400	276.6100	0.2800
2.3400	277.4300	0.2800
1.9200	280.2550	0.2900
1.9800	275.2700	0.2900
2.3600	275.3050	0.2900
4.1900	276.5400	0.2900
4.3300	274.7350	0.2900
4.1600	275.3400	0.2900
2.9100	276.9350	0.2900
1.5400	279.7300	0.2900
0.9100	278.1150	0.2900
0.6200	280.1150	0.2900
0.4600	282.5500	0.2900
0.3700	279.4750	0.2900
0.3000	278.8050	0.2900
0.2700	277.8050	0.2900
0.3000	276.8750	0.2900
0.4300	276.0500	0.2900
0.5600	275.7750	0.2900
0.6300	277.3700	0.2900
0.6500	279.6500	0.2900
0.7300	279.2000	0.2900
1.0900	277.3300	0.2900
1.2700	275.6350	0.2900
1.0800	277.5050	0.2900
0.8300	282.6750	0.2900
0.6200	279.7700	0.2900
0.4900	279.3050	0.2900
0.3900	276.0700	0.2900
0.3700	273.6000	0.2900
0.4500	273.6300	0.2900
0.8800	273.9150	0.2900
1.6300	274.0800	0.2900
1.7400	274.7900	0.3000
1.4700	276.6950	0.3000
1.1500	277.8700	0.3000
0.8600	280.7000	0.3000
0.6500	278.0750	0.3000
0.5100	278.6300	0.3000
0.4200	278.4900	0.3000
0.3700	277.9250	0.3000
0.3300	278.9400	0.3000
0.4100	277.4850	0.3000
0.6800	278.0300	0.3000
0.8600	283.8400	0.3000
0.8100	287.2250	0.3000
0.6800	289.5950	0.3000
0.5500	280.6450	0.3000
0.4400	276.5950	0.3000
0.3800	279.7800	0.3000
0.3300	284.4350	0.3000
0.3000	280.5900	0.3000
0.2700	276.4400	0.3000
0.2500	274.4300	0.3000
0.2400	278.0900	0.3000
0.2300	282.5950	0.3000
0.2800	279.6850	0.3000
0.6300	279.5350	0.3000
0.9600	280.3000	0.3000
0.9200	283.4600	0.3000
0.7600	288.6650	0.3000
0.6000	289.0500	0.3000
0.4800	280.2800	0.3000
0.4000	277.4500	0.3200
0.3800	281.0250	0.3200
0.3700	285.3700	0.3200
0.3500	287.0100	0.3200
0.3100	288.3850	0.3200
0.2800	289.9150	0.3200
0.2400	287.0550	0.3200
0.2200	283.5600	0.3200
0.1900	283.3650	0.3200
0.1700	284.3600	0.3200
0.1600	287.8900	0.3200
0.1500	281.4950	0.3200
0.1400	284.4900	0.3200
0.1300	287.4450	0.3200
0.1300	288.6600	0.3200
0.1200	294.2250	0.3200
0.1200	297.7200	0.3200
0.1200	299.7050	0.3200
0.1200	297.1050	0.3200
0.1200	298.1750	0.3200
0.1100	285.9200	0.3200
0.1100	282.1700	0.3200
0.1100	284.1650	0.3200
0.1400	286.1550	0.3200
0.4100	290.4800	0.3200
0.8900	290.2900	0.3200
1.5100	288.2550	0.3200
2.7900	287.7000	0.3200
4.5400	288.7650	0.3200
5.2100	286.5900	0.3200
4.9700	287.5450	0.3500
3.5700	291.4800	1.5700
2.5200	290.1400	1.5700
1.9900	288.1750	1.5700
1.7200	284.2700	1.5700
1.8100	285.2450	1.5700
1.6300	285.6700	1.5700
1.2400	283.1700	1.5700
0.9200	284.7400	1.5700
0.6900	289.5550	1.5700
0.5300	286.8100	1.5700
0.4200	282.4550	1.5700
0.3300	285.6700	1.5700
0.2800	290.8550	1.5700
0.2500	293.3550	1.5700
0.2200	293.3650	1.5700
0.2000	294.1000	1.5700
0.1900	296.5800	1.5700
0.1700	293.1900	1.5700
0.1500	293.0700	1.5700
0.1400	296.0300	1.5700
0.1300	300.3450	1.5700
0.1200	298.1750	1.5700
0.1100	294.9750	1.5700
0.1100	295.1400	1.5700
0.1300	295.3900	1.5700
0.1400	295.8950	1.5700
0.1500	294.6000	1.5700
0.1400	298.4650	1.5700
0.1300	301.3700	1.5700
0.1200	304.3750	1.5700
0.1100	303.4600	1.7400
0.1100	300.4700	1.7400
0.1200	301.2850	1.7400
0.1400	302.6400	1.7400
0.1700	298.3450	1.7400
0.1700	297.4200	1.7400
0.1600	296.5800	1.7400
0.1400	297.2000	1.7400
0.1200	298.2300	1.7400
0.1000	300.1800	1.7400
0.0900	295.6000	1.7400
0.0700	294.8250	1.7400
0.0600	297.9500	1.7400
0.0600	299.0350	1.7400
0.0500	300.8700	1.7400
0.0500	300.2450	1.7400
0.0400	298.0250	1.7400
0.0400	298.0200	1.7400
0.0400	295.4600	1.7400
0.0400	299.7650	1.7400
0.0400	303.3100	1.7400
0.0300	301.4200	1.7400
0.0900	294.1200	1.7800
0.9300	295.4550	1.7600
1.5800	298.1700	1.7400
1.2900	300.0250	1.7400
0.9200	298.9350	1.7400
0.6500	297.5050	1.7400
0.4600	299.7500	1.7400
0.3400	296.4700	1.7400
0.2600	297.1150	1.7400
0.2000	299.7350	1.7400
0.1500	297.3650	1.7400
0.1200	296.7100	1.7400
0.1000	297.9850	1.7400
0.0800	300.2100	1.7400
0.0700	303.0800	1.7400
0.0600	302.6650	1.7400
0.0500	303.6200	1.7400
0.1200	300.8650	1.7600
0.4100	296.3450	1.7500
0.6600	293.8200	1.7400
0.6300	296.4300	1.7400
0.5100	298.5150	1.7400
0.4000	299.3550	1.7400
0.3000	300.4400	1.7400
0.2300	301.4000	1.7400
0.1800	302.4600	1.7400
0.1400	302.3700	1.7400
0.1100	299.7550	1.7500
0.0900	295.8200	1.7600
0.0800	295.0850	1.8000
0.0700	290.8050	1.7700
0.0600	294.4150	1.7400
0.0500	299.1750	1.7400
0.0500	300.2150	1.7400
0.0400	291.7750	1.7400
0.0400	291.4200	1.7400
0.0400	292.2950	1.7400
0.0300	296.1050	1.7400
0.0300	298.1900	1.7400
0.0300	291.2900	1.7400
0.0300	286.4000	1.6400
0.0300	287.3400	1.6400
0.0300	290.2050	1.6400
0.0300	291.4200	1.6400
0.0300	290.4550	1.6400
0.0300	292.5900	1.6400
0.0300	293.2900	1.6400
0.0300	291.9950	1.6400
0.0300	294.4900	1.6400
0.0300	293.1800	1.6400
0.0300	290.0400	1.6400
0.0300	292.2800	1.6400
0.0300	293.5050	1.6400
0.0200	293.7750	1.6400
0.0200	295.3450	1.6400
0.0200	296.4300	1.6400
0.0200	295.9000	1.6400
0.0200	297.3700	1.6400
0.0200	297.8800	1.6400
0.0200	295.1650	1.6500
0.3400	284.9950	1.7000
2.7300	286.6650	1.7000
3.0400	284.6800	1.7000
2.0500	287.8650	1.7000
1.3400	293.2350	1.6900
0.9200	290.1100	1.6400
0.6700	292.2100	1.6400
0.5200	292.5950	1.6400
0.4000	292.0050	1.6400
0.3100	293.7950	1.6400
0.2500	295.3600	1.4300
0.2000	295.4600	1.4300
0.1700	291.2000	1.4300
0.1900	286.9700	1.4300
0.9100	286.0750	1.4300
2.0800	285.0000	1.4300
1.8800	288.2300	1.4300
1.3500	284.1850	1.4300
0.9700	279.5050	1.4300
0.7200	277.6350	1.4300
0.5500	277.2650	1.4300
0.4500	276.8600	1.4300
0.3800	279.1950	1.4300
0.3400	283.2300	1.4300
0.2800	284.0600	1.4300
0.2500	283.7400	1.4300
0.2100	285.6750	1.4300
0.1800	289.1550	1.4300
0.1600	288.9950	1.4300
0.1400	287.7900	1.4300
0.1300	283.4050	1.4300
0.1100	279.7150	1.4300
0.1000	280.9850	1.4300
0.0900	283.0250	1.4300
0.0900	284.9600	1.4300
0.0800	284.7500	1.4300
0.0700	284.1350	1.4300
0.0700	286.2000	1.4300
0.0700	287.4100	1.4300
0.0600	287.2000	1.4300
0.0600	288.7250	1.4300
0.0600	287.4400	1.3100
0.0600	284.0950	1.3100
0.0600	284.0850	1.3100
0.1600	281.4700	1.3100
0.6100	277.5250	1.3100
1.1100	277.4550	1.3100
1.1200	279.4950	1.3100
0.9600	281.9800	1.3100
0.8300	282.9050	1.3100
1.0400	280.1950	1.3100
1.4300	279.1100	1.3100
1.7000	280.9150	1.3100
3.1000	283.9850	1.3100
2.9900	278.9150	1.3100
2.1500	277.9650	1.3100
1.4900	278.0000	1.3100
1.0500	278.9650	1.3100
0.7700	279.7150	1.3100
0.5700	280.2300	1.3100
0.4400	279.1150	1.3100
0.3500	278.4250	1.3100
0.2900	276.2050	1.3100
0.2600	276.8300	1.3100
0.2400	274.9200	1.3100
0.2200	274.8050	1.3100
0.2100	275.4600	1.3100
0.1900	275.3250	1.3100
0.1800	275.6400	1.3100
0.1600	279.2150	1.3100
0.1500	281.0200	1.3100
0.1400	279.7650	1.2800
0.1300	279.9250	1.2800
0.1300	279.1400	1.2800
0.2500	276.5350	1.2800
0.4400	274.6650	1.2800
0.5000	274.9050	1.2800
0.4600	275.2500	1.2800
0.3900	276.5600	1.2800
0.3300	274.2200	1.2800
0.2900	274.7000	1.2800
0.2500	275.8450	1.2800
0.2400	274.9000	1.2800
0.2400	274.7650	1.2800
0.2800	273.2900	1.2800
0.5300	273.1850	1.2800
1.2400	273.1500	1.2800
1.7700	273.1500	1.2800
1.7500	273.1500	1.2800
1.4400	273.1500	1.2800
1.1000	273.1500	1.2800
0.8700	273.1500	1.2800
0.8600	273.1500	1.2800
0.8400	273.1600	1.2800
0.6800	273.1500	1.2800
0.5300	273.1500	1.2800
0.4300	273.1500	1.2800
0.3400	273.1500	1.2800
0.2800	273.6700	1.2800
0.3100	274.9950	1.2800
4.1500	275.1300	1.2800
9.1200	274.3500	1.2800
5.2200	274.4800	1.2900
3.9500	277.3100	1.2900
6.7300	274.9250	1.2900
5.9000	273.7600	1.2900
3.3400	273.2250	1.2900
1.9700	273.2200	1.2900
2.2600	274.8800	1.2900
9.3500	275.5300	1.2900
10.7300	274.6700	1.2900
6.2100	273.9500	1.2900
3.3700	274.4850	1.2900
1.9500	276.2300	1.2900
1.2300	276.1850	1.2900
0.8500	275.3250	1.2900
0.6200	274.3450	1.2900
0.4800	273.6350	1.2900
0.3800	273.2750	1.2900
0.3100	273.1950	1.2900
0.2600	273.1500	1.2900
0.2200	273.1500	1.2900
0.1900	273.1500	1.2900
0.1700	273.1550	1.2900
0.1500	273.3450	1.2900
0.1300	273.4750	1.2900
0.1300	273.3500	1.2900
0.2800	273.2350	1.2900
0.6500	273.1500	1.2900
0.7500	273.2050	1.2900
0.6600	273.2700	1.2900
0.5900	273.3450	1.2900
0.5400	273.5750	1.2900
0.4700	273.4300	1.2800
0.4300	273.6400	1.2800
0.8600	273.9650	1.2800
5.2100	273.5350	1.2800
10.4800	273.5050	1.2800
13.5100	273.7650	1.2800
11.1900	274.2200	1.2800
6.8600	274.2350	1.2800
4.3400	274.1900	1.2800
3.0400	273.6050	1.2800
1.9600	273.3300	1.2800
1.3300	273.2450	1.2800
1.5300	273.2100	1.2800
1.4700	273.3100	1.2800
1.1300	273.5350	1.2800
0.9000	273.8650	1.2800
0.8000	274.2850	1.2800
0.7500	275.3800	1.2800
0.7500	275.8050	1.2800
0.9100	275.6950	1.2800
1.1500	276.0800	1.2800
1.8000	275.9900	1.2800
3.9900	278.4650	1.2800
6.0400	280.6750	1.2800
6.8500	279.1950	1.2800
6.4600	278.2200	1.2800
4.9200	274.8450	1.2800
3.4000	273.9650	1.2800
2.0800	275.5350	1.2900
1.4000	279.6500	1.2900
1.9500	279.9950	1.2900
5.0800	279.1850	1.2900
6.4800	276.6400	1.2900
5.0700	275.5750	1.2900
3.6400	273.9950	1.2900
2.9300	274.8800	1.2900
2.3500	273.5150	1.2900
1.6400	273.3900	1.2900
1.1300	273.7400	1.2900
1.0100	274.5850	1.2900
3.0500	275.0100	1.2900
5.4200	275.8900	1.2900
4.4300	278.7750	1.2900
2.4800	281.9850	1.2900
1.4000	281.9550	1.2900
1.1400	280.4100	1.2900
1.0700	281.1800	1.2900
0.9000	284.5500	1.2900
0.7000	285.8900	1.2900
0.5500	283.7350	1.2900
0.5200	277.3550	1.2900
0.6800	277.8300	1.2900
0.7900	278.6350	1.2900
0.7200	276.6600	1.2900
0.6300	277.5300	1.2900
0.5300	281.5950	1.2900
0.4600	279.0650	1.2900
0.4800	274.8850	1.2900
0.6500	277.0350	1.2900
0.7500	276.5450	1.3400
0.6900	278.8900	1.3400
0.6200	277.6450	1.3400
0.6300	275.7300	1.3400
0.6700	279.8500	1.3400
0.6500	281.3750	1.3400
0.5700	284.8450	1.3400
0.4700	287.3650	1.3400
0.3900	282.9600	1.3400
0.3400	282.7300	1.3400
0.3500	283.2700	1.3400
0.6000	283.4450	1.3400
1.0400	285.0750	1.3400
1.1000	280.1650	1.3400
1.0000	277.5750	1.3400
0.9400	279.8500	1.3400
0.8700	283.0300	1.3400
0.7400	284.3550	1.3400
0.6000	287.1400	1.3400
0.4800	286.8700	1.3400
0.3900	292.1700	1.3400
0.3100	293.1600	1.3400
0.2600	288.4100	1.3400
0.2200	279.6400	1.3400
0.1900	279.6950	1.3400
0.1700	280.2800	1.3400
0.1500	279.4250	1.3400
0.1400	281.5050	1.3400
0.1500	280.9400	1.3400
0.3000	280.8800	1.3400
0.6100	280.9300	1.4600
0.8100	283.8800	1.4600
1.6700	285.6800	1.4600
3.6400	283.5550	1.4600
4.3700	284.1800	1.4600
4.8200	284.9100	1.4600
3.8900	284.1200	1.4600
3.1300	280.9450	1.4600
2.3300	283.4700	1.4600
1.6100	286.5900	1.4600
1.1100	288.7900	1.4600
0.7900	285.3450	1.4600
0.5800	279.3200	1.4600
0.4600	286.3150	1.4600
0.3800	285.9950	1.4600
0.3300	288.5350	1.4600
0.2900	293.7600	1.4600
0.2700	297.4450	1.4600
0.2400	296.3400	1.4600
0.2200	287.3450	1.4600
0.2000	286.6500	1.4600
0.1800	291.4050	1.4600
0.1600	294.6550	1.4600
0.1500	294.1600	1.4600
0.1400	292.8600	1.4600
0.1400	293.1700	1.4600
0.1600	293.5700	1.4600
0.1700	295.9250	1.4600
0.1700	298.7600	1.4600
0.1700	298.2800	1.4600
0.1600	297.7300	1.4500
0.3000	295.2600	1.0200
1.5500	293.5100	1.0200
2.1000	291.3050	1.0200
1.7700	294.7400	1.0200
1.5400	294.6650	1.0200
2.1100	289.6550	1.0200
6.5200	291.3350	1.0200
6.6300	289.4300	1.0200
3.9800	290.3950	1.0200
2.4400	291.7050	1.0200
1.7700	290.9200	1.0200
1.6100	290.0200	1.0200
1.5400	290.0800	1.0200
1.5300	289.9100	1.0200
1.8500	288.6100	1.0200
2.2200	291.7600	1.0200
2.2200	294.6750	1.0200
2.1800	291.8150	1.0200
2.1100	292.2250	1.0200
1.6800	289.2750	1.0200
1.3800	289.6900	1.0200
2.3300	285.1050	1.0200
3.3500	288.5600	1.0200
2.4500	294.0250	1.0200
1.6000	298.0000	1.0200
1.0600	294.0550	1.0200
0.7400	292.1700	1.0200
0.5400	295.8300	1.0200
0.4000	298.4650	1.0200
0.3100	298.1950	1.0200
0.2500	296.5300	1.1700
0.2000	297.4800	1.1700
0.1700	299.4100	1.1700
0.1500	299.1750	1.1700
0.1300	299.4650	1.1700
0.1300	298.6200	1.1700
0.1400	292.6300	1.1700
0.1500	292.5950	1.1700
0.1500	292.2600	1.1700
0.1500	294.3800	1.1700
0.1400	297.8500	1.1700
0.1200	300.4000	1.1700
0.1100	294.8950	1.1700
0.1100	292.7750	1.1700
0.1300	297.1150	1.1700
0.1600	300.4650	1.1700
0.1700	301.3800	1.1700
0.1600	301.9100	1.1700
0.1500	302.3900	1.1700
0.1300	298.6750	1.1700
0.1200	299.8950	1.1500
0.1000	302.3300	1.1300
0.0900	303.6150	1.1300
0.0800	300.0550	1.1300
0.0700	300.3450	1.1300
0.0600	300.8450	1.1300
0.0500	298.7250	1.1300
0.0500	299.4000	1.1300
0.0500	300.6100	1.1300
0.0400	301.0950	1.1600
0.0500	301.3000	1.1300
0.0700	302.1300	1.1400
0.1200	303.6600	1.1400
0.1500	303.3750	1.1400
0.2600	302.2500	1.1400
0.6500	302.9550	1.1400
0.8500	299.8450	1.1400
1.4000	290.9650	1.1700
5.5600	288.2700	1.1700
5.9900	291.0750	1.1700
3.8800	295.2900	1.1700
2.4400	299.7950	1.1700
1.5500	300.7700	1.1700
1.0200	297.0050	1.1700
0.7000	292.1550	1.1700
0.5100	288.8850	1.1700
0.4000	291.1850	1.1500
0.3300	293.0300	1.1400
0.2700	294.9850	1.1400
0.2300	298.4600	1.1400
0.1900	301.2150	1.1400
0.1500	302.9800	1.1400
0.1300	299.4800	1.1400
0.1000	299.1750	1.1400
0.0900	295.8300	1.1400
0.0700	297.9100	1.1400
0.0600	299.2650	1.1400
0.0600	301.1050	1.1400
0.0500	302.4750	1.1400
0.0400	300.2650	1.1400
0.0400	295.4550	1.1600
0.2000	295.4600	1.1700
0.5000	297.6100	1.1100
0.5500	299.6900	1.1100
0.4700	299.8100	1.1100
0.3800	297.9500	1.1100
0.2900	299.6050	1.0800
0.2300	296.8300	1.1000
0.1800	290.8250	1.1100
0.1500	288.7100	1.1100
0.1200	291.7050	1.1100
0.1000	296.1650	1.1100
0.0900	296.5550	1.0800
0.0800	298.7350	1.0700
0.0700	299.5050	1.0700
0.0600	297.9400	1.0700
0.0500	294.9650	1.0700
0.0400	297.1100	1.0700
0.0400	297.5600	1.0700
0.0400	294.4300	1.0700
0.0400	297.1400	1.0700
0.0300	291.8850	1.0700
0.0300	287.3950	1.0700
0.0300	291.2100	1.0700
0.0300	295.5950	1.0700
0.0300	298.0200	1.0700
0.0300	297.5300	1.0700
0.0300	296.4550	1.0700
0.0300	293.1300	1.0700
0.0200	292.2050	1.0700
0.0200	293.4900	1.0700
0.0200	283.2400	1.0700
0.0200	281.0650	0.9300
0.0200	283.3550	0.9300
0.0200	283.0150	0.9300
0.0300	279.1350	0.9300
0.0600	281.2100	0.9300
0.2100	280.1000	0.9300
0.6000	282.2900	0.9300
0.8100	282.6100	0.9300
0.7200	282.3250	0.9300
0.5900	279.6100	0.9300
0.4500	279.8300	0.9300
0.3600	279.0250	0.9300
0.2800	282.8550	0.9300
0.3100	282.5800	0.9300
1.5400	284.4650	0.9300
2.8800	286.3300	0.9300
2.6200	287.4650	0.9300
1.8200	290.0950	0.9300
1.2400	288.2650	0.9300
0.9700	283.0550	0.9300
0.9400	282.8650	0.9300
0.9100	284.2850	0.9300
0.7800	284.4700	0.9300
0.6500	282.2900	0.9300
0.5900	279.5600	0.9300
0.6300	281.6650	0.9300
0.6200	280.5650	0.9300
0.5900	275.4150	0.9300
0.5600	275.7650	0.9300
0.5100	279.1400	0.9300
0.4700	282.5850	0.9300
0.4800	284.0600	0.8500
0.5200	279.7800	0.8500
0.5300	280.2600	0.8500
0.4900	279.3100	0.8500
0.4300	281.0850	0.8500
0.3600	285.1100	0.8500
0.3000	281.3700	0.8500
0.2600	279.3450	0.8500
0.2400	277.8150	0.8500
0.2300	280.1650	0.8500
0.2100	280.6000	0.8500
0.2100	279.4650	0.8500
0.2500	274.8350	0.8500
0.4000	274.7900	0.8500
0.6100	274.1800	0.8500
0.9600	274.2050	0.8500
1.0900	275.4750	0.8500
0.9100	278.3550	0.8500
0.7100	275.2800	0.8500
0.6100	276.2600	0.8500
0.5600	278.0100	0.8500
0.5300	274.8000	0.8500
0.6600	274.6050	0.8500
1.6300	274.8500	0.8500
1.9700	275.0250	0.8500
1.5200	274.4700	0.8500
1.0700	275.2300	0.8500
1.3000	275.7000	0.8500
2.6300	274.7200	0.8500
2.3900	274.6850	0.8500
1.6500	274.4950	0.8400
1.1200	274.1250	0.8400
0.8100	273.2600	0.8400
0.6000	273.1500	0.8400
0.4600	273.1500	0.8400
0.3700	273.1500	0.8400
0.3100	273.1500	0.8400
0.2800	273.1500	0.8400
0.2600	273.1500	0.8400
0.2400	273.1500	0.8400
0.2100	273.1500	0.8400
0.1800	273.1500	0.8400
0.1600	273.1500	0.8400
0.1900	273.1500	0.8400
0.4700	273.2050	0.8400
2.4700	274.2500	0.8400
4.3500	275.5250	0.8400
4.0400	275.0850	0.8400
3.3800	274.2650	0.8400
2.5000	274.2450	0.8400
2.0300	275.8550	0.8400
2.1300	275.5600	0.8400
2.9700	273.3950	0.8400
2.2800	273.1500	0.8400
1.4700	273.1500	0.8400
0.9800	273.1500	0.8400
0.6900	273.1500	0.8400
0.5100	273.1500	0.8400
0.3900	273.1500	0.8400
0.3300	273.1500	0.8400
0.3300	273.1700	0.8400
0.8100	273.5050	0.8400
1.7700	274.2700	0.8400
2.3000	273.5150	0.8400
2.0800	273.2400	0.8400
1.8300	273.4450	0.8400
1.6900	274.7050	0.8400
1.9700	273.4650	0.8400
2.9400	273.1500	0.8400
2.3500	273.1500	0.8400
1.5100	273.1650	0.8400
0.9900	273.3250	0.8400
0.6900	274.0200	0.8400
0.5500	274.7200	0.8400
1.7300	274.7600	0.8400
2.7600	274.5450	0.8400
2.0300	275.3800	0.8400
1.3400	275.7300	0.8400
1.1800	276.4300	0.8400
1.9900	276.7600	0.8400
2.4500	276.2500	0.8400
2.3700	276.1250	0.8400
2.3700	275.2750	0.8400
2.6000	275.5100	0.8400
3.6900	274.6950	0.8400
3.4300	274.5350	0.8400
2.9900	275.2450	0.8400
3.8800	275.3800	0.8400
4.0300	274.5200	0.8400
2.7500	274.7350	0.8400
3.0300	274.6000	0.8400
3.9300	274.1700	0.8400
3.5800	273.8600	0.8300
2.3800	274.3650	0.8300
2.0900	274.5750	0.8300
3.1900	275.0650	0.8300
5.0300	275.2700	0.8300
9.3500	275.4400	0.8300
7.6700	275.1950	0.8300
6.2500	274.8750	0.8300
4.6500	274.4150	0.8300
2.8200	274.2450	0.8300
1.5300	275.0300	0.8300
1.0100	276.4050	0.8300
1.4200	279.0850	0.8300
1.4200	278.7150	0.8300
1.8200	279.2250	0.8300
2.8900	278.0700	0.8300
3.0800	277.9850	0.8300
2.9500	277.2350	0.8300
2.7700	276.4850	0.8300
2.7700	275.2300	0.8300
2.2100	273.9500	0.8300
3.1000	273.9800	0.8300
4.0300	274.6850	0.8300
4.3800	275.8000	0.8300
3.2900	277.0350	0.8300
2.9100	277.1650	0.8300
2.5100	279.1550	0.8300
4.4200	279.1050	0.8300
4.9200	278.3700	0.8400
3.8700	278.6200	0.8400
5.7800	279.7250	0.8400
14.3500	278.8600	0.8400
11.4300	278.1850	0.8400
9.5700	277.9200	0.8400
10.4300	278.5300	0.8400
11.7400	279.3600	0.8400
14.5500	277.6000	0.8400
13.3600	275.3450	0.8400
12.8800	274.4650	5.0000
9.5700	275.4600	10.8600
6.4100	276.8650	7.0200
4.7300	275.3400	5.4000
2.9400	277.7150	3.4900
2.6700	280.2600	2.7400
3.3300	283.8850	3.0300
3.7100	279.9150	3.6600
3.4500	278.1950	3.5400
3.4700	279.4100	3.4400
4.4500	281.1550	3.9800
6.2400	281.0000	5.6500
4.9700	278.4750	5.7000
2.6300	279.5550	3.4300
1.3800	280.8550	1.9000
0.8700	279.3750	1.1700
0.6700	277.6400	0.8600
0.5800	280.3700	0.8400
0.5200	285.4100	0.8400
0.4600	283.1200	0.8400
0.6200	277.2750	0.8400
1.1200	277.2850	0.8700
1.2700	276.8700	0.8700
1.9100	276.9100	0.8700
3.6400	276.1800	2.9500
2.8800	278.6250	3.2400
2.0100	278.6850	2.4000
1.4900	278.6650	1.7700
1.1200	280.3800	1.3400
0.8700	276.1000	1.0400
0.7000	276.8650	0.8800
0.5700	282.8500	0.8700
0.4800	284.4950	0.8700
0.4100	281.9150	0.8700
0.3700	282.9350	0.8700
0.3700	284.2900	0.8700
0.3900	286.8350	0.8700
0.4000	288.6600	0.8700
0.3800	288.0300	0.8700
0.3500	289.4150	0.8700
0.3200	292.0250	0.8700
0.3100	289.4900	0.8700
0.5200	284.3050	0.8700
1.0700	282.7650	0.8700
1.2400	284.2000	0.8700
1.0400	281.8050	0.8700
0.8100	283.6300	0.8700
0.6300	288.5450	0.8700
0.5900	282.6450	0.8700
1.0700	279.1250	0.8700
1.4400	279.3750	0.8800
1.3000	280.0050	0.9500
1.0200	279.9900	0.9500
0.7900	284.3950	0.9500
0.6300	279.8200	0.9500
0.5200	278.7700	0.9500
0.4500	277.4450	0.9500
0.4700	279.6200	0.9500
0.5300	283.4200	0.9500
0.5300	285.0650	0.9500
0.4800	284.8650	0.9500
0.4300	283.5450	0.9500
0.5000	285.3050	0.9500
0.7500	285.9250	0.9500
0.8300	288.7750	0.9500
0.7400	291.2050	0.9500
0.6000	291.8100	0.9500
0.5000	293.6650	0.9500
0.4200	289.3650	0.9500
0.5100	287.3500	0.9500
1.0900	286.6750	0.9500
1.4300	283.1800	0.9500
1.3600	281.9550	0.9500
1.2800	281.1800	0.9500
1.3100	282.6400	0.9500
1.2100	284.1000	0.9500
1.0800	286.9950	0.9500
0.9600	285.6300	0.9500
1.2400	285.2150	0.9500
2.2100	284.0150	0.9500
2.4100	285.5100	0.9500
1.8200	289.9100	0.9700
1.3200	285.4050	1.8600
1.5100	287.0000	1.8600
1.9800	287.1800	1.8600
2.3300	286.9900	1.8600
5.0600	289.0400	1.8600
6.2400	290.0050	3.7100
3.6700	291.2700	4.5100
2.2700	290.5700	2.8100
1.5500	293.2050	1.9700
1.1300	288.6300	1.8600
0.9200	285.4300	1.8600
0.8400	288.0450	1.8600
0.7500	291.1800	1.8600
0.6400	293.9050	1.8600
0.5300	292.4000	1.8600
0.4400	287.4300	1.8600
0.3800	283.6950	1.8600
0.3600	287.0900	1.8600
0.3700	292.1800	1.8600
0.3800	292.1950	1.8600
0.3900	287.7050	1.8600
0.7300	290.8400	1.8600
1.0800	293.8300	1.8600
1.0100	296.7350	1.8600
0.8100	297.1450	1.8600
0.8100	294.2700	1.8600
1.6600	295.4200	1.8600
1.8800	298.0150	1.8600
1.4400	301.1750	1.8600
1.3100	296.2950	1.8700
1.4100	294.8300	2.0700
1.2500	293.0900	2.1000
0.9800	286.6450	2.1300
0.8100	289.9750	2.1300
0.7700	292.0650	2.0700
0.7100	291.4650	2.0700
0.6100	293.9250	2.0700
0.4900	296.1200	2.0700
0.4000	298.9350	2.0700
0.3200	300.8650	2.0700
0.2600	300.1750	2.0700
0.2200	298.6500	2.0700
0.1900	293.9550	2.0700
0.1600	291.0150	2.0700
0.1500	296.0400	2.0700
0.1300	301.5550	2.0700
0.1200	300.6700	2.0700
0.1100	300.0000	2.0700
0.1000	296.5000	2.0700
0.1000	294.9950	2.0700
0.0900	297.7150	2.0700
0.0900	297.1450	2.0700
0.0900	296.3050	2.0700
0.0800	296.8450	2.0700
0.0800	301.4100	2.0700
0.0800	303.4800	2.0700
0.0800	301.4700	2.0700
0.1600	300.5650	2.0700
0.5300	301.0500	2.0700
0.7500	301.1200	2.0800
0.6800	301.3200	2.1300
0.5400	296.8000	2.1300
0.4300	297.4750	2.0700
0.3300	299.5050	2.0700
0.2600	300.4050	2.0700
0.2100	301.2050	2.0700
0.1800	301.6050	2.0700
0.2800	298.7200	2.0700
1.2200	297.5200	2.0700
1.7900	297.6100	2.0700
1.4700	297.2500	2.0700
1.1900	295.7300	2.0700
1.4400	292.5700	2.0700
2.6300	295.1350	2.0700
2.4200	295.5750	2.0700
1.6600	297.1400	2.0700
1.1100	298.5500	2.0700
0.7700	299.5500	2.0700
0.5600	300.0350	2.0700
0.4100	297.9500	2.0700
0.3300	297.3850	2.0700
0.3000	299.4850	2.0700
0.2800	296.3450	2.0700
0.2500	289.3450	2.0700
0.2200	292.3550	2.0700
0.1900	297.4950	2.0700
0.1700	301.6250	2.0700
0.1400	295.3700	2.0700
0.1200	290.9900	2.0700
0.1100	289.0550	2.0700
0.1000	288.1850	2.0700
0.1000	288.4900	2.0700
0.1000	291.0050	1.9900
0.1000	291.6250	1.9800
0.1000	294.2700	1.9500
0.1000	298.8450	1.9500
0.0900	291.3900	1.9500
0.0900	285.5900	1.9500
0.0800	288.4750	1.9500
0.0800	292.0200	1.9500
0.0800	286.4200	2.0100
0.0900	285.6300	2.0200
0.1600	288.3750	2.0200
0.2500	293.2000	1.9800
0.2900	295.4500	1.9500
0.2800	294.0700	1.9500
0.2500	294.5000	1.9500
0.2100	295.2250	1.9500
0.1900	294.6000	1.9500
0.1600	296.6400	1.9800
0.1400	295.1000	2.0200
0.1300	290.0400	2.0200
0.1200	289.0650	2.0200
0.1300	290.4300	2.0200
0.1500	289.5150	2.0200
0.1600	291.1750	2.0200
0.1600	293.7550	1.9700
0.1500	296.0350	1.9500
0.1400	296.4050	1.9500
0.1200	297.9000	1.9500
0.1100	296.5250	1.9500
0.0900	295.8400	1.9500
0.0900	296.9750	1.7000
0.0800	297.8850	1.7000
0.0800	298.2250	1.7000
0.0800	288.3750	1.7000
0.1200	285.5650	1.7000
0.3600	287.4650	1.7000
0.7100	288.2150	1.7000
0.8400	286.7050	1.7000
1.0700	287.1950	1.7000
1.3200	289.8800	1.7000
1.1700	288.1600	1.7000
0.9800	283.0250	1.7000
0.9100	284.4850	1.7000
0.8200	286.7400	1.7000
0.6900	289.9200	1.7000
0.5500	286.7200	1.7000
0.4400	288.5200	1.7000
0.3600	286.0250	1.7000
0.2900	285.3900	1.7000
0.2400	286.6450	1.7000
0.2000	287.4950	1.7000
0.1800	287.7100	1.7000
0.1600	285.1250	1.7000
0.1500	283.5550	1.7000
1.6500	281.6650	1.7000
4.6600	280.2200	1.7000
3.4000	278.1750	1.7000
2.1500	279.9350	1.7000
1.4200	281.9800	1.7000
0.9800	283.4400	1.7000
0.7200	284.0350	1.7000
0.5400	283.9450	1.5500
0.4700	285.8850	1.5500
0.4600	285.8700	1.5500
0.4500	284.9950	1.5500
0.4100	284.5550	1.5500
0.3600	286.7000	1.5500
0.3200	285.2900	1.5500
0.4800	279.9650	1.5500
1.3200	277.0600	1.5500
1.4900	278.6250	1.5500
1.4900	276.7900	1.5500
1.6800	278.2550	1.5500
1.5300	276.6300	1.5500
1.2100	278.0400	1.5500
0.9100	280.0850	1.5500
0.7100	281.3300	1.5500
0.5900	277.9200	1.5500
0.5500	280.8350	1.5500
0.5600	278.5050	1.5500
0.5800	277.2900	1.5500
0.5700	274.8600	1.5500
0.9600	273.7050	1.5500
2.4800	273.5400	1.5500
2.7900	273.1500	1.5500
2.0700	273.1500	1.5500
1.4100	273.1500	1.5500
1.1700	273.1600	1.5500
1.8100	273.2150	1.5500
3.9300	273.1800	1.5500
3.8600	273.1900	1.5500
3.2100	273.1750	1.5200
2.8300	273.2950	1.5200
2.6100	273.6850	1.5200
2.8500	273.1900	1.5200
2.2200	273.1750	1.5200
1.5200	273.2400	1.5200
1.0800	273.7500	1.5200
0.8800	273.9050	1.5200
0.8100	275.1850	1.5200
0.8000	275.3150	1.5200
0.8400	274.4000	1.5200
1.0300	274.8700	1.5200
1.6800	276.2450	1.5200
2.5800	276.2000	1.5200
3.8000	274.5950	1.5200
4.1000	273.5500	1.5200
2.7600	273.1500	1.5200
1.7300	273.1500	1.5200
1.1400	273.1950	1.5200
0.9200	273.2800	1.5200
0.8200	273.2450	1.5200
0.6000	273.2050	1.5200
0.4600	273.2000	1.5200
0.6100	273.2300	1.5200
1.0100	273.3750	1.5200
1.3700	274.3200	1.5200
1.5200	274.7700	1.5200
1.6700	274.3500	1.5200
2.3200	273.9250	1.5200
2.7700	273.1600	1.5200
