1.2000	273.1750	1.3300
1.1400	273.1850	1.0600
1.0500	273.1800	1.0600
0.7400	274.0600	1.0600
0.6200	275.4100	1.0600
0.7100	276.0750	1.0600
2.5500	274.6800	1.0600
2.6000	273.2000	1.0600
1.3900	273.3550	1.0600
0.8700	273.8150	1.0600
1.1500	273.7200	1.0600
1.2300	273.3500	1.0600
0.7100	273.1500	1.0600
0.4500	273.1500	1.0600
0.3700	273.1500	1.0600
0.4000	273.1500	1.0600
0.3600	273.1500	1.0600
0.2800	273.1500	1.0600
0.2200	273.1500	1.0600
0.1800	273.1750	1.0600
0.1800	273.2900	1.0600
0.3400	273.1650	1.0600
0.5100	273.3300	1.0600
0.4700	273.1950	1.0600
0.3700	273.1500	1.0600
0.3300	273.2650	1.0600
0.6400	273.1700	1.0600
0.9900	273.1500	1.0600
0.8600	273.1500	1.0600
0.6100	273.1550	1.0600
0.4500	273.1800	1.0600
0.4300	273.1500	1.0600
0.4400	273.3250	0.9300
0.5500	273.6850	0.9300
0.5800	273.4750	0.9300
0.5200	273.2750	0.9300
0.4600	274.7200	0.9300
0.5000	273.2250	0.9300
0.6000	273.1500	0.9300
0.4900	273.1500	0.9300
0.3600	273.1500	0.9300
0.2700	273.1500	0.9300
0.3200	273.1500	0.9300
0.4600	273.1500	0.9300
0.5200	273.1500	0.9300
0.5700	273.1500	0.9300
0.4700	273.1500	0.9300
0.3500	273.1500	0.9300
0.2600	273.1650	0.9300
0.8800	273.5450	0.9300
1.9200	273.5600	0.9300
2.3200	273.2100	0.9300
1.2400	273.3850	0.9300
0.7100	273.6150	0.9300
0.4900	273.3100	0.9300
0.3800	273.2900	0.9300
0.3000	273.1500	0.9300
0.2900	273.1500	0.9300
0.3900	273.1500	0.9300
0.3800	273.1800	0.9300
0.3200	273.5500	1.0600
0.2500	273.7850	1.0600
0.2000	273.6250	1.0600
0.1800	273.3650	1.0600
0.1600	274.1500	1.0600
0.1800	276.0000	1.0600
4.7100	275.9850	1.0600
13.2400	275.7550	1.0600
20.3700	276.4900	1.0600
15.2100	274.1950	1.0600
9.7100	274.2950	1.0600
5.3600	274.4850	1.0600
8.1700	275.6900	1.0600
13.3900	274.5850	1.0600
6.2200	273.5800	1.0600
3.2700	273.7500	1.0600
2.7400	274.0100	1.0600
2.4200	274.0600	1.0600
3.7300	276.7850	1.0600
16.5000	276.2550	1.0600
9.0900	275.5050	1.0600
3.8300	276.0300	1.0600
1.6400	275.6700	1.0600
0.8700	274.0600	1.0600
0.5900	274.2450	1.0600
0.4300	277.5750	1.0600
0.4900	275.0600	1.0600
1.1200	276.0200	1.0600
1.3500	276.5100	1.0600
1.1300	275.8300	1.0600
2.1300	273.7300	1.0700
4.7500	275.5650	1.4800
3.7400	275.3200	1.4800
3.9500	274.9150	1.4800
5.5400	274.0800	1.4800
3.3900	274.9900	1.4800
2.0000	277.0100	1.4800
1.2600	277.4700	1.4800
0.9500	277.7000	1.4800
1.9000	275.0750	1.4800
1.9000	274.7100	1.4800
1.4500	273.9700	1.4800
3.9700	273.8800	1.4800
5.6500	274.2850	1.4800
3.5200	274.1900	1.4800
1.7900	274.3450	1.4800
1.0700	275.0600	1.4800
0.8000	279.0000	1.4800
0.6800	282.0250	1.4800
0.5700	281.0750	1.4800
1.2300	277.5850	1.4800
4.8900	274.6450	1.4800
5.9000	274.6000	1.4800
3.2700	277.5450	1.4800
1.8400	280.0000	1.4800
1.1200	284.6450	1.4800
0.7400	286.2700	1.4800
0.5400	289.2050	1.4800
0.4200	289.6800	1.4800
0.3600	282.8250	1.4800
0.3700	280.5800	1.5100
0.7800	279.8650	2.7200
2.9200	275.8350	2.7200
2.5500	277.2450	2.7200
1.9100	281.3500	2.7200
1.5800	283.5300	2.7200
1.2500	276.0550	2.7200
0.9800	278.2550	2.7200
0.9300	284.8350	2.7200
0.8600	284.4900	2.7200
0.6800	282.3550	2.7200
0.5100	282.0050	2.7200
0.6200	287.8350	2.7200
1.2900	293.5500	2.7200
1.1000	289.7450	2.7200
0.7900	285.4300	2.7200
0.6800	282.0600	2.7200
1.9000	278.7150	2.7200
2.7900	283.2950	2.7200
2.4100	282.5050	2.7200
1.7600	281.1350	2.7200
2.1700	279.9450	2.7200
2.3600	284.8450	2.7200
2.1600	290.2600	2.7200
1.4900	293.3750	2.7200
1.2300	294.2500	2.7200
1.1600	292.1450	2.7200
1.2200	291.4450	2.7200
1.3000	291.2400	2.7200
2.8900	287.0400	2.7200
4.4700	281.5600	2.7200
2.7100	284.2800	2.7400
1.9000	289.0000	3.8000
1.3800	290.3050	3.8000
1.4200	284.3550	3.8000
9.8500	280.6900	3.8000
11.5200	281.1900	3.8000
4.6000	282.8350	3.8000
3.2000	284.1700	3.8000
2.0200	288.2950	3.8000
1.2000	291.0500	3.8000
1.5800	287.8750	3.8000
1.8900	285.1550	3.8000
1.2600	284.9950	3.8000
7.2100	280.4050	3.8000
12.9500	281.6550	3.8000
10.8100	282.9850	3.8000
4.8200	283.3450	3.8000
2.9500	286.5950	3.8000
2.2200	285.0800	3.8000
2.5600	283.8500	3.8000
3.7500	286.0150	3.8000
3.2500	288.3900	3.8000
1.7800	293.9400	3.8000
1.1100	293.4950	3.8000
0.7800	293.3550	3.8000
0.5800	289.5750	3.8000
0.4700	288.5600	3.8000
0.4400	293.8700	3.8000
0.6100	293.4450	3.8000
1.5000	290.6300	3.8000
1.4900	291.9400	3.8400
0.9800	294.9950	5.6300
0.7300	294.9300	5.6300
0.6100	294.8300	5.6300
0.4800	295.7700	5.6300
0.4600	298.0750	5.6300
0.7700	293.6150	5.6300
0.9500	292.1550	5.6300
1.2700	294.1500	5.6300
1.2800	295.4050	5.6300
1.1300	294.9400	5.6300
1.3100	294.2250	5.6300
1.1500	296.1050	5.6300
1.3800	295.1700	5.6300
2.9200	295.0300	5.6300
3.8300	295.4750	5.6300
3.0300	292.2200	5.6300
3.9000	288.4000	5.6300
4.9400	288.0050	5.6300
3.5000	288.3250	5.6300
2.2000	290.9650	5.6300
2.3300	293.1550	5.6300
2.0200	290.8150	5.6300
1.9700	289.9800	5.6300
1.7700	292.2150	5.6300
1.5200	292.3400	5.6300
1.2600	291.8800	5.6300
1.0900	292.8750	5.6300
0.9000	294.6050	5.6300
0.8700	288.9400	5.6300
1.1000	287.5450	5.6300
1.4700	284.2750	5.6400
10.6500	283.5750	5.8200
6.1800	288.3250	5.8200
3.8600	296.2050	5.8200
2.1800	298.2550	5.8200
2.7300	292.9350	5.8200
3.4000	295.8500	5.8200
1.8700	298.9350	5.8200
1.1000	296.5400	5.8200
0.9100	289.6250	5.8200
0.8800	291.6600	5.8200
1.1000	294.0550	5.8200
2.0500	295.0500	5.8200
1.7600	297.2350	5.8200
1.2500	296.8550	5.8200
0.9200	294.6100	5.8200
0.7400	294.7550	5.8200
1.0200	295.9800	5.8200
1.7400	297.0050	5.8200
1.7100	293.8800	5.8200
1.3100	291.3300	5.8200
1.2500	292.5150	5.8200
1.5900	294.5950	5.8200
1.6800	295.6150	5.8200
2.1000	290.8850	5.8200
1.5400	289.5500	5.8200
1.1900	292.1350	5.8200
1.7300	295.3250	5.8200
1.5700	296.4850	5.8200
1.0700	292.0500	5.8200
0.7500	292.4450	5.8200
0.6900	294.9350	5.8000
0.9200	293.4750	4.8300
0.8100	291.7000	4.8300
0.5800	293.2200	4.8300
0.4400	293.7950	4.8300
0.4900	295.6900	4.8300
3.1500	285.8750	4.8300
16.0100	283.3700	4.8300
7.4100	281.6600	4.8300
4.1600	284.6400	4.8300
2.2100	288.3600	4.8300
1.2300	288.3500	4.8300
0.7600	287.5650	4.8300
0.5300	289.6150	4.8300
0.7200	288.4600	4.8300
1.0500	287.1650	4.8300
0.8800	289.2200	4.8300
0.7400	287.8700	4.8300
0.6600	288.6000	4.8300
0.5900	288.3000	4.8300
0.4900	284.0250	4.8300
0.4600	287.2450	4.8300
0.7200	287.2750	4.8300
1.1200	290.0100	4.8300
0.9300	292.9250	4.8300
0.6900	295.3350	4.8300
1.0800	292.3150	4.8300
2.1200	288.2250	4.8300
1.9600	291.2750	4.8300
2.3800	288.3500	4.8300
1.6200	287.0150	4.7800
1.0500	290.0250	2.3600
0.7000	288.6400	2.3600
0.5000	284.8950	2.3600
0.4600	278.6050	2.3600
0.5200	275.6450	2.3600
0.7400	281.4650	2.3600
1.7000	282.4600	2.3600
2.1000	283.2050	2.3600
1.3100	279.4350	2.3600
0.9100	278.2000	2.3600
0.7200	281.6700	2.3600
0.7300	276.0850	2.3600
1.0500	279.3700	2.3600
1.8500	279.6850	2.3600
2.9300	275.4000	2.3600
3.0900	280.1800	2.3600
1.9300	284.3650	2.3600
1.1400	277.5450	2.3600
0.7100	279.1400	2.3600
0.5700	279.6700	2.3600
1.0400	278.5600	2.3600
1.2100	280.8050	2.3600
0.8800	279.5200	2.3600
0.7100	275.0500	2.3600
0.7400	274.1200	2.3600
0.9900	276.9350	2.3600
1.1700	283.3350	2.3600
0.8900	284.1900	2.3600
1.0700	280.2700	2.3600
1.6800	284.1700	2.3600
1.2800	284.6450	2.3300
1.0600	278.1750	1.1700
1.2900	278.2000	1.1700
1.2100	280.0750	1.1700
0.8600	282.1650	1.1700
0.5800	283.1300	1.1700
0.4100	278.6000	1.1700
0.3100	276.9600	1.1700
0.2400	275.5150	1.1700
0.2000	280.1200	1.1700
0.1800	280.1950	1.1700
0.1800	279.2050	1.1700
0.1800	279.7350	1.1700
0.1700	281.0150	1.1700
0.1500	281.7450	1.1700
0.1400	282.9450	1.1700
0.1300	283.1100	1.1700
0.1200	282.6600	1.1700
0.1100	277.1000	1.1700
0.1100	275.1150	1.1700
0.2900	279.8700	1.1700
0.7200	279.7400	1.1700
0.7300	277.3550	1.1700
0.7100	277.8150	1.1700
1.0300	274.4500	1.1700
1.2500	273.4050	1.1700
1.8000	273.1500	1.1700
1.6700	273.1500	1.1700
1.2500	273.1500	1.1700
0.8800	273.3800	1.1700
0.7300	273.4600	1.1700
0.8200	273.2300	1.2000
0.7800	273.9150	1.2000
0.7200	273.7350	1.2000
0.8600	273.3300	1.2000
0.7300	273.1500	1.2000
0.5400	273.1500	1.2000
0.5000	273.1700	1.2000
0.6700	273.4600	1.2000
0.7500	274.8250	1.2000
0.6200	273.2900	1.2000
0.4500	273.1500	1.2000
0.3300	273.1500	1.2000
0.2500	273.2150	1.2000
0.3400	275.3400	1.2000
0.5900	273.2300	1.2000
0.5400	273.1750	1.2000
0.5100	274.4200	1.2000
0.6400	273.3150	1.2000
0.5400	273.1500	1.2000
0.4000	273.1500	1.2000
0.3600	273.1600	1.2000
0.5100	273.1500	1.2000
0.6000	273.1500	1.2000
0.4700	273.1500	1.2000
0.3400	273.1500	1.2000
0.2600	273.1500	1.2000
0.2000	273.1500	1.2000
0.1700	273.1500	1.2000
0.1700	273.1500	1.2000
0.2200	273.1500	1.2000
0.2000	273.1500	1.2000
0.1600	273.1500	0.9700
0.1400	273.1600	0.9700
0.1200	274.2350	0.9700
0.8200	273.3200	0.9700
1.3300	273.1650	0.9700
1.1500	273.5550	0.9700
1.2200	276.4300	0.9700
3.3300	278.0650	0.9700
12.2800	275.1900	0.9700
6.1900	273.6150	0.9700
2.9300	273.4250	0.9700
1.7700	274.4050	0.9700
1.3000	273.6250	0.9700
1.2300	273.1500	0.9700
0.9000	273.1500	0.9700
0.6000	273.1500	0.9700
0.4400	273.1500	0.9700
0.3300	273.1500	0.9700
0.2600	273.1500	0.9700
0.2900	273.1500	0.9700
0.3400	273.1650	0.9700
0.4200	273.1500	0.9700
0.7100	273.1500	0.9700
0.6000	273.2100	0.9700
0.7800	274.0550	0.9700
1.3600	274.8100	0.9700
1.2400	273.3000	0.9700
1.0500	273.1500	0.9700
0.7800	273.1500	0.9700
0.5500	273.1500	0.9700
0.4000	273.1500	0.9700
0.3500	273.1500	0.8600
0.4700	273.1500	0.8600
0.6200	273.1500	0.8600
0.5400	273.1500	0.8600
0.4600	273.1800	0.8600
0.3800	273.5650	0.8600
0.3100	274.4500	0.8600
0.3400	274.8200	0.8600
0.7400	273.1800	0.8600
0.9600	273.2350	0.8600
0.8100	274.3900	0.8600
0.6400	273.1500	0.8600
0.4900	273.2350	0.8600
0.3900	273.3200	0.8600
0.3400	273.2650	0.8600
0.3400	273.6000	0.8600
0.6200	274.4800	0.8600
1.0100	275.2850	0.8600
1.0200	274.3200	0.8600
1.4000	274.6950	0.8600
1.1500	273.5800	0.8600
0.7200	277.7550	0.8600
20.4300	277.2100	0.8600
7.7100	273.8400	0.8600
2.4700	273.1700	0.8600
1.2200	273.1500	0.8600
0.7400	273.1500	0.8600
0.7700	273.1500	0.8700
0.6300	273.1500	0.9700
0.4000	273.1500	0.9700
0.2900	273.1500	0.9700
0.4600	273.4500	0.9700
1.0500	273.8750	0.9700
1.5100	273.1850	0.9700
0.9600	273.1500	0.9700
0.6000	273.1500	0.9700
0.4100	273.1500	0.9700
1.4400	273.4500	0.9700
1.9200	274.2350	0.9700
2.8400	276.3700	0.9700
7.9300	273.9150	0.9700
5.3200	273.6250	0.9700
2.9500	273.2450	0.9700
1.5600	273.1500	0.9700
1.0000	273.1500	0.9700
0.7400	273.1500	0.9700
0.6100	273.1500	0.9700
0.6600	273.1500	0.9700
0.8400	273.1500	0.9700
0.7300	273.9300	0.9700
10.4200	274.9450	0.9700
11.8700	273.5250	0.9700
5.5000	274.0650	0.9700
4.3400	274.3000	0.9700
8.2400	275.3750	0.9700
5.1200	273.7500	0.9700
2.0900	273.8700	0.9700
1.5000	274.5450	0.9700
1.3200	275.8200	0.9800
14.7200	276.8100	1.3300
7.0400	273.6750	1.3300
2.4100	273.1900	1.3300
2.0400	274.3550	1.3300
5.3600	275.5050	1.3300
9.1600	278.0100	1.3300
5.0600	277.1200	1.3300
2.2700	275.6850	1.3300
1.6700	277.7950	1.3300
1.1800	279.7150	1.3300
0.9400	278.2250	1.3300
0.8500	280.3250	1.3300
0.8100	281.2450	1.3300
0.8800	282.7550	1.3300
1.1800	275.7350	1.3300
1.8500	274.7850	1.3300
1.6900	275.5200	1.3300
1.2900	274.9700	1.3300
1.6500	273.6600	1.3300
3.3700	274.2150	1.3300
2.9900	277.1650	1.3300
1.5400	278.9650	1.3300
1.1200	276.8000	1.3300
0.9200	273.2700	1.3300
0.8900	273.7400	1.3300
1.0600	275.9750	1.3300
0.9800	275.4550	1.3300
1.5700	275.5850	1.3300
2.9300	279.3250	1.3300
1.8700	280.2850	1.3500
1.1700	276.0900	2.3700
0.9400	278.6600	2.3700
0.7900	279.6700	2.3700
0.6100	277.5750	2.3700
0.4700	279.5800	2.3700
0.4700	276.4400	2.3700
1.0000	275.1850	2.3700
3.2100	273.7050	2.3700
4.9600	273.8300	2.3700
3.4700	275.8050	2.3700
2.2800	277.4800	2.3700
1.4500	280.9050	2.3700
0.9300	283.8100	2.3700
0.6400	285.1650	2.3700
0.4800	278.6650	2.3700
0.3800	278.7150	2.3700
0.3200	280.4150	2.3700
0.2700	285.1600	2.3700
0.2600	289.7600	2.3700
0.4500	290.7850	2.3700
0.8800	290.6700	2.3700
1.3800	281.2550	2.3700
10.3800	276.5100	2.3700
6.1300	277.4000	2.3700
2.9700	281.7150	2.3700
1.6300	285.4350	2.3700
1.1400	285.2150	2.3700
0.9600	287.2100	2.3700
0.7700	286.5650	2.3700
0.5900	287.7000	2.3700
0.5100	287.4000	2.3900
0.6700	289.0500	3.2800
0.8800	285.1900	3.2800
2.0800	283.1450	3.2800
3.1800	284.7200	3.2800
2.6300	287.5750	3.2800
1.7200	285.8150	3.2800
1.0900	283.8950	3.2800
0.8200	282.9900	3.2800
3.5100	279.5950	3.2800
12.2700	279.3100	3.2800
21.9800	280.1100	3.2800
8.0500	282.0200	3.2800
3.2500	285.7300	3.2800
1.6900	288.5650	3.2800
1.0100	290.5050	3.2800
0.8200	292.5700	3.2800
0.9400	292.8350	3.2800
2.5200	287.5150	3.2800
2.4000	282.3600	3.2800
2.1100	284.2900	3.2800
1.3900	289.5450	3.2800
0.9100	293.1450	3.2800
2.1600	291.9900	3.2800
6.7400	290.9350	3.2800
3.3300	292.3200	3.2800
1.7100	295.6900	3.2800
1.0200	298.2100	3.2800
0.8100	296.2150	3.2800
1.3500	293.0350	3.2800
2.0700	286.9550	3.3200
2.4200	286.6800	5.0200
1.8700	286.4500	5.0200
1.2300	291.9250	5.0200
0.8500	293.1200	5.0200
0.8300	289.1300	5.0200
0.7500	292.0500	5.0200
0.6400	296.0400	5.0200
1.6300	296.3500	5.0200
4.3300	289.1400	5.0200
3.3500	290.3600	5.0200
1.6800	296.5900	5.0200
1.0600	300.9150	5.0200
13.9500	302.2800	5.0200
5.8500	301.2200	5.0200
3.7300	297.6800	5.0200
6.0000	297.6450	5.0200
3.5100	297.1000	5.0200
1.9800	298.7900	5.0200
1.2600	298.9200	5.0200
0.9400	293.8950	5.0200
1.0300	292.4300	5.0200
1.0000	288.9400	5.0200
0.7400	292.7000	5.0200
0.7300	295.6650	5.0200
1.4700	295.6750	5.0200
1.4700	293.9950	5.0200
1.3000	290.6800	5.0200
1.5300	288.6450	5.0200
2.5100	290.1950	5.0200
2.1000	291.6000	5.0200
1.5400	290.6150	5.0200
2.3800	285.1300	5.1800
1.9400	289.1650	5.1800
1.6700	288.5500	5.1800
1.5000	288.6350	5.1800
3.1400	290.5950	5.1800
4.1900	291.8900	5.1800
3.4700	289.5900	5.1800
3.8100	283.7200	5.1800
8.7100	284.1850	5.1800
5.2800	288.5150	5.1800
2.8300	290.6350	5.1800
1.8900	288.8850	5.1800
1.3100	290.0400	5.1800
1.7100	292.8400	5.1800
2.9100	289.2750	5.1800
2.0400	289.4150	5.1800
1.4600	286.1950	5.1800
1.2000	288.2300	5.1800
1.1000	289.1500	5.1800
0.9100	292.0500	5.1800
1.0600	290.3250	5.1800
3.2100	289.0200	5.1800
4.1400	288.6800	5.1800
3.3200	291.8800	5.1800
3.3100	291.2600	5.1800
2.3300	289.6300	5.1800
1.8100	288.8450	5.1800
1.3300	288.8400	5.1800
1.1900	291.5700	5.1800
1.2300	291.1700	5.1800
0.9600	290.9250	5.1600
1.2600	290.0100	4.3100
1.5600	288.5200	4.3100
1.2500	292.0900	4.3100
0.9900	294.0700	4.3100
1.3900	292.6950	4.3100
1.8400	288.5650	4.3100
3.8000	283.7900	4.3100
5.9300	283.7250	4.3100
3.3000	283.5750	4.3100
1.6700	287.0050	4.3100
0.9600	290.2600	4.3100
0.6200	291.0850	4.3100
0.4300	291.5100	4.3100
0.3200	289.6200	4.3100
0.2600	292.9000	4.3100
0.4700	294.2450	4.3100
0.9700	287.3700	4.3100
1.4300	282.7400	4.3100
2.1100	284.3950	4.3100
1.5500	286.0800	4.3100
1.5100	279.9900	4.3100
1.6900	280.8250	4.3100
1.3100	282.2600	4.3100
2.6900	283.3900	4.3100
3.6200	281.2600	4.3100
1.8700	282.8050	4.3100
1.0900	281.9500	4.3100
2.4400	279.1000	4.3100
2.7700	284.2600	4.3100
1.6100	281.0800	4.2600
1.7000	276.2000	2.1400
1.9400	275.3450	2.1400
1.6900	278.2900	2.1400
1.1600	279.9150	2.1400
0.8600	280.6800	2.1400
0.7200	280.6850	2.1400
0.8000	283.8800	2.1400
0.9800	283.7200	2.1400
0.9800	280.9750	2.1400
0.7300	280.9250	2.1400
0.5100	279.0800	2.1400
0.4100	274.5150	2.1400
0.5600	277.8400	2.1400
0.9500	279.3000	2.1400
0.9600	278.5650	2.1400
0.7200	278.7850	2.1400
0.6000	281.0100	2.1400
0.7600	281.7000	2.1400
0.8200	280.7300	2.1400
0.9500	282.4700	2.1400
1.2000	280.2550	2.1400
0.9000	276.2900	2.1400
0.6800	273.3250	2.1400
0.7000	273.4000	2.1400
0.6200	273.9200	2.1400
0.6100	274.2950	2.1400
0.7100	274.3100	2.1400
0.6300	275.3150	2.1400
0.4800	273.2950	2.1400
0.3700	273.1500	2.1400
0.2900	273.1500	2.1100
0.2400	273.1500	1.0900
0.4100	273.1500	1.0900
0.5200	273.2000	1.0900
0.4500	273.5200	1.0900
0.6000	273.7650	1.0900
1.1400	275.1600	1.0900
3.4500	276.6850	1.0900
4.4300	277.3750	1.0900
2.2400	276.0550	1.0900
1.4700	274.8200	1.0900
1.1300	274.7850	1.0900
1.0300	275.1050	1.0900
1.1500	277.6650	1.0900
1.4300	275.1350	1.0900
1.1300	275.4050	1.0900
0.7700	276.8050	1.0900
0.5600	278.3050	1.0900
0.4500	274.8550	1.0900
0.4500	276.5650	1.0900
0.5500	279.2900	1.0900
0.8700	279.7150	1.0900
0.8600	280.7050	1.0900
0.8000	276.2750	1.0900
2.3000	273.1500	1.0900
2.0300	273.1750	1.0900
1.3400	273.1500	1.0900
1.0300	273.6100	1.0900
0.7400	275.2500	1.0900
1.3500	276.3450	1.0900
3.5800	274.1450	1.0900
2.9800	275.0050	1.1200
1.8800	274.0200	1.1200
1.0700	273.3650	1.1200
0.7100	273.1500	1.1200
0.6700	273.1750	1.1200
0.7800	273.2500	1.1200
0.9600	273.2300	1.1200
0.9500	273.2000	1.1200
0.6700	273.4050	1.1200
0.4900	273.6650	1.1200
0.4000	273.5300	1.1200
0.5200	273.5500	1.1200
1.0700	275.1850	1.1200
2.5900	276.3600	1.1200
2.7100	278.3900	1.1200
1.9200	275.5350	1.1200
1.1800	274.7300	1.1200
0.7900	273.2600	1.1200
0.6000	273.1500	1.1200
0.4900	273.1500	1.1200
0.3900	273.1500	1.1200
0.3100	273.1500	1.1200
0.2800	273.1500	1.1200
0.2700	273.1500	1.1200
0.2400	273.1500	1.1200
0.2100	273.1500	1.1200
0.2100	273.6600	1.1200
4.5200	275.9750	1.1200
10.2400	275.0000	1.1200
5.5500	273.6000	1.1200
2.7600	273.9700	1.1200
2.1000	273.9900	0.9200
2.3400	273.7300	0.9200
1.6500	276.7100	0.9200
3.7900	274.0400	0.9200
4.0200	275.3000	0.9200
3.2800	274.5900	0.9200
1.7900	276.8000	0.9200
1.0500	275.7950	0.9200
0.7100	273.5850	0.9200
0.5100	273.1500	0.9200
0.3900	273.1500	0.9200
0.3000	273.3700	0.9200
0.4800	274.9100	0.9200
1.0600	273.8150	0.9200
2.2100	273.5150	0.9200
3.0200	273.1500	0.9200
1.8800	273.1500	0.9200
1.1600	273.1700	0.9200
0.7900	273.5300	0.9200
0.6000	273.7550	0.9200
0.5700	273.3200	0.9200
0.5300	273.1500	0.9200
0.4500	273.9000	0.9200
2.6300	273.5950	0.9200
2.7600	273.6000	0.9200
1.5500	274.8300	0.9200
9.1900	277.2950	0.9200
13.3900	274.6700	0.9200
5.6400	273.5550	0.9200
2.5600	275.4950	0.9200
2.2700	276.1600	0.9200
20.4800	277.5300	0.8200
16.2300	274.5600	0.8200
5.3100	273.3900	0.8200
2.2000	273.1600	0.8200
1.4500	273.1500	0.8200
1.0100	273.1500	0.8200
0.6900	273.1500	0.8200
1.1200	273.1500	0.8200
0.8900	273.1500	0.8200
1.0300	273.1500	0.8200
0.9400	273.1850	0.8200
0.8400	273.7400	0.8200
0.8200	274.9450	0.8200
2.9600	275.2100	0.8200
5.1900	273.6750	0.8200
5.5300	274.1300	0.8200
5.8300	274.1700	0.8200
5.3900	273.4550	0.8200
4.2500	273.3850	0.8200
3.4000	273.5150	0.8200
2.0700	273.6300	0.8200
1.4500	273.2700	0.8200
1.7500	273.1500	0.8200
1.3400	273.1500	0.8200
0.8600	273.1500	0.8200
0.6700	273.1550	0.8200
1.2300	273.1800	0.8200
1.7300	273.1500	0.8200
1.0800	273.1500	0.9200
0.8600	273.1550	0.9200
0.9300	273.1750	0.9200
0.8600	273.1500	0.9200
0.6900	273.1550	0.9200
1.1100	273.1800	0.9200
2.2500	273.1500	0.9200
1.9700	273.1500	0.9200
1.0800	273.1500	0.9200
3.3100	273.9800	0.9200
9.8700	275.4700	0.9200
10.5300	275.3750	0.9200
22.7000	277.8150	0.9200
44.4300	280.7550	0.9200
18.2000	278.9850	0.9200
6.7100	279.7650	0.9200
2.8600	275.7150	0.9200
1.5000	276.2000	0.9200
0.9400	275.3700	0.9200
0.6600	277.5850	0.9200
0.5100	275.2650	0.9200
0.4700	276.8950	0.9200
0.5400	278.1350	0.9200
1.5400	273.5550	0.9200
2.4300	273.5700	0.9200
2.2700	275.0600	0.9200
2.6200	274.2900	0.9200
3.9500	273.9500	0.9200
4.2800	273.5900	0.9200
3.6900	276.5700	0.9200
2.3300	281.9500	0.9300
1.8700	280.8150	1.2300
3.1400	277.7250	1.2300
5.8600	275.4750	1.2300
5.8500	273.9000	1.2300
3.7500	273.6400	1.2300
3.0800	273.7750	1.2300
2.3100	274.6750	1.2300
1.7100	277.1550	1.2300
1.2000	279.2650	1.2300
0.8700	279.9600	1.2300
0.6700	284.4950	1.2300
0.6100	283.3900	1.2300
0.6100	283.8550	1.2300
0.6000	281.4000	1.2300
1.4400	279.6950	1.2300
2.3000	277.6600	1.2300
1.7800	278.7900	1.2300
1.1900	279.7250	1.2300
1.3300	277.6050	1.2300
1.5900	280.7300	1.2300
1.1800	283.2350	1.2300
0.8700	285.7200	1.2300
0.7500	285.2250	1.2300
2.3600	283.9900	1.2300
3.8900	284.2400	1.2300
2.8600	280.6200	1.2300
2.1100	277.1800	1.2300
1.6600	278.5600	1.2300
1.4700	276.5250	1.2300
2.4200	276.6250	1.2500
6.3900	277.7050	2.1400
4.6300	279.0400	2.1400
2.9400	280.6700	2.1400
3.5400	280.6600	2.1400
6.9200	279.2250	2.1400
4.7400	276.9250	2.1400
2.9200	276.2100	2.1400
2.0000	276.6250	2.1400
1.7900	277.0150	2.1400
1.9900	276.6550	2.1400
3.0700	278.1000	2.1400
2.5900	281.8450	2.1400
2.4800	281.9900	2.1400
2.7300	281.8150	2.1400
1.8600	284.9600	2.1400
1.7500	280.5700	2.1400
1.6200	276.8700	2.1400
1.2700	276.1050	2.1400
1.2800	275.3100	2.1400
2.6000	277.2750	2.1400
2.8800	282.6750	2.1400
2.0900	284.1050	2.1400
1.6100	286.7600	2.1400
1.3100	290.1550	2.1400
1.1000	292.9550	2.1400
1.0900	290.9250	2.1400
2.1000	287.4550	2.1400
1.8200	291.0000	2.1400
2.1300	294.6250	2.1400
2.7100	292.4750	2.1400
2.5100	288.1150	2.1600
4.9400	286.4150	2.9500
5.7400	285.8500	2.9500
3.2100	284.0800	2.9500
1.9900	282.5600	2.9500
1.7900	284.3150	2.9500
1.4400	284.5900	2.9500
1.9500	282.5950	2.9500
2.1600	286.7900	2.9500
2.2300	289.0600	2.9500
2.7300	287.1700	2.9500
3.5000	286.4850	2.9500
5.2300	285.7600	2.9500
3.4800	288.9150	2.9500
3.2200	288.4250	2.9500
3.3800	289.4750	2.9500
3.2100	291.3250	2.9500
2.6200	292.1400	2.9500
2.0000	293.2900	2.9500
2.1000	294.8500	2.9500
2.0800	291.0800	2.9500
3.8700	283.5050	2.9500
3.6100	280.9700	2.9500
2.6500	281.4350	2.9500
2.7300	283.5950	2.9500
3.1900	284.3800	2.9500
2.8400	287.4750	2.9500
2.3500	290.4200	2.9500
1.8900	290.6050	2.9500
1.6800	291.6400	2.9500
1.6200	294.5900	2.9900
1.7200	293.6850	5.0900
1.4400	292.3100	5.0900
1.1100	288.8650	5.0900
0.9900	288.8000	5.0900
1.1500	290.2600	5.0900
1.0100	289.3050	5.0900
0.8800	289.9850	5.0900
0.9000	292.2950	5.0900
1.9900	288.6650	5.0900
2.3900	292.3650	5.0900
1.6500	293.4450	5.0900
1.3400	295.6900	5.0900
1.1700	296.4900	5.0900
1.1400	290.1250	5.0900
1.1800	292.7600	5.0900
1.1800	296.2700	5.0900
1.0200	298.1300	5.0900
1.4000	297.5300	5.0900
1.5000	298.9100	5.0900
1.1500	298.4000	5.0900
0.8600	295.6400	5.0900
0.6900	296.3100	5.0900
0.5800	297.1250	5.0900
0.5100	298.4450	5.0900
0.5300	295.4100	5.0900
0.6000	294.0750	5.0900
0.7900	294.6550	5.0900
1.2500	295.2050	5.0900
1.1500	294.9500	5.0900
0.8500	295.7300	5.0900
0.6400	296.6600	5.1000
0.5600	295.5200	5.2600
0.6600	296.7900	5.2600
0.8700	295.7500	5.2600
1.2800	292.1200	5.2600
2.3300	292.7400	5.2600
1.9100	295.9200	5.2600
2.0500	296.1750	5.2600
2.0700	297.0300	5.2600
1.7000	296.4550	5.2600
1.3700	297.6500	5.2600
1.0200	298.4800	5.2600
0.7400	297.3300	5.2600
0.6000	297.3300	5.2600
0.5700	297.7800	5.2600
0.5600	299.0500	5.2600
0.5500	299.3950	5.2600
0.5700	291.4650	5.2600
0.8600	292.5000	5.2600
0.8700	294.9400	5.2600
0.6600	295.4700	5.2600
0.6300	293.5500	5.2600
0.7600	296.5650	5.2600
0.8700	292.2900	5.2600
2.5600	290.9050	5.2600
2.1200	292.4450	5.2600
1.2100	295.1800	5.2600
0.7600	292.6050	5.2600
0.7200	289.1200	5.2600
1.0200	287.2500	5.2600
0.8600	287.2450	5.2600
0.6100	290.8200	5.2400
0.4400	292.1850	4.3800
0.3300	292.6900	4.3800
0.2600	292.2650	4.3800
0.2200	294.9700	4.3800
0.1900	295.0100	4.3800
0.1700	294.6850	4.3800
0.1900	293.1150	4.3800
0.3700	292.5450	4.3800
0.9700	283.5900	4.3800
1.3100	284.3300	4.3800
1.2200	284.7900	4.3800
0.8900	284.6150	4.3800
2.5800	280.4400	4.3800
3.5200	282.7500	4.3800
2.1500	287.0750	4.3800
1.3900	284.7000	4.3800
3.1000	278.6650	4.3800
5.3700	277.0700	4.3800
3.2200	282.0650	4.3800
2.0400	285.0000	4.3800
1.4100	283.2400	4.3800
1.0100	283.7200	4.3800
0.7100	287.5550	4.3800
0.5100	284.5350	4.3800
0.3700	287.9250	4.3800
0.4200	288.4550	4.3800
0.8000	287.0150	4.3800
0.7800	284.5150	4.3800
0.5700	283.2600	4.3800
0.4100	281.2050	4.3300
0.3100	285.0050	2.1600
0.2400	287.6700	2.1600
0.2000	284.6850	2.1600
0.1900	287.5950	2.1600
0.3000	288.9700	2.1600
0.5300	289.8100	2.1600
0.5600	288.8400	2.1600
0.4900	285.9350	2.1600
0.4100	285.7700	2.1600
0.3300	280.5500	2.1600
0.2700	277.5650	2.1600
0.2300	280.6000	2.1600
0.9100	278.7700	2.1600
1.6500	277.2100	2.1600
1.1300	278.3850	2.1600
1.2000	279.1450	2.1600
2.9400	285.1100	2.1600
2.5700	287.5700	2.1600
1.4200	289.4350	2.1600
0.8300	285.9900	2.1600
0.5500	289.9100	2.1600
0.4300	288.9750	2.1600
0.3500	286.6000	2.1600
0.2900	277.1150	2.1600
0.2400	275.3150	2.1600
0.2000	280.7450	2.1600
0.2100	284.5400	2.1600
0.5100	282.9100	2.1600
1.1900	279.8650	2.1600
5.7700	273.2800	2.1600
3.1500	273.2350	2.1400
1.5800	273.1500	1.1000
0.9600	273.1500	1.1000
0.7500	273.1500	1.1000
0.6300	273.1500	1.1000
0.5800	273.1500	1.1000
0.4700	273.1500	1.1000
0.4000	273.1500	1.1000
0.4300	273.1850	1.1000
0.5000	273.7950	1.1000
1.1300	275.1100	1.1000
3.6600	275.7450	1.1000
7.7000	273.8250	1.1000
5.9600	273.6850	1.1000
3.3000	274.5450	1.1000
2.9600	274.3050	1.1000
3.9600	274.5100	1.1000
3.3600	274.2350	1.1000
1.8200	274.5000	1.1000
3.9100	278.6550	1.1000
9.0400	276.4600	1.1000
3.6200	273.5600	1.1000
1.5300	273.1500	1.1000
0.8700	273.1500	1.1000
0.5700	273.1500	1.1000
0.5800	273.1500	1.1000
0.5400	273.1500	1.1000
0.4100	273.1500	1.1000
0.3700	273.5850	1.1000
0.9100	276.7800	1.1000
5.3300	275.6000	1.1000
6.1300	273.8500	1.1300
3.7400	275.9650	1.1300
4.4300	275.2500	1.1300
6.1300	273.9100	1.1300
4.0700	273.6200	1.1300
1.9700	277.5500	1.1300
3.0700	275.7400	1.1300
3.1300	273.3650	1.1300
1.9600	273.1500	1.1300
1.2100	273.1500	1.1300
0.8500	273.1500	1.1300
0.7800	273.1550	1.1300
0.7800	273.2300	1.1300
0.8800	275.6850	1.1300
1.0100	273.1800	1.1300
0.7800	273.1750	1.1300
0.7300	273.6600	1.1300
0.7600	273.2850	1.1300
0.6400	273.9500	1.1300
0.5200	276.8500	1.1300
1.0400	274.6150	1.1300
2.0100	273.3750	1.1300
1.3800	273.4900	1.1300
0.8800	274.0000	1.1300
0.6300	274.6850	1.1300
0.6000	273.4050	1.1300
0.7000	273.1500	1.1300
0.6200	273.1500	1.1300
0.4800	273.1500	1.1300
0.3700	273.1500	1.1300
0.2900	273.1500	1.1300
0.2400	273.1500	0.9300
0.2100	273.1500	0.9300
0.1800	273.1500	0.9300
0.1700	273.1500	0.9300
0.1600	273.1500	0.9300
0.1500	273.1500	0.9300
0.1400	273.1550	0.9300
0.1400	273.2500	0.9300
0.1200	273.7150	0.9300
0.2400	275.2050	0.9300
1.1900	274.0200	0.9300
2.1600	273.6600	0.9300
2.0600	274.3400	0.9300
2.4000	274.3250	0.9300
2.8800	274.8150	0.9300
2.2200	274.6450	0.9300
1.9800	273.4900	0.9300
1.9600	273.3550	0.9300
1.7800	273.4600	0.9300
1.2000	273.4250	0.9300
0.7300	273.2150	0.9300
0.4700	273.2300	0.9300
0.3400	274.0350	0.9300
0.3200	274.6900	0.9300
0.3500	273.5450	0.9300
0.5500	273.1500	0.9300
0.6300	273.1500	0.9300
0.5300	273.4300	0.9300
1.7100	273.7850	0.9300
1.9300	275.8850	0.9300
1.1300	273.4650	0.9200
0.7200	273.1500	0.8300
0.5200	273.1500	0.8300
0.4600	273.1500	0.8300
0.4800	273.1500	0.8300
0.4500	273.1550	0.8300
0.5200	273.1600	0.8300
0.6900	273.3500	0.8300
0.6600	273.2250	0.8300
0.5200	273.1500	0.8300
0.4100	273.1500	0.8300
0.4300	273.1550	0.8300
0.6300	273.1600	0.8300
0.6000	273.5050	0.8300
0.4400	273.7450	0.8300
0.3300	273.6300	0.8300
0.2800	273.4650	0.8300
0.2700	274.2700	0.8300
0.2900	277.5800	0.8300
19.4900	275.6200	0.8300
9.6900	273.8450	0.8300
3.9200	273.7200	0.8300
2.8400	273.7700	0.8300
2.7800	274.1500	0.8300
2.2000	275.2300	0.8300
5.0600	275.7300	0.8300
6.5600	274.7500	0.8300
8.3900	274.6100	0.8300
5.6300	274.6450	0.8300
3.3000	273.7800	0.9300
2.9900	273.4150	0.9300
1.7900	273.2300	0.9300
1.6100	273.2800	0.9300
1.9900	273.3500	0.9300
1.7700	273.2950	0.9300
1.3200	273.5250	0.9300
1.5600	278.3100	0.9300
20.8000	279.6750	0.9300
12.4500	278.2400	0.9300
4.0600	276.5400	0.9300
1.8400	276.3300	0.9300
1.0500	274.7100	0.9300
1.0500	274.0700	0.9300
1.8600	275.5750	0.9300
1.8400	276.6400	0.9300
2.1000	277.9250	0.9300
1.5000	278.8450	0.9300
0.9600	279.3550	0.9300
0.7600	274.4100	0.9300
0.7200	275.9050	0.9300
0.6900	281.4600	0.9300
0.5900	283.1400	0.9300
0.4800	281.9400	0.9300
0.4000	279.4800	0.9300
0.4200	280.6150	0.9300
0.4400	277.0550	0.9300
0.4400	276.3200	0.9300
0.5700	276.1550	0.9300
0.6000	280.2950	0.9300
0.6500	282.7550	0.9300
0.6700	279.2500	1.2500
8.0900	275.1950	1.2500
5.6200	274.8550	1.2500
2.6500	280.6200	1.2500
1.6400	281.8500	1.2500
1.0400	284.6650	1.2500
0.6900	281.5700	1.2500
0.4900	281.9800	1.2500
1.0500	278.9400	1.2500
4.9400	276.9900	1.2500
3.4700	279.5650	1.2500
2.0300	283.1750	1.2500
1.1900	285.5950	1.2500
0.7600	284.9100	1.2500
0.6100	280.9200	1.2500
0.7400	278.3350	1.2500
0.9700	279.7550	1.2500
1.0400	280.1500	1.2500
0.9500	279.7850	1.2500
0.9400	279.5050	1.2500
1.0200	277.9900	1.2500
1.1400	279.3950	1.2500
0.9500	282.3500	1.2500
0.8400	282.0700	1.2500
0.7900	277.9250	1.2500
0.6300	281.5200	1.2500
0.4800	286.4950	1.2500
0.4600	282.4650	1.2500
4.2600	274.5450	1.2500
3.5100	279.2750	1.2700
1.7400	282.6550	2.1700
1.0400	286.6850	2.1700
0.9300	286.6850	2.1700
0.9400	286.4750	2.1700
0.7800	285.8850	2.1700
1.7400	283.9100	2.1700
1.8500	288.4600	2.1700
1.1500	288.6550	2.1700
0.7300	283.2450	2.1700
0.5100	281.8150	2.1700
0.4500	279.4850	2.1700
1.1800	274.9250	2.1700
1.7800	275.1600	2.1700
1.4300	276.6400	2.1700
1.1500	279.8750	2.1700
1.0800	282.5250	2.1700
1.6200	281.9600	2.1700
2.2300	283.1550	2.1700
2.6700	283.2000	2.1700
5.3800	284.6150	2.1700
4.6200	283.7350	2.1700
9.1400	281.2200	2.1700
8.3200	280.0650	2.1700
9.1200	277.4350	2.1700
4.8100	279.0500	2.1700
2.2200	283.1550	2.1700
1.7100	283.6800	2.1700
2.1100	285.6350	2.1700
2.4900	281.7900	2.1700
2.5000	280.1650	2.1700
2.0500	281.3800	2.1900
2.0600	282.7850	2.9900
1.6800	285.7250	2.9900
1.0700	288.1900	2.9900
0.7600	291.9150	2.9900
0.8600	292.0700	2.9900
1.1700	288.4600	2.9900
1.0800	281.9300	2.9900
1.1000	282.6600	2.9900
3.4500	282.1350	2.9900
3.1600	285.1950	2.9900
3.1300	283.5050	2.9900
3.4300	282.5500	2.9900
1.9400	284.2500	2.9900
1.5200	284.1900	2.9900
1.4500	282.5850	2.9900
1.0200	281.9500	2.9900
0.8400	282.8400	2.9900
3.3800	280.8650	2.9900
2.7100	282.6000	2.9900
1.5800	283.9300	2.9900
1.4100	286.6150	2.9900
1.8400	287.7800	2.9900
1.4200	291.0350	2.9900
1.1000	290.2350	2.9900
1.0300	288.7400	2.9900
1.3100	289.6500	2.9900
3.1800	288.2250	2.9900
2.2100	290.3000	2.9900
2.0500	292.9100	2.9900
2.3700	294.1700	3.0300
2.6100	292.7800	4.5900
1.9300	291.7300	4.5900
1.5100	291.0550	4.5900
1.3700	289.1050	4.5900
3.0400	285.7550	4.5900
6.1000	287.8950	4.5900
3.2000	289.8900	4.5900
3.3300	284.0350	4.5900
3.3600	286.0600	4.5900
2.1700	293.0350	4.5900
2.8600	292.4750	4.5900
2.9600	288.7700	4.5900
1.7200	292.3950	4.5900
1.0400	296.4250	4.5900
0.8200	295.8600	4.5900
0.7200	297.4650	4.5900
0.6700	298.5550	4.5900
0.6200	299.4100	4.5900
0.6100	296.5950	4.5900
0.7900	294.4800	4.5900
0.8800	290.4450	4.5900
0.9100	289.8900	4.5900
1.0400	289.6350	4.5900
0.9200	290.4550	4.5900
0.7300	294.0150	4.5900
0.6900	295.3050	4.5900
0.6300	291.9000	4.5900
0.5000	289.6600	4.5900
0.3900	291.3200	4.5900
0.3600	292.5150	4.5900
0.3300	293.4300	4.5900
0.2900	294.6550	4.7400
0.2500	295.8000	4.7400
0.7700	294.4500	4.7400
2.5900	292.8900	4.7400
2.4400	294.8500	4.7400
1.7800	294.5450	4.7400
1.4100	291.4950	4.7400
1.0500	286.1200	4.7400
0.8100	288.4500	4.7400
0.6200	289.4150	4.7400
0.4800	290.3750	4.7400
0.4300	291.1750	4.7400
0.3900	292.6400	4.7400
0.3300	294.1900	4.7400
0.2700	295.2950	4.7400
0.2200	294.6300	4.7400
0.2200	296.2850	4.7400
0.3400	291.2500	4.7400
2.8100	287.4750	4.7400
3.0200	291.4050	4.7400
1.9600	292.8350	4.7400
1.2000	293.1750	4.7400
1.6100	288.0200	4.7400
14.6500	283.9750	4.7400
5.9500	284.7100	4.7400
3.9900	283.6800	4.7400
3.3300	283.3750	4.7400
2.6400	286.3050	4.7400
1.8100	287.5250	4.7400
1.2100	289.4900	4.7400
0.8100	291.5950	4.7200
0.5600	294.4450	3.9500
0.4700	288.8500	3.9500
0.6700	281.1500	3.9500
0.7700	284.4300	3.9500
0.6400	286.2750	3.9500
0.6000	285.1850	3.9500
0.5800	285.4700	3.9500
0.4700	286.7250	3.9500
0.3700	288.9400	3.9500
0.3300	287.7050	3.9500
0.3300	288.9350	3.9500
0.3300	287.1500	3.9500
1.7600	283.0300	3.9500
3.3800	282.3500	3.9500
2.5700	281.0350	3.9500
2.1000	283.0400	3.9500
1.5500	285.7600	3.9500
1.0300	288.3500	3.9500
0.9800	283.1950	3.9500
3.7200	278.8500	3.9500
6.8100	278.4150	3.9500
4.8600	280.3150	3.9500
2.3200	284.1450	3.9500
1.5300	284.4300	3.9500
1.1000	287.6050	3.9500
0.7400	288.9850	3.9500
0.5000	286.0900	3.9500
0.3600	286.8900	3.9500
0.3100	287.8250	3.9500
0.3300	286.0050	3.9100
0.3600	280.9300	1.9800
0.3400	283.3350	1.9800
0.2900	284.9550	1.9800
0.2400	285.2650	1.9800
0.2000	285.8550	1.9800
0.1700	286.2550	1.9800
0.1500	285.8950	1.9800
0.1600	284.6050	1.9800
0.2700	289.0650	1.9800
0.5100	279.9150	1.9800
0.5700	279.5200	1.9800
0.5200	282.8200	1.9800
0.6200	282.5650	1.9800
0.6300	284.7550	1.9800
0.6100	283.5100	1.9800
1.8700	283.4800	1.9800
2.4400	280.7450	1.9800
2.5400	277.5950	1.9800
2.1500	276.8500	1.9800
1.6300	276.0100	1.9800
1.4200	279.1500	1.9800
2.5900	277.6950	1.9800
2.2000	278.6800	1.9800
1.7200	275.4150	1.9800
1.8000	274.1250	1.9800
1.7100	274.1550	1.9800
1.2600	275.6550	1.9800
1.0300	279.0700	1.9800
0.7600	276.1600	1.9800
0.5600	275.1650	1.9800
0.4300	274.8050	1.9600
0.3500	273.4700	1.0400
0.3400	275.1150	1.0400
0.6200	278.4950	1.0400
1.2400	274.6900	1.0400
1.5700	276.6500	1.0400
1.4600	280.2250	1.0400
1.6700	279.9150	1.0400
1.2300	281.4750	1.0400
1.1000	283.0550	1.0400
0.9900	278.9750	1.0400
0.7400	275.1350	1.0400
0.5300	274.4600	1.0400
0.3900	275.0500	1.0400
0.3000	274.9550	1.0400
0.2900	277.1950	1.0400
0.7600	279.3600	1.0400
1.3500	277.1900	1.0400
1.0100	275.7000	1.0400
0.6700	275.0150	1.0400
0.5500	273.2750	1.0400
0.5600	273.1500	1.0400
0.4900	273.2200	1.0400
0.4300	273.2500	1.0400
0.4700	273.9150	1.0400
2.0600	277.4450	1.0400
4.4700	274.7850	1.0400
2.1900	273.1500	1.0400
1.1900	273.1500	1.0400
0.7800	273.1500	1.0400
0.5800	273.1500	1.0400
0.4300	273.1500	1.0600
0.4000	273.1500	1.0600
0.4000	273.3000	1.0600
0.4800	273.6300	1.0600
0.5900	273.4800	1.0600
0.8200	273.1700	1.0600
0.8200	273.2450	1.0600
0.7500	273.4200	1.0600
0.8500	273.6100	1.0600
0.8800	274.7950	1.0600
7.4200	278.3750	1.0600
6.9400	275.4750	1.0600
2.8200	273.2900	1.0600
1.5200	274.5050	1.0600
1.0300	274.9950	1.0600
1.0200	273.7300	1.0600
1.2100	274.1350	1.0600
0.9400	273.7850	1.0600
0.6500	275.7550	1.0600
0.4600	275.1800	1.0600
0.3500	273.1500	1.0600
0.2800	273.1500	1.0600
0.2400	273.1500	1.0600
0.2100	273.3550	1.0600
0.2800	274.1900	1.0600
0.6500	274.3450	1.0600
1.8200	273.2900	1.0600
2.0500	273.5050	1.0600
1.2800	273.4750	1.0600
0.8200	273.3500	1.0600
0.7600	273.1500	1.0600
0.6700	273.1500	0.8800
0.4700	273.1500	0.8800
0.3500	273.1500	0.8800
0.2800	273.1500	0.8800
0.2300	273.1500	0.8800
0.1900	273.1500	0.8800
0.1700	273.1500	0.8800
0.1600	273.1500	0.8800
0.1500	273.1500	0.8800
0.1400	273.1500	0.8800
0.1300	273.1500	0.8800
0.1200	273.1500	0.8800
0.1100	273.1500	0.8800
0.1100	273.1500	0.8800
0.1100	273.1500	0.8800
0.1000	273.1650	0.8800
0.1000	273.3200	0.8800
0.6500	276.7550	0.8800
17.1900	277.6900	0.8800
31.7400	277.5850	0.8800
13.9300	277.0250	0.8800
7.5800	275.0500	0.8800
6.1600	277.2000	0.8800
4.3500	278.0900	0.8800
2.4100	277.8050	0.8800
1.1900	276.0900	0.8800
0.7000	275.1050	0.8800
0.4600	274.6150	0.8800
0.3400	274.2150	0.8800
0.2700	273.7950	0.8800
0.2200	273.8450	0.8800
0.1900	274.2200	0.7900
0.1800	274.3550	0.7900
0.1900	276.9850	0.7900
0.2000	278.2050	0.7900
0.1900	276.0450	0.7900
0.1800	273.1500	0.7900
0.1700	273.1500	0.7900
0.2000	273.1500	0.7900
0.2300	273.1650	0.7900
0.2300	273.2750	0.7900
0.2200	273.8900	0.7900
0.2500	276.0850	0.7900
0.3800	276.0500	0.7900
0.4800	273.6050	0.7900
0.7000	273.1500	0.7900
0.6700	273.1500	0.7900
0.5500	273.1550	0.7900
0.4800	273.1700	0.7900
0.4200	273.3000	0.7900
0.4000	273.4150	0.7900
0.5400	273.2500	0.7900
0.7100	273.3050	0.7900
0.6900	273.6150	0.7900
0.6100	274.2500	0.7900
0.6300	275.6900	0.7900
0.5300	276.1350	0.7900
0.3900	275.5100	0.7900
0.3000	274.7900	0.8000
0.2500	275.8800	0.8800
0.2800	275.1050	0.8800
0.3400	274.8500	0.8800
0.3600	276.4450	0.8800
0.3300	277.1550	0.8800
0.2900	277.9350	0.8800
0.2500	276.6850	0.8800
0.2200	277.9450	0.8800
0.2200	281.0250	0.8800
0.3100	280.2400	0.8800
0.3600	280.0850	0.8800
0.3900	279.6550	0.8800
4.5900	273.8900	0.8800
5.0100	273.4800	0.8800
3.5000	273.6350	0.8800
2.9800	275.3050	0.8800
2.7900	275.6350	0.8800
2.6300	273.3600	0.8800
3.0600	273.2350	0.8800
2.8300	274.2200	0.8800
3.6700	276.3150	0.8800
2.6500	274.7750	0.8800
1.5700	273.6600	0.8800
1.5100	273.1500	0.8800
1.5600	273.1950	0.8800
2.3100	273.5200	0.8800
3.6700	276.7100	0.8800
5.6100	278.5350	0.8800
3.9100	276.4600	0.8800
2.1900	275.1650	0.8800
1.5900	273.9700	0.8900
1.4600	275.6000	1.1700
1.0800	277.5950	1.1700
0.8800	279.4900	1.1700
0.9500	280.0150	1.1700
0.9400	277.3300	1.1700
0.7200	279.6150	1.1700
0.5200	285.5800	1.1700
0.3800	283.6700	1.1700
0.3100	277.7650	1.1700
0.2600	277.3400	1.1700
0.2300	278.3650	1.1700
0.2100	280.0550	1.1700
0.1900	283.7850	1.1700
0.4000	280.4000	1.1700
6.5300	275.1550	1.1700
4.7900	277.7100	1.1700
2.4700	283.5800	1.1700
1.3800	279.5200	1.1700
1.0400	277.1450	1.1700
4.3300	276.3950	1.1700
7.9700	275.8300	1.1700
5.2200	278.9750	1.1700
2.4100	282.8650	1.1700
1.3300	283.5600	1.1700
1.1400	283.0750	1.1700
1.0400	282.9300	1.1700
0.7800	277.3350	1.1700
1.5700	273.2500	1.1700
2.0300	273.2600	1.1700
1.4700	274.2650	1.1800
0.9700	274.8500	1.9900
0.6600	276.6300	1.9900
0.4700	279.6600	1.9900
0.3600	282.4300	1.9900
0.3200	285.3400	1.9900
0.3400	287.7300	1.9900
0.3800	285.7200	1.9900
0.4900	283.2300	1.9900
0.8800	282.5200	1.9900
3.5800	280.9550	1.9900
18.2300	279.1400	1.9900
8.7700	277.8450	1.9900
4.4500	280.5400	1.9900
2.4200	286.1000	1.9900
1.4300	287.5350	1.9900
1.1000	287.7000	1.9900
1.2600	284.7750	1.9900
3.0200	283.0050	1.9900
2.1900	285.6850	1.9900
2.8200	284.8350	1.9900
2.6600	283.7400	1.9900
2.1100	284.7450	1.9900
1.5700	282.1300	1.9900
1.2500	281.2650	1.9900
0.9500	279.0150	1.9900
0.7200	281.2500	1.9900
0.6100	284.0450	1.9900
0.5100	287.9700	1.9900
0.4000	284.8800	1.9900
0.3200	282.0650	1.9900
0.2600	283.8350	2.0100
0.2800	284.2200	2.7200
13.8000	281.1800	2.7200
12.6800	281.4950	2.7200
12.1600	283.1100	2.7200
5.2300	286.6350	2.7200
2.3800	286.0700	2.7200
2.1700	281.7050	2.7200
2.1200	281.4700	2.7200
1.5900	283.1400	2.7200
1.1000	284.2800	2.7200
0.8100	284.2700	2.7200
0.7000	284.2800	2.7200
6.1400	281.3400	2.7200
5.4400	284.0300	2.7200
2.4500	289.0800	2.7200
2.7400	288.5450	2.7200
2.7300	291.3050	2.7200
4.0900	287.4250	2.7200
3.4500	285.6000	2.7200
1.9900	290.2950	2.7200
1.1900	294.7100	2.7200
0.7800	296.4200	2.7200
0.7600	291.5400	2.7200
1.2500	288.6750	2.7200
1.1000	290.7050	2.7200
0.8200	289.2850	2.7200
1.0200	287.8500	2.7200
2.1400	288.1700	2.7200
4.0300	283.8300	2.7200
3.9400	286.4200	2.7500
2.0900	291.2050	4.2700
1.2500	290.0650	4.2700
0.8800	286.0400	4.2700
0.6700	288.5750	4.2700
0.5200	291.1950	4.2700
0.4000	294.2100	4.2700
0.3200	293.3950	4.2700
0.2600	294.5700	4.2700
0.2200	296.2350	4.2700
0.2000	289.7500	4.2700
0.2700	288.7100	4.2700
0.5100	293.3800	4.2700
0.6100	298.0350	4.2700
0.5300	292.0500	4.2700
0.4500	293.5000	4.2700
0.3800	295.2500	4.2700
0.3200	287.8300	4.2700
0.3000	290.1400	4.2700
0.3600	293.4750	4.2700
0.4400	293.5500	4.2700
0.4400	293.6050	4.2700
0.3700	295.5900	4.2700
0.3000	294.4850	4.2700
0.3100	292.2350	4.2700
0.3900	290.5250	4.2700
0.4300	287.8650	4.2700
0.4200	290.2400	4.2700
0.3600	293.5450	4.2700
0.2900	295.8600	4.2700
0.2600	295.5600	4.2700
0.2700	296.6750	4.2700
0.2800	296.6000	4.4000
0.3200	295.1900	4.4000
0.5900	291.1900	4.4000
1.1000	291.7600	4.4000
1.2100	295.1400	4.4000
0.8500	296.5850	4.4000
0.5800	297.4150	4.4000
0.4400	297.4450	4.4000
0.4000	293.8550	4.4000
0.4600	294.2600	4.4000
0.5400	290.8800	4.4000
0.7300	288.7950	4.4000
1.0300	282.3950	4.4000
1.2200	286.6450	4.4000
0.9900	291.2200	4.4000
0.7800	293.2050	4.4000
0.7500	291.9850	4.4000
0.7400	288.1550	4.4000
0.8400	286.7200	4.4000
0.9000	290.0450	4.4000
0.7100	295.2100	4.4000
0.5200	296.2350	4.4000
0.4200	294.8450	4.4000
0.5700	287.7850	4.4000
1.6400	283.8350	4.4000
1.5800	287.7500	4.4000
1.4500	291.6500	4.4000
1.2500	293.3700	4.4000
0.8800	294.5350	4.4000
0.6700	289.0800	4.4000
1.5300	284.0400	4.3900
2.1900	287.6100	3.6800
1.3300	291.2000	3.6800
0.9900	293.5300	3.6800
0.9900	293.2400	3.6800
0.7800	289.7100	3.6800
0.6200	287.0250	3.6800
0.5300	290.6100	3.6800
0.4500	292.1250	3.6800
0.3900	293.3650	3.6800
0.4000	287.9200	3.6800
1.2300	281.2400	3.6800
2.2100	282.0850	3.6800
1.5000	282.2800	3.6800
1.3000	284.4350	3.6800
1.2000	286.2850	3.6800
0.8700	287.6550	3.6800
0.7800	284.8300	3.6800
10.1400	282.1650	3.6800
5.3400	283.5950	3.6800
2.2600	287.3850	3.6800
1.3400	286.9400	3.6800
0.8900	283.9750	3.6800
0.6100	282.9200	3.6800
0.9200	279.0200	3.6800
6.3000	279.0400	3.6800
4.5400	282.2650	3.6800
2.0100	285.4700	3.6800
1.0800	281.6900	3.6800
0.6600	285.7600	3.6800
0.4600	288.0850	3.6400
0.4900	287.7800	1.8700
0.7900	282.7050	1.8700
1.4600	279.0950	1.8700
3.2400	277.1750	1.8700
5.4700	276.3350	1.8700
2.8100	278.4950	1.8700
1.4500	283.1550	1.8700
0.9200	281.8200	1.8700
0.7300	280.0950	1.8700
0.5700	280.4650	1.8700
0.4400	282.1850	1.8700
0.4000	283.1150	1.8700
0.5100	284.5100	1.8700
0.5700	283.9450	1.8700
0.5100	287.9350	1.8700
0.4700	284.6950	1.8700
0.4700	284.0200	1.8700
0.5100	285.3500	1.8700
0.5800	285.6550	1.8700
0.5800	283.6450	1.8700
0.6000	278.5950	1.8700
0.5700	279.7900	1.8700
0.5200	282.5950	1.8700
0.4700	285.2100	1.8700
0.5000	285.9250	1.8700
0.5700	286.6200	1.8700
0.5100	284.6050	1.8700
0.6100	280.6900	1.8700
1.3200	279.3700	1.8700
1.3400	277.1550	1.8700
0.9400	275.7350	1.8500
0.6800	280.7250	1.0000
1.2500	280.2350	1.0000
1.8600	277.1850	1.0000
2.7600	275.8300	1.0000
2.3200	273.8350	1.0000
1.6800	274.4500	1.0000
2.2400	274.8200	1.0000
3.3500	275.3900	1.0000
2.8500	273.4550	1.0000
1.8400	276.5800	1.0000
3.0400	278.7750	1.0000
3.6100	275.5450	1.0000
1.7900	273.4750	1.0000
1.1100	274.0600	1.0000
1.1900	273.1500	1.0000
0.9800	273.3500	1.0000
1.1900	273.8200	1.0000
1.5300	274.3350	1.0000
1.3200	274.7850	1.0000
2.3900	276.9700	1.0000
6.3800	276.3850	1.0000
4.5300	276.5050	1.0000
2.1600	277.8600	1.0000
1.2200	276.2700	1.0000
0.7700	275.8250	1.0000
0.5200	276.1350	1.0000
0.4500	273.1800	1.0000
0.5600	273.1500	1.0000
0.6500	273.1500	1.0000
0.5400	273.1500	1.0000
0.4000	273.1500	1.0200
0.3100	273.1500	1.0200
0.2500	273.1500	1.0200
0.2100	273.1500	1.0200
0.1800	273.1500	1.0200
0.1600	273.1500	1.0200
0.1400	273.1500	1.0200
0.1300	273.1500	1.0200
0.1200	273.1500	1.0200
0.1100	273.1500	1.0200
0.1000	273.3400	1.0200
0.1000	273.5750	1.0200
0.0900	273.4200	1.0200
0.1000	273.1500	1.0200
0.1100	273.1500	1.0200
0.1100	273.1500	1.0200
0.1100	273.1500	1.0200
0.1100	273.1500	1.0200
0.1100	273.1500	1.0200
0.1000	273.7050	1.0200
0.8000	276.5500	1.0200
6.3700	277.2300	1.0200
19.1200	276.4900	1.0200
10.0500	274.8800	1.0200
8.1400	276.9550	1.0200
8.4400	276.6450	1.0200
5.6800	275.2100	1.0200
3.3200	274.5100	1.0200
2.2600	274.8250	1.0200
3.6500	273.2250	1.0200
2.0500	274.9200	1.0200
2.0000	275.7550	0.8500
3.4800	273.8100	0.8500
2.4200	273.8800	0.8500
1.4500	273.4350	0.8500
0.9100	273.5500	0.8500
0.6400	275.5100	0.8500
0.5900	276.6550	0.8500
0.8100	274.7300	0.8500
1.1100	273.2000	0.8500
0.9900	273.8950	0.8500
1.0300	276.7550	0.8500
5.5100	273.6650	0.8500
3.5700	273.6400	0.8500
1.8100	277.3500	0.8500
2.5300	276.2650	0.8500
3.3700	273.3300	0.8500
1.6600	273.5250	0.8500
1.0100	273.7250	0.8500
1.1800	273.1500	0.8500
1.1900	273.1500	0.8500
0.9000	273.1550	0.8500
0.7600	273.1500	0.8500
0.6900	273.3700	0.8500
0.7200	273.8900	0.8500
0.8300	275.8200	0.8500
0.9600	275.8600	0.8500
0.9300	273.4400	0.8500
0.7300	273.1900	0.8500
0.5500	273.2450	0.8500
0.4300	274.1250	0.8500
3.4000	274.7400	0.8500
5.4000	273.6600	0.7700
2.4800	273.5950	0.7700
1.9300	273.6950	0.7700
1.8300	274.1500	0.7700
1.5600	273.9200	0.7700
1.1300	273.1500	0.7700
0.8500	273.3000	0.7700
0.7200	276.0200	0.7700
1.5000	275.0950	0.7700
3.1200	273.1700	0.7700
2.0900	273.1500	0.7700
1.3500	273.2750	0.7700
1.1700	273.4150	0.7700
1.2800	273.3750	0.7700
1.5300	273.1500	0.7700
1.3200	273.1500	0.7700
0.8700	273.1500	0.7700
0.6000	273.1500	0.7700
0.4400	273.1500	0.7700
0.3400	273.1500	0.7700
0.2900	273.1500	0.7700
0.2400	273.1500	0.7700
0.7000	273.2350	0.7700
1.6700	273.4500	0.7700
1.9000	273.1500	0.7700
1.7500	273.4550	0.7700
2.5200	276.1050	0.7700
7.7900	277.3400	0.7700
31.5000	276.5900	0.8500
10.5400	274.3950	0.8500
4.0900	273.6050	0.8500
1.9800	273.1650	0.8500
1.2600	273.1900	0.8500
1.2400	273.8050	0.8500
1.1500	275.9000	0.8500
1.0000	274.4150	0.8500
0.9900	274.0900	0.8500
0.8200	273.1500	0.8500
0.6300	273.1500	0.8500
0.6100	273.1500	0.8500
0.6300	273.1500	0.8500
0.5500	273.1750	0.8500
0.5900	273.4400	0.8500
1.3600	273.5200	0.8500
1.7000	274.3950	0.8500
1.4100	275.0300	0.8500
1.3500	273.7450	0.8500
2.2000	273.1500	0.8500
2.0900	273.3800	0.8500
2.9600	273.9900	0.8500
3.4000	274.6050	0.8500
3.3700	275.6300	0.8500
6.2600	276.3600	0.8500
8.0800	277.0400	0.8500
3.4100	274.2700	0.8500
3.4100	275.1200	0.8500
5.0100	277.3200	0.8500
3.4700	277.0550	0.8500
3.3600	275.4550	0.8600
2.0400	276.0500	1.1200
1.4300	275.4400	1.1200
3.0600	273.7500	1.1200
2.9900	276.9900	1.1200
1.7400	279.0350	1.1200
4.5700	280.8800	1.1200
22.4300	278.8650	1.1200
7.4600	279.0650	1.1200
2.9900	278.8000	1.1200
1.6100	278.8100	1.1200
1.0700	278.6500	1.1200
0.8600	279.4050	1.1200
0.7300	282.0700	1.1200
0.7600	281.2750	1.1200
0.9500	282.9100	1.1200
0.9200	281.9250	1.1200
1.6900	276.9250	1.1200
5.2200	274.6700	1.1200
3.7800	274.4300	1.1200
1.9700	275.1850	1.1200
1.2500	279.8400	1.1200
0.8900	283.3950	1.1200
0.8100	278.1900	1.1200
1.8200	274.1150	1.1200
2.0100	275.6550	1.1200
1.4200	279.8700	1.1200
0.9700	281.5750	1.1200
0.7700	281.4550	1.1200
0.7400	284.2450	1.1200
0.6300	285.2900	1.1300
0.5200	278.7700	1.8700
0.4500	277.9150	1.8700
0.4500	276.3000	1.8700
0.5200	276.1550	1.8700
0.5200	280.0800	1.8700
0.4500	284.0050	1.8700
0.3900	282.0500	1.8700
0.3800	279.4500	1.8700
0.4100	276.5050	1.8700
0.4400	277.4750	1.8700
0.4400	281.9550	1.8700
0.4200	284.6550	1.8700
0.4200	282.3750	1.8700
0.4600	285.3300	1.8700
0.4500	288.6100	1.8700
0.4000	292.2950	1.8700
0.3600	293.9050	1.8700
0.3300	293.5700	1.8700
0.3500	293.0300	1.8700
0.4200	292.2950	1.8700
0.5700	289.2300	1.8700
0.8100	291.3800	1.8700
0.7500	290.4900	1.8700
0.7100	286.4650	1.8700
0.7000	288.3000	1.8700
0.6600	286.2000	1.8700
1.1800	281.7900	1.8700
8.7400	279.5800	1.8700
9.6100	279.8400	1.8700
6.5200	280.8350	1.8700
3.2200	283.9900	1.8900
1.7500	287.8050	2.5500
1.1000	291.5800	2.5500
0.7900	289.7550	2.5500
1.0200	287.7500	2.5500
1.5300	286.2500	2.5500
2.1500	289.6550	2.5500
1.4700	291.4100	2.5500
1.5000	291.9700	2.5500
7.9900	288.7150	2.5500
13.9200	285.2550	2.5500
25.6300	283.2350	2.5500
7.8500	285.5900	2.5500
4.5900	290.1050	2.5500
2.3900	292.3850	2.5500
1.8400	284.3550	2.5500
2.3200	284.8800	2.5500
2.5800	286.3900	2.5500
2.3600	284.5500	2.5500
1.8300	287.5750	2.5500
1.4100	285.3900	2.5500
1.3400	285.3950	2.5500
1.0400	288.2400	2.5500
0.8300	288.9000	2.5500
0.6500	288.9300	2.5500
0.5100	290.4450	2.5500
0.4200	291.7750	2.5500
0.3600	292.5650	2.5500
0.3200	295.9150	2.5500
0.3300	295.3250	2.5500
0.4200	292.6600	2.5800
0.9000	292.1250	4.1600
1.0400	293.2400	4.1600
0.8000	293.5250	4.1600
0.6500	293.3550	4.1600
0.6600	295.1100	4.1600
0.6500	294.7850	4.1600
0.8500	293.6900	4.1600
1.0600	291.2250	4.1600
0.9500	294.3750	4.1600
0.7900	295.2350	4.1600
1.0100	292.9250	4.1600
1.2500	295.8550	4.1600
1.3900	291.0100	4.1600
3.2200	291.9200	4.1600
2.2200	295.4100	4.1600
1.2600	294.2500	4.1600
0.8300	294.7400	4.1600
0.6600	293.9950	4.1600
0.5400	292.0350	4.1600
0.4700	294.4550	4.1600
0.4200	293.9150	4.1600
0.3600	296.0250	4.1600
0.3000	299.1350	4.1600
0.2700	297.8750	4.1600
0.3300	296.5750	4.1600
0.4300	295.9900	4.1600
0.4700	295.1950	4.1600
0.4200	296.5350	4.1600
0.3500	298.5450	4.1600
0.3100	296.3300	4.1600
0.2900	288.0250	4.1600
0.3100	289.1150	4.2900
0.3400	288.6000	4.2900
0.3300	290.5950	4.2900
0.2900	293.1000	4.2900
0.2700	291.8050	4.2900
0.2900	292.2250	4.2900
0.3500	296.2050	4.2900
0.4100	297.7450	4.2900
0.7500	295.5400	4.2900
1.3100	292.2750	4.2900
1.3700	293.7250	4.2900
1.1300	288.2250	4.2900
0.9300	287.2500	4.2900
0.9600	289.9750	4.2900
0.9900	292.6650	4.2900
0.7500	293.1850	4.2900
0.8700	289.5700	4.2900
5.6600	286.7850	4.2900
4.5800	289.7050	4.2900
2.1800	291.9100	4.2900
1.1800	293.0600	4.2900
0.7900	295.6000	4.2900
0.6800	294.4800	4.2900
0.5600	290.5950	4.2900
0.4300	287.6850	4.2900
1.3400	286.3050	4.2900
2.0800	290.7300	4.2900
1.3700	292.9550	4.2900
0.8600	294.2300	4.2900
0.5700	292.3700	4.2900
0.4300	283.3550	4.2800
0.3600	283.2350	3.5900
0.3600	286.0200	3.5900
0.3700	291.1650	3.5900
0.3700	293.6250	3.5900
0.3600	295.0850	3.5900
0.3300	294.7450	3.5900
0.3000	293.5250	3.5900
0.3100	291.9400	3.5900
0.3100	291.5500	3.5900
0.2800	290.6400	3.5900
0.2400	287.8150	3.5900
0.2100	291.2150	3.5900
0.1900	291.3000	3.5900
0.1600	287.0600	3.5900
0.1700	282.8850	3.5900
0.8600	279.9050	3.5900
8.2600	278.7850	3.5900
4.4400	280.7300	3.5900
2.0100	285.8250	3.5900
1.1900	285.5050	3.5900
1.1500	282.9500	3.5900
1.8300	280.1900	3.5900
8.0800	279.3250	3.5900
4.7900	282.1250	3.5900
2.1300	285.9550	3.5900
1.2300	287.2500	3.5900
0.9000	285.5350	3.5900
0.7500	286.5600	3.5900
0.6300	288.5950	3.5900
0.5500	289.2800	3.5500
0.4800	288.1600	1.8300
0.4000	286.0950	1.8300
0.3200	283.9400	1.8300
0.2800	284.0250	1.8300
0.2700	285.3600	1.8300
0.3500	287.8950	1.8300
1.7400	283.3350	1.8300
4.3500	279.6950	1.8300
3.4200	276.6500	1.8300
2.5300	276.0050	1.8300
1.7800	280.7650	1.8300
1.4400	280.2450	1.8300
1.0600	282.2250	1.8300
0.7400	282.9500	1.8300
0.5700	283.5500	1.8300
0.5000	281.1800	1.8300
1.8200	274.9200	1.8300
2.7000	274.5450	1.8300
1.8300	278.0200	1.8300
1.4600	278.7650	1.8300
4.0600	275.1550	1.8300
4.8000	274.6350	1.8300
3.2400	277.3050	1.8300
1.6900	277.9900	1.8300
0.9700	277.9600	1.8300
0.6600	275.8100	1.8300
0.5200	278.7200	1.8300
0.4400	279.8800	1.8300
0.4500	279.5450	1.8300
0.4500	274.8050	1.8300
0.6000	273.1500	1.8100
0.6900	273.1500	0.9800
0.6200	273.2000	0.9800
0.6800	276.0800	0.9800
2.4800	277.7500	0.9800
3.2600	278.7400	0.9800
1.9700	279.7150	0.9800
1.6200	283.7050	0.9800
4.0100	282.0100	0.9800
5.3900	276.0500	0.9800
2.6700	273.9700	0.9800
1.4700	275.1700	0.9800
1.2000	273.6800	0.9800
1.4800	274.1150	0.9800
1.3700	273.4550	0.9800
1.8300	273.4150	0.9800
1.5700	277.0900	0.9800
6.4600	274.3200	0.9800
4.5200	273.8100	0.9800
2.2800	273.9550	0.9800
2.1200	278.6300	0.9800
3.3900	278.3250	0.9800
2.3700	277.9100	0.9800
2.2100	275.6750	0.9800
2.0800	273.2500	0.9800
1.5900	273.1650	0.9800
1.1600	273.1500	0.9800
0.8200	273.1500	0.9800
0.6200	273.1500	0.9800
0.4500	273.1500	0.9800
0.3300	273.1500	0.9800
0.2700	273.1500	1.0100
0.2200	273.1500	1.0100
0.1800	273.1500	1.0100
0.1600	273.4300	1.0100
0.8100	273.7950	1.0100
1.4100	273.3450	1.0100
1.0200	273.8800	1.0100
0.8500	276.5650	1.0100
1.4900	278.3300	1.0100
1.9100	276.0850	1.0100
2.4400	275.3000	1.0100
2.1600	275.5000	1.0100
2.0000	274.6150	1.0100
5.5300	274.4750	1.0100
5.8300	274.7750	1.0100
10.8900	273.3150	1.0100
4.3000	273.1000	1.0100
1.8700	273.1500	1.0100
1.0300	273.1500	1.0100
0.6600	273.1500	1.0100
0.4900	273.3600	1.0100
0.5700	273.3350	1.0100
0.6500	273.1550	1.0100
0.5500	273.1650	1.0100
0.5000	273.4550	1.0100
0.4500	274.4950	1.0100
0.9000	276.0500	1.0100
4.1800	274.0200	1.0100
4.1500	273.1600	1.0100
1.8700	273.1500	1.0100
1.0900	273.1500	1.0000
0.8900	273.1500	0.8400
0.6700	273.7950	0.8400
1.4800	276.7850	0.8400
8.2300	275.0100	0.8400
6.5200	273.2250	0.8400
2.8600	273.1550	0.8400
1.5100	273.1700	0.8400
1.0100	273.7950	0.8400
0.9100	273.7650	0.8400
1.2200	275.6650	0.8400
2.0200	273.1500	0.8400
1.4300	273.1500	0.8400
0.9000	273.1500	0.8400
0.6200	273.1500	0.8400
0.4600	273.1500	0.8400
0.3600	273.1500	0.8400
0.2900	273.1500	0.8400
0.2400	273.1500	0.8400
0.2100	273.1750	0.8400
0.6100	273.2700	0.8400
1.0800	273.1500	0.8400
0.8000	273.1750	0.8400
0.6600	273.5650	0.8400
0.6700	274.0250	0.8400
0.8800	274.6100	0.8400
1.7600	273.8200	0.8400
1.8700	273.1500	0.8400
1.0500	273.1500	0.8400
0.6700	273.1500	0.8400
0.5500	273.1500	0.8400
0.4500	273.1500	0.8400
0.3700	273.1500	0.7600
0.3000	273.1500	0.7600
0.2500	273.1500	0.7600
0.7400	273.5350	0.7600
1.5900	277.0450	0.7600
10.8200	276.8450	0.7600
11.4100	274.6300	0.7600
6.9000	273.9900	0.7600
3.7800	273.3500	0.7600
2.6100	273.4000	0.7600
2.6600	273.8650	0.7600
2.5600	273.2750	0.7600
2.0600	273.1500	0.7600
1.4700	273.1500	0.7600
1.2800	273.3750	0.7600
2.2600	274.9350	0.7600
3.3500	273.6300	0.7600
2.6000	274.8650	0.7600
4.1400	273.5850	0.7600
3.5900	273.6000	0.7600
2.0200	273.5400	0.7600
1.7200	273.4250	0.7600
2.8200	274.7150	0.7600
4.7500	273.4550	0.7600
2.9100	273.2500	0.7600
2.2500	273.4850	0.7600
3.2400	273.2150	0.7600
2.8300	273.1500	0.7700
2.0100	273.1500	0.8400
1.4300	273.1500	0.8400
1.0300	273.1900	0.8400
1.0000	274.0800	0.8400
2.3400	275.7500	0.8400
4.1900	275.6100	0.8400
6.3300	275.3850	0.8400
5.6700	276.0600	0.8400
2.9100	274.6550	0.8400
3.1100	275.3400	0.8400
5.4300	276.3800	0.8400
2.5700	281.1800	0.8400
1.4400	278.6850	0.8400
1.8700	275.1950	0.8400
1.3900	273.3950	0.8400
1.0000	273.9050	0.8400
1.1100	278.5950	0.8400
1.7300	281.0800	0.8400
1.2500	278.8150	0.8400
0.8500	280.9400	0.8400
0.6200	276.0700	0.8400
0.5400	274.7550	0.8400
0.4700	278.0800	0.8400
0.4700	281.0850	0.8400
0.5600	282.6450	0.8400
0.5900	278.4700	0.8400
0.5600	278.8350	0.8400
0.6600	276.0450	0.8400
1.7300	273.6100	0.8400
2.6200	274.8050	0.8400
2.8300	277.4700	0.8500
1.9300	276.6650	1.1000
1.2800	274.4450	1.1000
0.9700	273.3400	1.1000
0.9500	273.6050	1.1000
1.1600	274.1300	1.1000
1.5200	273.9800	1.1000
1.9000	274.2350	1.1000
1.3900	276.3650	1.1000
1.1800	280.6650	1.1000
1.2300	275.5450	1.1000
1.4500	275.0550	1.1000
1.2900	274.5150	1.1000
1.1400	276.5850	1.1000
0.9900	280.7000	1.1000
0.9100	281.8500	1.1000
1.4800	278.6400	1.1000
1.9500	282.5400	1.1000
2.5600	280.0450	1.1000
14.9900	277.0150	1.1000
6.8200	275.6050	1.1000
3.3100	276.9400	1.1000
1.8300	280.7700	1.1000
1.2400	282.8200	1.1000
0.9500	283.2850	1.1000
0.7400	283.3250	1.1000
0.6300	281.0550	1.1000
0.7300	281.4350	1.1000
0.9000	286.0800	1.1000
0.8700	287.0800	1.1000
0.7700	286.6050	1.1100
0.6500	286.0950	1.8400
0.5400	289.2150	1.8400
0.8100	284.0650	1.8400
8.7400	276.6500	1.8400
4.7700	277.2800	1.8400
2.2700	279.7600	1.8400
1.4700	283.2550	1.8400
1.0000	286.9100	1.8400
0.9700	288.7500	1.8400
1.0600	287.3650	1.8400
1.1100	288.3850	1.8400
1.5300	290.1850	1.8400
1.5100	289.8650	1.8400
1.3000	282.0650	1.8400
1.0000	282.7650	1.8400
0.7400	286.5650	1.8400
0.5800	290.5600	1.8400
0.6000	291.5350	1.8400
0.7000	290.0700	1.8400
0.6600	287.0400	1.8400
0.5800	284.0450	1.8400
3.7300	279.0750	1.8400
13.6900	278.2750	1.8400
7.6200	280.6000	1.8400
5.1600	280.7200	1.8400
9.0500	281.7600	1.8400
4.0300	286.4100	1.8400
2.3100	285.1050	1.8400
2.6100	282.1400	1.8400
4.4800	283.7050	1.8400
3.3800	285.6950	1.8500
1.7800	288.5500	2.4900
1.0600	290.6900	2.4900
0.7800	291.4750	2.4900
0.6400	292.3300	2.4900
0.5100	292.5150	2.4900
0.6800	285.8500	2.4900
9.7700	281.4400	2.4900
9.7000	282.9750	2.4900
3.4200	286.8850	2.4900
1.6500	288.5400	2.4900
1.0100	286.1000	2.4900
1.1000	286.2750	2.4900
1.1200	286.2450	2.4900
0.8800	287.2050	2.4900
0.7100	285.6600	2.4900
0.6400	288.8900	2.4900
1.0900	286.8300	2.4900
3.6400	282.3550	2.4900
3.0900	285.5500	2.4900
1.9000	292.8150	2.4900
1.1800	295.0350	2.4900
0.9200	294.1400	2.4900
0.8000	293.8150	2.4900
0.6900	290.4150	2.4900
0.6500	288.5250	2.4900
0.6600	282.7100	2.4900
0.6700	287.8350	2.4900
0.5700	292.6750	2.4900
0.4700	296.9800	2.4900
0.5200	293.9100	2.5200
0.6000	292.2800	4.0400
0.5400	294.9000	4.0400
0.4600	293.7150	4.0400
0.4700	294.4400	4.0400
0.4900	295.8500	4.0400
0.4300	299.1400	4.0400
0.3700	298.9950	4.0400
0.4200	294.5650	4.0400
0.6100	292.6900	4.0400
0.6400	290.8250	4.0400
0.5800	291.9400	4.0400
0.4800	294.8850	4.0400
0.3800	297.1250	4.0400
0.3300	299.4850	4.0400
0.3900	299.6000	4.0400
0.4500	298.9950	4.0400
0.4300	299.0950	4.0400
0.7200	298.2100	4.0400
3.0300	298.2200	4.0400
2.6100	297.2800	4.0400
1.6000	297.7450	4.0400
1.2500	297.8100	4.0400
0.9600	299.8700	4.0400
0.7100	300.6650	4.0400
0.6400	296.9200	4.0400
1.1700	295.5600	4.0400
1.6400	296.4450	4.0400
2.0000	297.2550	4.0400
1.6200	298.3750	4.0400
1.1200	298.8050	4.0400
0.8200	297.2850	4.0500
0.7000	293.1200	4.1700
0.6200	294.9550	4.1700
0.6100	297.1100	4.1700
1.5500	294.9250	4.1700
1.5100	293.2250	4.1700
1.0000	292.3650	4.1700
0.9000	293.8200	4.1700
0.8100	291.9450	4.1700
0.6700	292.5300	4.1700
0.5500	294.0200	4.1700
0.4600	288.7900	4.1700
0.4200	293.1200	4.1700
0.3900	296.2200	4.1700
0.4000	294.8050	4.1700
0.4100	295.2000	4.1700
0.3700	295.7450	4.1700
0.3200	297.4050	4.1700
0.4100	294.6050	4.1700
0.7700	294.2800	4.1700
1.3800	288.1000	4.1700
1.5800	286.6400	4.1700
1.2900	287.2050	4.1700
0.9100	289.0000	4.1700
0.6800	288.0750	4.1700
0.6100	289.7400	4.1700
0.5600	292.1400	4.1700
0.5000	288.7750	4.1700
0.4100	287.1050	4.1700
0.3400	289.5150	4.1700
0.2800	294.0350	4.1700
0.2300	295.7400	4.1600
0.1900	293.1050	3.4900
0.1700	294.1000	3.4900
0.1900	295.4650	3.4900
0.2100	296.2500	3.4900
0.2300	294.0150	3.4900
0.3400	290.6350	3.4900
0.5600	287.9950	3.4900
0.5600	284.9000	3.4900
0.6700	282.1550	3.4900
0.8500	284.4550	3.4900
0.7700	289.2150	3.4900
0.5700	290.5950	3.4900
0.4300	283.2250	3.4900
0.3600	284.8700	3.4900
0.3100	290.7350	3.4900
0.2600	291.0800	3.4900
0.2200	287.2150	3.4900
0.2000	283.5850	3.4900
0.3100	281.9250	3.4900
2.5800	281.8150	3.4900
2.4100	282.3450	3.4900
1.8200	285.7350	3.4900
1.6600	284.1150	3.4900
10.2000	279.7750	3.4900
6.1100	280.7700	3.4900
2.9400	282.7850	3.4900
1.6000	283.7050	3.4900
1.0100	287.0750	3.4900
0.8100	283.7650	3.4900
1.8900	278.5450	3.4500
2.3500	283.3550	1.7900
1.4100	280.1000	1.7900
0.9000	281.3650	1.7900
1.1400	277.4700	1.7900
1.6200	278.9300	1.7900
3.6700	277.2800	1.7900
4.1300	277.4100	1.7900
2.1700	281.1200	1.7900
1.3600	282.1400	1.7900
0.9000	283.3850	1.7900
0.6300	283.4500	1.7900
0.7700	282.2350	1.7900
0.8500	283.1100	1.7900
0.7000	281.0800	1.7900
0.5400	283.1400	1.7900
0.4400	284.0150	1.7900
0.4100	282.0800	1.7900
0.8400	276.9100	1.7900
1.0600	279.7450	1.7900
1.8500	278.5650	1.7900
2.6300	275.8050	1.7900
1.8700	276.9000	1.7900
1.5400	282.2600	1.7900
1.3400	285.0200	1.7900
0.9400	284.5050	1.7900
0.6600	277.3600	1.7900
0.5000	275.7650	1.7900
0.4200	279.5000	1.7900
0.4500	282.0000	1.7900
0.5400	281.7900	1.7900
0.5500	275.7300	1.7700
0.4900	277.5100	0.9700
0.4100	275.0500	0.9700
0.3700	276.7850	0.9700
0.3700	280.1300	0.9700
0.3700	277.9300	0.9700
0.3400	277.3100	0.9700
0.2900	281.2200	0.9700
0.2600	282.3650	0.9700
0.3000	282.1050	0.9700
0.5000	280.9400	0.9700
0.5400	277.1300	0.9700
0.4600	275.3000	0.9700
0.4300	278.5750	0.9700
0.3900	273.6100	0.9700
0.3200	275.2200	0.9700
0.2700	280.0300	0.9700
0.2900	278.6700	0.9700
0.7500	278.9750	0.9700
1.1300	276.3300	0.9700
0.9300	273.2300	0.9700
0.8200	273.1500	0.9700
0.6700	273.1500	0.9700
0.4900	273.1500	0.9700
0.3600	273.4300	0.9700
0.2700	273.4450	0.9700
0.2100	273.1500	0.9700
0.1700	273.1500	0.9700
0.1500	273.1500	0.9700
0.1300	273.1500	0.9700
0.1100	273.1500	0.9700
0.1000	273.1500	0.9900
0.0900	273.1500	0.9900
0.0900	274.0250	0.9900
5.5800	278.4400	0.9900
26.8700	276.1800	0.9900
8.8100	273.6350	0.9900
3.6200	273.2150	0.9900
1.8600	273.1500	0.9900
1.1000	273.1500	0.9900
0.7100	273.1500	0.9900
0.4800	273.1500	0.9900
0.3600	273.1500	0.9900
0.2800	273.1500	0.9900
0.2200	273.1500	0.9900
0.1800	273.1500	0.9900
0.1600	273.1500	0.9900
0.1500	273.1800	0.9900
0.2900	273.2050	0.9900
0.4000	273.5700	0.9900
0.3900	274.1400	0.9900
0.4400	273.2600	0.9900
0.6100	273.1500	0.9900
0.5800	273.1500	0.9900
0.5200	273.8850	0.9900
0.7100	273.1500	0.9900
0.7400	273.1500	0.9900
0.5500	273.1500	0.9900
0.3900	273.1500	0.9900
0.2900	273.1500	0.9900
0.2300	273.1500	0.9900
0.1800	273.1500	0.9900
0.1600	273.1500	0.8300
0.1300	273.2950	0.8300
0.3000	273.6250	0.8300
0.6800	274.1750	0.8300
0.7700	275.7500	0.8300
0.9000	273.3200	0.8300
0.8500	273.1500	0.8300
0.6700	273.1500	0.8300
0.4800	273.1500	0.8300
0.3900	273.1500	0.8300
0.3600	273.2500	0.8300
0.4100	273.3050	0.8300
0.5500	273.1750	0.8300
0.5400	273.3300	0.8300
0.4900	273.9900	0.8300
0.4400	273.1500	0.8300
0.3900	273.1500	0.8300
0.3300	273.1500	0.8300
0.2600	273.1500	0.8300
0.5700	273.1600	0.8300
0.7400	273.1500	0.8300
0.5400	273.1500	0.8300
0.3900	273.1500	0.8300
0.2900	273.1500	0.8300
0.2300	273.1500	0.8300
0.1900	273.1800	0.8300
0.2300	273.7700	0.8300
1.9100	273.6250	0.8300
1.5400	273.1500	0.8300
0.8500	273.1500	0.8300
0.5500	273.1550	0.8300
0.6300	273.1700	0.7600
0.7300	273.1500	0.7600
0.5700	273.1500	0.7600
0.5300	273.1500	0.7600
0.4400	273.1500	0.7600
0.3200	273.1500	0.7600
0.3100	273.1500	0.7600
0.3100	273.1500	0.7600
0.3100	273.1500	0.7600
0.3900	273.9550	0.7600
1.2200	274.4250	0.7600
2.9400	273.5950	0.7600
2.5600	274.5600	0.7600
1.5900	273.1500	0.7600
1.0600	273.2550	0.7600
1.6000	274.2800	0.7600
2.4000	273.4100	0.7600
2.6100	273.1700	0.7600
1.5500	273.8950	0.7600
0.8500	276.0500	0.7600
0.5500	274.6500	0.7600
0.3900	274.4600	0.7600
0.2900	274.5950	0.7600
0.2500	274.3450	0.7600
0.4800	273.7450	0.7600
1.3000	273.3750	0.7600
1.3400	274.3350	0.7600
1.3200	275.8050	0.7600
3.7500	277.1900	0.8300
6.0500	274.3950	0.8300
4.1400	273.4800	0.8300
1.8800	273.3400	0.8300
1.1400	273.2050	0.8300
0.9000	273.2800	0.8300
0.7100	274.2200	0.8300
0.5100	274.6200	0.8300
1.6400	274.7850	0.8300
7.4200	275.0450	0.8300
12.4500	277.3350	0.8300
14.3000	275.0450	0.8300
5.6800	274.6300	0.8300
2.2700	275.1550	0.8300
2.1100	274.4600	0.8300
1.3600	274.4450	0.8300
0.9000	273.7350	0.8300
0.6800	274.0950	0.8300
0.6400	275.0050	0.8300
1.5900	274.5200	0.8300
2.5600	273.5800	0.8300
1.7200	273.2750	0.8300
1.0300	273.7150	0.8300
1.8000	275.8150	0.8300
3.5400	273.6400	0.8300
1.9900	273.9550	0.8300
1.7000	273.9000	0.8300
2.3100	273.1550	0.8300
1.5300	273.1900	0.8300
1.0400	273.1500	0.8300
0.9000	273.1500	0.8400
1.2700	273.1500	1.0800
1.5400	273.1550	1.0800
1.2000	273.4050	1.0800
1.0200	275.5450	1.0800
7.6600	276.1650	1.0800
6.8500	274.2500	1.0800
4.7300	274.7450	1.0800
5.6000	274.5550	1.0800
6.0500	274.6300	1.0800
6.0400	275.5450	1.0800
3.3200	274.9450	1.0800
1.7400	277.5850	1.0800
0.9600	282.2150	1.0800
0.6100	286.1900	1.0800
0.4400	280.8300	1.0800
0.3400	274.4050	1.0800
0.3100	276.4550	1.0800
0.3400	279.6000	1.0800
0.3900	279.2450	1.0800
0.5300	274.7400	1.0800
1.8400	273.1500	1.0800
2.1600	273.3700	1.0800
2.2600	274.6150	1.0800
3.1900	274.9900	1.0800
3.2200	274.9450	1.0800
2.3200	274.7700	1.0800
1.7600	278.2300	1.0800
1.2100	283.4150	1.0800
0.9000	285.3050	1.0800
0.7200	280.5950	1.1000
0.5400	275.8300	1.7900
0.4000	278.4850	1.7900
0.3100	280.4900	1.7900
0.2500	283.1800	1.7900
0.2100	284.7550	1.7900
0.2000	284.3600	1.7900
0.1900	283.0800	1.7900
0.3000	280.3350	1.7900
0.9100	278.0100	1.7900
0.9900	277.9150	1.7900
0.9100	282.3000	1.7900
0.8300	278.0800	1.7900
1.3400	279.2850	1.7900
2.8900	282.4200	1.7900
2.2600	284.1900	1.7900
1.5600	289.0550	1.7900
1.0000	291.1100	1.7900
0.6600	292.7450	1.7900
0.4600	290.5550	1.7900
0.3400	289.8200	1.7900
0.2700	286.1800	1.7900
0.5800	279.9550	1.7900
6.2000	279.7350	1.7900
18.6900	281.2900	1.7900
14.4300	280.9450	1.7900
12.0800	280.9050	1.7900
5.9700	280.3550	1.7900
2.9300	281.7300	1.7900
1.7200	286.6000	1.7900
1.5200	285.5750	1.7900
1.3300	286.2550	1.8100
1.0200	289.5400	2.4200
0.9600	286.1350	2.4200
1.0900	282.8100	2.4200
1.2600	283.9000	2.4200
6.6400	282.6650	2.4200
5.8900	283.3150	2.4200
3.3600	279.9750	2.4200
2.1500	281.0200	2.4200
3.5100	281.9100	2.4200
3.2000	282.6850	2.4200
4.7200	279.6600	2.4200
8.1800	279.3000	2.4200
7.7400	281.9100	2.4200
4.2100	285.6900	2.4200
2.0400	286.4250	2.4200
1.1200	288.1600	2.4200
0.6900	290.7450	2.4200
0.4700	289.2300	2.4200
0.3500	287.6250	2.4200
0.2900	288.9400	2.4200
0.2700	291.9550	2.4200
0.2600	294.0950	2.4200
0.2700	290.3200	2.4200
0.3900	290.2300	2.4200
0.4900	289.4400	2.4200
0.4600	290.8500	2.4200
0.3700	288.5050	2.4200
0.2900	291.0250	2.4200
0.2300	293.7450	2.4200
0.1900	297.8400	2.4500
0.2500	298.2250	3.7200
0.6500	292.5750	3.7200
1.4700	291.9950	3.7200
2.0400	296.6200	3.7200
1.9800	294.7450	3.7200
2.9600	291.6500	3.7200
1.8500	290.4550	3.7200
1.0500	290.6550	3.7200
0.6500	291.3150	3.7200
0.4400	293.2350	3.7200
0.3200	288.3550	3.7200
0.2400	286.5050	3.7200
0.1900	290.5600	3.7200
0.1500	292.7650	3.7200
0.1300	291.7300	3.7200
0.1100	292.8500	3.7200
0.1000	291.7450	3.7200
0.0900	292.7600	3.7200
0.0900	290.3450	3.7200
0.0800	292.6950	3.7200
0.0900	295.4850	3.7200
0.0900	297.3000	3.7200
0.2200	288.9350	3.7200
1.5800	291.8350	3.7200
1.8300	291.1350	3.7200
1.2200	295.8050	3.7200
0.7700	295.1950	3.7200
0.5900	292.6950	3.7200
0.5600	293.5100	3.7200
0.4800	293.2300	3.7200
0.3800	289.1950	3.7200
0.3300	294.1450	3.8400
0.2900	293.1650	3.8400
0.2600	290.8850	3.8400
0.2700	289.9400	3.8400
0.3400	292.1450	3.8400
0.3800	293.3250	3.8400
0.3400	296.7350	3.8400
0.2700	297.8350	3.8400
0.2400	296.3450	3.8400
0.3100	294.7850	3.8400
0.6000	289.3450	3.8400
0.6900	289.1000	3.8400
0.5400	291.6050	3.8400
0.4100	292.1200	3.8400
0.3200	291.6800	3.8400
0.2500	291.9800	3.8400
0.2000	296.3000	3.8400
0.1800	296.9700	3.8400
0.1600	297.1350	3.8400
0.2300	293.5050	3.8400
1.3100	287.7850	3.8400
3.0100	283.3000	3.8400
3.3800	287.9900	3.8400
1.8000	293.8750	3.8400
1.0900	296.9500	3.8400
0.7900	291.4000	3.8400
0.7600	284.3200	3.8400
1.0700	284.8000	3.8400
1.2800	288.6850	3.8400
1.3300	293.0100	3.8400
1.0900	289.6450	3.8300
4.3300	281.2950	3.2200
16.1800	280.1850	3.2200
6.5000	283.1450	3.2200
2.5700	283.9600	3.2200
1.3300	283.7250	3.2200
0.9000	282.7750	3.2200
1.3800	283.4750	3.2200
4.0700	283.5050	3.2200
2.5500	286.6500	3.2200
1.4700	285.5450	3.2200
1.1600	280.7100	3.2200
1.2000	286.1750	3.2200
0.9400	285.3950	3.2200
0.9000	284.4800	3.2200
0.9700	288.7850	3.2200
0.7700	290.6400	3.2200
0.5700	290.5650	3.2200
0.4200	291.0100	3.2200
0.3200	292.3250	3.2200
0.2800	292.2700	3.2200
0.3000	287.4400	3.2200
0.3800	282.4050	3.2200
0.7700	280.3900	3.2200
1.2300	281.9550	3.2200
1.5900	287.1500	3.2200
1.6800	285.5800	3.2200
1.2200	286.2500	3.2200
0.8200	284.7800	3.2200
0.7400	285.8500	3.2200
0.7100	289.1300	3.1900
0.5500	291.0650	1.6700
0.4100	291.3300	1.6700
0.5500	290.4950	1.6700
0.8200	286.6300	1.6700
0.9300	282.8500	1.6700
1.0700	280.1900	1.6700
0.8700	283.4650	1.6700
0.6700	279.6150	1.6700
0.8200	275.6950	1.6700
0.8600	274.1150	1.6700
1.1800	273.1950	1.6700
1.2500	273.1650	1.6700
1.7700	274.1450	1.6700
2.4600	277.9700	1.6700
5.2700	277.7900	1.6700
3.6200	277.0900	1.6700
1.8300	280.2400	1.6700
1.2200	284.8700	1.6700
0.9100	282.7500	1.6700
0.6600	280.0950	1.6700
0.4800	279.4900	1.6700
0.9700	274.8300	1.6700
1.7400	278.5400	1.6700
1.2200	279.2050	1.6700
0.8600	280.3700	1.6700
0.6600	275.9350	1.6700
0.5200	276.8600	1.6700
0.4000	282.6750	1.6700
0.3000	284.3150	1.6700
0.2400	283.3400	1.6700
0.1800	283.5250	1.6600
0.1500	284.5500	0.9300
0.1400	284.0700	0.9300
0.3200	279.6000	0.9300
1.4100	277.6000	0.9300
1.6600	275.8400	0.9300
2.2200	273.8200	0.9300
1.5900	276.4400	0.9300
1.6800	279.6150	0.9300
2.9900	279.7550	0.9300
2.1300	278.2300	0.9300
1.2100	276.7500	0.9300
0.7400	278.9100	0.9300
1.8500	280.2800	0.9300
8.0800	274.7400	0.9300
4.5300	274.5750	0.9300
2.7700	278.1850	0.9300
2.3900	279.4700	0.9300
1.4400	283.0650	0.9300
0.8600	278.7800	0.9300
0.5600	273.6400	0.9300
0.4100	274.2900	0.9300
0.3900	274.0350	0.9300
0.7300	273.9550	0.9300
1.3300	273.7750	0.9300
1.0200	274.8950	0.9300
0.6700	275.3000	0.9300
0.4900	273.8150	0.9300
0.5400	273.8250	0.9300
0.5900	274.1250	0.9300
0.7900	275.3700	0.9300
1.5300	276.9250	0.9500
1.7900	277.8500	0.9500
3.9500	273.2350	0.9500
3.6900	273.1900	0.9500
1.9200	273.1600	0.9500
1.2300	274.8300	0.9500
1.6000	275.6950	0.9500
2.6400	273.9700	0.9500
1.9800	273.1500	0.9500
1.2200	273.8100	0.9500
0.8900	273.9950	0.9500
0.9500	273.5700	0.9500
0.7700	273.4150	0.9500
0.5500	273.1500	0.9500
0.4000	273.1500	0.9500
0.2900	273.1500	0.9500
0.2300	273.1500	0.9500
0.1900	273.1500	0.9500
0.1500	273.1500	0.9500
0.1300	273.1500	0.9500
0.1100	273.1500	0.9500
0.1000	273.1500	0.9500
0.1000	273.1500	0.9500
0.0900	273.1500	0.9500
0.0800	273.1500	0.9500
0.0700	273.1500	0.9500
0.0700	273.1500	0.9500
0.0600	273.7550	0.9500
1.0100	273.8750	0.9500
3.3400	273.6350	0.9500
2.4900	273.1800	0.9500
1.4400	273.2000	0.8100
0.9800	273.8200	0.8100
1.0800	273.1500	0.8100
0.7100	273.1500	0.8100
0.3800	273.1500	0.8100
0.2500	273.1550	0.8100
1.0400	275.4700	0.8100
13.7200	276.8200	0.8100
25.0900	275.1350	0.8100
9.3700	273.1800	0.8100
4.1400	273.4250	0.8100
2.5700	273.5950	0.8100
1.6600	274.3250	0.8100
1.1400	273.7900	0.8100
0.8300	273.6300	0.8100
0.5700	274.3200	0.8100
0.4100	274.5150	0.8100
0.3100	274.5250	0.8100
0.2400	275.6000	0.8100
0.2000	276.6200	0.8100
0.1700	276.5200	0.8100
0.1400	275.1300	0.8100
0.1300	273.3850	0.8100
0.1200	273.1500	0.8100
0.1200	273.1500	0.8100
0.1200	273.1500	0.8100
0.1100	273.1500	0.8100
0.1000	273.1500	0.8100
0.1600	273.1500	0.8100
0.2400	273.8350	0.8100
0.4600	275.2800	0.8000
0.8900	273.1500	0.7400
0.7200	273.4250	0.7400
0.5600	275.1400	0.7400
0.5100	277.3100	0.7400
0.4100	277.5400	0.7400
0.5900	277.9700	0.7400
2.0300	274.8500	0.7400
2.5900	274.0150	0.7400
1.4600	274.0050	0.7400
0.8500	273.4000	0.7400
0.5500	273.1500	0.7400
0.3900	273.1500	0.7400
0.2900	273.1500	0.7400
0.2500	273.1500	0.7400
0.2700	273.1500	0.7400
0.3300	273.2300	0.7400
0.4000	273.6850	0.7400
0.3600	273.8200	0.7400
0.3000	273.5550	0.7400
0.2600	273.5900	0.7400
0.2400	273.4350	0.7400
0.2200	274.3450	0.7400
0.3000	278.1200	0.7400
12.3500	277.8200	0.7400
14.7600	275.2200	0.7400
11.7700	274.0400	0.7400
6.8200	273.3750	0.7400
3.0700	273.2200	0.7400
1.9100	274.0900	0.8000
3.5400	276.8800	0.8000
10.2500	277.3250	0.8000
12.8300	276.8400	0.8000
6.1100	274.8300	0.8000
2.7100	273.3750	0.8000
1.7200	273.1550	0.8000
1.3600	273.1800	0.8000
1.1500	273.1500	0.8000
1.0500	273.1500	0.8000
0.7600	273.1500	0.8000
0.6100	273.1500	0.8000
0.6200	273.4450	0.8000
1.2800	275.0000	0.8000
2.4300	276.3750	0.8000
1.6200	276.2900	0.8000
3.2900	274.0650	0.8000
3.7600	273.7700	0.8000
2.3200	274.9600	0.8000
3.8300	277.0400	0.8000
15.5700	279.0350	0.8000
21.4500	280.9700	0.8000
14.5700	277.1550	0.8000
6.1900	274.5250	0.8000
3.6000	273.6600	0.8000
3.1200	273.2600	0.8000
2.7200	273.2000	0.8000
1.6800	274.1850	0.8000
1.4400	274.9000	0.8000
2.7900	273.1950	0.8000
2.5400	273.4150	0.8100
1.8400	273.6650	1.0300
1.9700	273.7350	1.0300
2.9700	273.9950	1.0300
4.4300	273.9500	1.0300
3.0600	273.9350	1.0300
6.2800	275.9000	1.0300
6.3400	278.2150	1.0300
2.4500	281.2400	1.0300
1.1100	281.8650	1.0300
0.7500	279.9950	1.0300
0.6700	282.4000	1.0300
0.5800	279.9250	1.0300
0.4900	280.7450	1.0300
0.4300	276.3700	1.0300
0.4200	274.4200	1.0300
1.6400	273.8600	1.0300
3.0900	275.9050	1.0300
1.8900	279.9500	1.0300
1.2800	280.2700	1.0300
0.8900	283.0450	1.0300
0.6200	285.8050	1.0300
0.4500	287.0100	1.0300
0.3500	282.9650	1.0300
0.3500	275.2350	1.0300
0.7300	275.4700	1.0300
0.9600	276.1200	1.0300
1.6700	275.1500	1.0300
2.5100	275.6300	1.0300
4.5900	273.9200	1.0300
8.9300	273.8450	1.0400
6.6700	274.3400	1.6800
3.2600	277.8500	1.6800
1.9400	280.7050	1.6800
1.4700	279.4650	1.6800
1.8000	281.1500	1.6800
1.8300	279.6650	1.6800
1.9700	280.1050	1.6800
1.7500	277.4750	1.6800
1.8500	278.8350	1.6800
1.6800	281.1600	1.6800
1.1200	282.5100	1.6800
0.8100	281.2100	1.6800
0.8300	276.1650	1.6800
1.0000	279.8300	1.6800
1.1100	279.7350	1.6800
1.5100	281.1100	1.6800
1.2100	286.8700	1.6800
0.9000	289.2650	1.6800
0.7200	291.7500	1.6800
0.5800	283.9050	1.6800
0.4500	279.5000	1.6800
0.3500	283.2000	1.6800
0.2900	285.7300	1.6800
0.2500	288.5550	1.6800
1.5300	286.6650	1.6800
2.8700	287.4500	1.6800
1.7100	287.6250	1.6800
1.1100	287.7450	1.6800
0.7800	290.4250	1.6800
0.5600	292.2850	1.6800
0.4200	291.4400	1.6900
0.4000	287.7050	2.2500
0.4100	282.5650	2.2500
0.4600	285.0900	2.2500
0.4600	287.6150	2.2500
0.3900	288.4700	2.2500
0.4000	284.0050	2.2500
2.3600	277.6000	2.2500
3.0100	278.4750	2.2500
4.3800	280.5850	2.2500
4.3900	282.0650	2.2500
2.3000	285.0500	2.2500
1.3800	287.5950	2.2500
0.8700	289.8500	2.2500
0.5800	290.7900	2.2500
0.4300	288.2600	2.2500
1.2600	287.6400	2.2500
2.7000	289.2650	2.2500
1.7400	287.9450	2.2500
1.1800	287.7800	2.2500
0.8600	286.7800	2.2500
0.9200	286.6600	2.2500
1.5900	284.8550	2.2500
5.1400	283.0650	2.2500
3.6000	287.2350	2.2500
1.7800	293.2100	2.2500
1.0100	289.7050	2.2500
0.6400	287.1900	2.2500
0.4500	290.0100	2.2500
0.3300	292.0000	2.2500
0.2600	293.3600	2.2800
0.2100	291.6450	3.7200
0.1800	292.1500	3.7200
0.1700	293.6150	3.7200
0.3300	293.6750	3.7200
1.0200	295.0700	3.7200
2.5800	294.4600	3.7200
4.5500	290.8050	3.7200
4.3600	288.2350	3.7200
3.1800	285.2550	3.7200
2.1000	288.4050	3.7200
1.3600	291.7150	3.7200
0.9300	294.4500	3.7200
0.7400	294.5350	3.7200
2.3000	287.3850	3.7200
3.6900	289.4100	3.7200
2.4100	292.5050	3.7200
1.3600	294.9450	3.7200
0.8400	296.0900	3.7200
0.6300	296.4350	3.7200
0.5000	291.5850	3.7200
0.4000	292.3450	3.7200
0.3300	295.0550	3.7200
0.2900	296.8450	3.7200
0.2800	298.8750	3.7200
0.3500	297.4550	3.7200
0.7100	297.4300	3.7200
2.9400	293.2750	3.7200
15.8300	290.8250	3.7200
6.6000	287.9700	3.7200
4.1600	289.1000	3.7200
2.1200	290.5950	3.7200
1.6300	292.9400	3.8400
1.4500	296.5050	3.8400
1.0100	295.6200	3.8400
0.7100	295.3200	3.8400
0.5200	292.7550	3.8400
0.4500	294.0500	3.8400
2.1100	290.5700	3.8400
12.8600	286.8850	3.8400
6.7600	288.0250	3.8400
2.9900	290.3600	3.8400
1.5500	293.6750	3.8400
0.8900	295.1550	3.8400
0.5700	292.4200	3.8400
0.4000	288.5800	3.8400
0.6200	283.6600	3.8400
1.2900	283.9650	3.8400
1.4200	285.2900	3.8400
1.9100	289.6800	3.8400
1.3600	291.3950	3.8400
0.8400	291.8000	3.8400
0.5700	295.1350	3.8400
0.4300	296.1650	3.8400
0.3400	294.7500	3.8400
0.2700	291.3250	3.8400
0.2100	291.1700	3.8400
0.1700	294.6450	3.8400
0.1400	294.1800	3.8400
0.1300	293.9300	3.8400
0.1200	293.8450	3.8400
0.1100	293.2950	3.8400
0.1000	292.9400	3.8200
0.0900	292.7450	3.2200
0.0900	294.2650	3.2200
0.1800	295.5200	3.2200
0.4900	293.5600	3.2200
0.6300	293.6800	3.2200
0.5300	296.1600	3.2200
0.4800	289.4450	3.2200
0.4600	283.4300	3.2200
0.3900	285.5500	3.2200
0.3100	289.7800	3.2200
0.2700	288.2700	3.2200
0.2600	288.1150	3.2200
0.2400	288.7350	3.2200
0.2100	288.5550	3.2200
0.1700	292.7600	3.2200
0.1600	293.8600	3.2200
0.1700	295.2750	3.2200
0.1800	292.9250	3.2200
0.1700	294.6950	3.2200
0.1600	289.7750	3.2200
0.1400	281.6150	3.2200
0.1700	286.4700	3.2200
0.2100	292.0400	3.2200
0.2200	294.3350	3.2200
0.2100	293.7400	3.2200
0.1800	290.8850	3.2200
0.1500	286.7000	3.2200
0.1200	282.2100	3.2200
0.1000	291.5350	3.2200
0.1100	285.3800	3.1800
3.2100	276.9050	1.6700
4.7000	277.8500	1.6700
2.2500	281.3100	1.6700
1.3100	277.9500	1.6700
1.2300	275.2300	1.6700
1.5800	276.1650	1.6700
1.7700	277.5100	1.6700
1.5700	273.9950	1.6700
1.6200	274.4600	1.6700
1.4600	273.1500	1.6700
1.0600	273.1500	1.6700
0.7700	273.1500	1.6700
0.5900	273.2650	1.6700
0.9800	275.9800	1.6700
2.3700	281.8550	1.6700
2.2000	280.8900	1.6700
1.4000	284.0550	1.6700
0.9900	286.4350	1.6700
0.7800	281.6300	1.6700
2.0300	278.0200	1.6700
4.0000	278.0050	1.6700
2.5400	280.2300	1.6700
1.6500	278.5100	1.6700
1.1500	279.9100	1.6700
1.2400	276.0250	1.6700
1.3800	277.4250	1.6700
1.0300	277.3700	1.6700
1.0000	273.7900	1.6700
1.0900	273.2650	1.6700
1.1400	275.4450	1.6700
2.4500	280.3550	1.6600
3.4300	279.0200	0.9300
1.9600	275.6650	0.9300
1.1700	275.1850	0.9300
0.8800	275.4950	0.9300
0.6800	280.0900	0.9300
0.5600	283.0850	0.9300
0.4600	277.0700	0.9300
0.4000	274.9400	0.9300
0.3400	274.9200	0.9300
0.2800	276.9350	0.9300
0.2700	276.6150	0.9300
0.3400	275.6250	0.9300
0.9300	273.3450	0.9300
1.7300	273.1500	0.9300
1.3400	273.1500	0.9300
0.9600	273.6700	0.9300
1.0100	277.2350	0.9300
1.6700	276.9450	0.9300
1.4100	274.4050	0.9300
0.8800	275.8450	0.9300
0.6200	275.8600	0.9300
0.5100	273.1750	0.9300
0.5000	273.3150	0.9300
0.5700	273.5600	0.9300
0.6200	274.3700	0.9300
1.6600	277.0400	0.9300
3.1700	277.1500	0.9300
1.8600	274.7400	0.9300
1.1400	273.6300	0.9300
0.7400	274.3700	0.9300
0.4900	274.4750	0.9500
0.3500	273.1500	0.9500
0.2700	273.1500	0.9500
0.2100	273.1500	0.9500
0.1700	273.1500	0.9500
0.1500	273.1500	0.9500
0.1300	273.1500	0.9500
0.1100	273.1500	0.9500
0.0900	273.1500	0.9500
0.0800	273.1500	0.9500
0.0700	273.1500	0.9500
0.0700	273.1500	0.9500
0.0600	273.1500	0.9500
0.0600	273.1500	0.9500
0.0600	273.2150	0.9500
0.0600	274.1150	0.9500
0.4900	274.3400	0.9500
1.3300	273.3100	0.9500
1.3800	273.4800	0.9500
1.9900	275.3600	0.9500
3.4100	276.3000	0.9500
7.5600	274.2650	0.9500
5.2500	273.2050	0.9500
2.3500	273.1500	0.9500
1.2500	273.1500	0.9500
0.7600	273.1500	0.9500
0.5100	273.1500	0.9500
0.3700	273.1500	0.9500
0.2800	273.1500	0.9500
0.2200	273.1500	0.9500
0.2600	273.1500	0.9500
0.3200	273.3600	0.8100
0.7700	274.1200	0.8100
2.0700	273.3700	0.8100
1.6100	273.1650	0.8100
0.9400	273.1550	0.8100
0.6400	273.1500	0.8100
0.4400	273.1500	0.8100
0.3200	273.1500	0.8100
0.2400	273.2300	0.8100
0.2200	273.5050	0.8100
0.5300	273.7350	0.8100
2.1800	276.1250	0.8100
2.7300	275.7550	0.8100
1.8000	274.6100	0.8100
0.9200	273.7200	0.8100
0.5400	274.9500	0.8100
0.3500	274.6400	0.8100
0.2700	274.4300	0.8100
0.2200	273.8800	0.8100
0.2000	273.6750	0.8100
0.1800	273.2800	0.8100
0.1800	273.1750	0.8100
0.2000	273.1500	0.8100
0.2100	273.1500	0.8100
0.1900	273.1500	0.8100
0.1600	273.1500	0.8100
0.2700	273.1500	0.8100
0.4400	273.1500	0.8100
0.7300	273.3500	0.8100
1.4600	273.3450	0.8100
2.1700	273.1500	0.8000
1.8000	273.1750	0.7400
1.1200	273.3150	0.7400
0.7500	273.5100	0.7400
0.5000	273.4800	0.7400
0.3400	273.2800	0.7400
0.2500	273.2400	0.7400
0.2200	273.2250	0.7400
0.2500	273.1500	0.7400
0.2300	273.1500	0.7400
0.2000	273.1500	0.7400
0.1600	273.1700	0.7400
0.1400	273.9400	0.7400
0.1300	274.1600	0.7400
0.1500	273.4550	0.7400
0.2100	274.1150	0.7400
0.3000	274.0450	0.7400
0.5100	273.9550	0.7400
0.6400	273.3100	0.7400
0.6000	273.1500	0.7400
0.5600	273.1500	0.7400
0.5500	273.1500	0.7400
0.4700	273.1500	0.7400
0.4400	273.2000	0.7400
0.4800	273.6500	0.7400
0.4300	274.1500	0.7400
0.3500	273.7900	0.7400
0.2800	274.4400	0.7400
0.3100	276.2000	0.7400
1.8100	275.2700	0.8000
6.5200	275.7350	0.8000
11.0500	275.6150	0.8000
13.3200	275.7250	0.8000
13.6700	275.8950	0.8000
11.7000	275.8900	0.8000
14.6200	276.5400	0.8000
14.5800	276.7250	0.8000
9.7600	276.5300	0.8000
4.3100	274.2100	0.8000
2.3000	273.2750	0.8000
1.9200	275.2550	0.8000
2.0700	277.1650	0.8000
1.3100	275.6500	0.8000
1.0200	277.0350	0.8000
1.1300	280.0100	0.8000
1.0000	281.4800	0.8000
0.7300	276.6100	0.8000
0.5100	274.2500	0.8000
0.4800	274.0300	0.8000
0.8500	278.2550	0.8000
1.1800	279.2000	0.8000
1.3800	275.6500	0.8000
1.2200	275.7000	0.8000
0.8900	277.7100	0.8000
0.7100	278.8450	0.8000
0.9100	276.0650	0.8000
0.9200	279.6050	0.8000
0.6900	281.6100	0.8000
0.6100	279.8200	0.8000
1.8800	275.5350	0.8100
2.7200	274.9000	1.0300
2.0800	274.9100	1.0300
1.3500	275.3500	1.0300
1.2300	273.8600	1.0300
1.1500	275.1900	1.0300
1.2400	276.4750	1.0300
1.0000	275.2200	1.0300
0.8100	276.9200	1.0300
0.6800	274.3650	1.0300
0.6400	274.2300	1.0300
0.5400	276.3300	1.0300
0.5800	277.3650	1.0300
0.9800	277.3600	1.0300
3.1600	277.0550	1.0300
5.9700	278.3100	1.0300
3.1800	280.4950	1.0300
1.6100	285.7650	1.0300
0.9500	285.1550	1.0300
0.6400	285.2650	1.0300
0.4600	286.0700	1.0300
0.3500	286.2400	1.0300
0.2900	286.1150	1.0300
0.2600	282.4750	1.0300
0.3700	280.1000	1.0300
0.4800	277.1200	1.0300
0.5900	276.7650	1.0300
1.2100	281.5050	1.0300
1.1200	282.6750	1.0300
1.5000	276.4550	1.0300
5.4000	276.4300	1.0400
5.9300	276.7650	1.6800
3.3200	277.1050	1.6800
1.9500	279.1350	1.6800
1.5600	275.8550	1.6800
2.0400	273.9400	1.6800
2.0300	273.9650	1.6800
2.3000	274.7050	1.6800
2.6000	276.7450	1.6800
1.8500	278.7350	1.6800
1.4800	279.7850	1.6800
1.2500	279.8700	1.6800
1.6200	279.7850	1.6800
1.5200	282.1100	1.6800
1.0000	285.6750	1.6800
0.6700	287.9300	1.6800
0.5100	288.0800	1.6800
0.4600	289.7600	1.6800
0.4100	291.6100	1.6800
0.3900	287.6750	1.6800
0.7900	285.2250	1.6800
1.2300	278.4800	1.6800
1.3300	280.5550	1.6800
2.0100	279.2450	1.6800
3.8600	281.1500	1.6800
5.7800	279.8450	1.6800
5.9500	282.7400	1.6800
2.9300	286.1950	1.6800
3.1400	284.4800	1.6800
6.9200	280.1600	1.6800
5.9600	280.6300	1.6800
3.1900	283.4500	1.6900
2.2800	285.2300	2.2500
4.4200	285.3250	2.2500
4.2400	285.0300	2.2500
3.2300	283.4400	2.2500
2.1600	284.1550	2.2500
1.4600	285.5800	2.2500
1.0900	286.2100	2.2500
2.0500	283.8500	2.2500
1.8800	287.0650	2.2500
1.2600	285.2700	2.2500
2.5400	283.0350	2.2500
10.3300	281.7950	2.2500
4.4000	284.9050	2.2500
1.9300	289.3200	2.2500
1.0500	287.9400	2.2500
2.6500	286.4750	2.2500
21.1100	282.2600	2.2500
11.6500	281.2500	2.2500
5.3500	285.1050	2.2500
2.4400	289.3350	2.2500
2.2800	287.4700	2.2500
2.7000	285.0500	2.2500
1.7700	287.7850	2.2500
1.2800	291.1200	2.2500
1.1200	292.3800	2.2500
1.0800	290.1700	2.2500
1.0400	289.7650	2.2500
0.8300	291.5350	2.2500
0.5800	295.7800	2.2500
0.4800	294.5700	2.2800
1.5700	292.0550	3.6400
2.0500	291.8250	3.6400
1.5200	285.1300	3.6400
1.3600	285.4100	3.6400
1.5000	285.9700	3.6400
1.1700	284.3450	3.6400
0.8600	287.0600	3.6400
0.7200	290.4400	3.6400
0.7000	293.5200	3.6400
0.6000	295.0250	3.6400
0.4700	292.9050	3.6400
0.4800	292.8550	3.6400
0.4800	287.7650	3.6400
0.4000	285.4900	3.6400
0.3100	290.5400	3.6400
0.2400	293.9150	3.6400
0.1900	293.9700	3.6400
0.1700	293.5250	3.6400
0.2100	292.1950	3.6400
0.2600	290.2150	3.6400
0.3400	290.8300	3.6400
0.3900	292.1900	3.6400
0.4100	290.2600	3.6400
0.4000	291.0950	3.6400
0.4200	294.3400	3.6400
0.7600	296.0950	3.6400
0.8100	295.9450	3.6400
0.6800	293.3850	3.6400
1.0700	296.3950	3.6400
2.0300	294.8350	3.6400
1.6200	297.6700	3.6400
2.4300	294.2750	3.7500
4.0100	293.1550	3.7500
2.2600	293.2250	3.7500
1.2100	291.1950	3.7500
0.9000	292.5350	3.7500
1.1900	296.3850	3.7500
1.7900	294.2250	3.7500
2.4400	293.1600	3.7500
1.9800	293.8250	3.7500
1.7000	293.1400	3.7500
5.5100	292.6750	3.7500
10.3900	290.5050	3.7500
5.6900	287.8050	3.7500
9.2700	285.4350	3.7500
6.1400	286.9000	3.7500
3.0800	289.3200	3.7500
1.5600	293.2500	3.7500
0.9000	293.8000	3.7500
0.6000	294.2000	3.7500
0.4500	291.7150	3.7500
0.3500	293.3500	3.7500
0.2700	295.1000	3.7500
0.2200	288.1250	3.7500
0.2100	286.4800	3.7500
0.2200	291.7700	3.7500
0.2100	295.7000	3.7500
0.1900	292.8650	3.7500
0.1600	285.8150	3.7500
0.1300	284.7900	3.7500
0.3000	282.3750	3.7500
2.3400	282.8250	3.7400
2.9600	284.2750	3.1500
2.2200	282.2050	3.1500
2.1700	286.9950	3.1500
1.5700	292.3600	3.1500
1.0600	287.8150	3.1500
0.8600	282.1650	3.1500
0.7000	283.7450	3.1500
0.5300	287.4450	3.1500
0.4500	285.9800	3.1500
10.7700	283.1150	3.1500
6.6200	282.6950	3.1500
2.7100	285.4600	3.1500
1.6300	288.7000	3.1500
1.1500	288.3200	3.1500
0.9600	286.8450	3.1500
1.8100	287.9900	3.1500
1.9200	283.9850	3.1500
2.3600	279.8150	3.1500
2.2300	287.9050	3.1500
1.8100	287.9600	3.1500
1.6400	283.3500	3.1500
1.5700	282.7850	3.1500
1.2600	282.9000	3.1500
1.0400	284.6900	3.1500
0.9200	286.5500	3.1500
0.6800	291.9350	3.1500
0.4800	290.1950	3.1500
0.3500	292.0600	3.1500
0.2700	290.5950	3.1500
0.2100	288.6400	3.1100
0.1600	287.8050	1.6400
0.1300	290.6300	1.6400
0.1100	292.2050	1.6400
0.1000	293.0600	1.6400
0.1100	287.0100	1.6400
1.6800	284.7650	1.6400
2.4600	289.1350	1.6400
1.4700	286.2950	1.6400
0.9200	284.4250	1.6400
0.6700	286.3900	1.6400
0.5200	285.0400	1.6400
0.4700	278.0950	1.6400
0.5500	280.7600	1.6400
0.5100	285.7850	1.6400
0.3900	285.7050	1.6400
0.3000	279.3450	1.6400
0.2300	280.6000	1.6400
0.2000	278.5000	1.6400
0.2000	279.9750	1.6400
0.1800	281.7800	1.6400
0.1700	284.4350	1.6400
0.1500	284.1800	1.6400
0.1400	283.1200	1.6400
0.1400	281.7800	1.6400
0.1800	278.1150	1.6400
0.5900	275.9750	1.6400
1.3700	275.2650	1.6400
1.5500	275.8600	1.6400
1.0800	280.1400	1.6400
0.7500	278.1800	1.6400
0.6100	280.0600	1.6300
0.5400	279.9100	0.9200
0.4900	283.1850	0.9200
0.4200	279.3450	0.9200
0.3400	279.3350	0.9200
0.2600	282.9850	0.9200
0.2100	285.0450	0.9200
0.1700	284.8700	0.9200
0.1600	281.5800	0.9200
0.8700	274.4550	0.9200
2.2600	273.5350	0.9200
1.8400	273.4950	0.9200
1.2000	273.7200	0.9200
0.8800	273.8650	0.9200
0.9300	274.3900	0.9200
0.9300	275.5800	0.9200
1.4900	276.7050	0.9200
9.7900	274.1450	0.9200
5.7700	274.0600	0.9200
4.0200	273.4450	0.9200
2.8500	273.1600	0.9200
1.4800	273.1500	0.9200
0.8600	273.1500	0.9200
0.5600	273.1500	0.9200
0.4000	273.1500	0.9200
0.3000	273.1500	0.9200
0.2200	273.1600	0.9200
0.1800	273.2250	0.9200
0.3500	273.2350	0.9200
0.4700	273.1500	0.9200
0.3200	273.1500	0.9200
0.2300	273.2650	0.9400
0.2100	273.4450	0.9400
1.0900	273.4500	0.9400
1.2600	273.1500	0.9400
0.8100	273.1500	0.9400
0.5300	273.2550	0.9400
0.8600	273.3900	0.9400
1.7100	273.8300	0.9400
1.3000	274.0850	0.9400
0.9700	273.6200	0.9400
1.0200	273.1500	0.9400
0.9300	274.0900	0.9400
4.8000	277.2100	0.9400
14.4700	275.4500	0.9400
11.3800	273.8450	0.9400
6.1800	273.1200	0.9400
2.6500	273.1500	0.9400
1.3900	273.1500	0.9400
0.8400	273.1500	0.9400
0.5600	273.1500	0.9400
0.4000	273.1500	0.9400
0.3000	273.1500	0.9400
0.2300	273.2150	0.9400
0.1900	273.2050	0.9400
0.1600	273.4900	0.9400
0.1600	274.0350	0.9400
1.2200	273.5400	0.9400
1.4300	273.2150	0.9400
2.1700	273.3000	0.9400
1.7000	273.1500	0.9400
