152.5700	272.4000	72.8700
145.5400	272.3800	64.4000
140.3400	272.3800	64.4000
137.2100	272.3950	64.4000
137.0900	272.5350	64.4000
141.1200	272.4900	64.4000
148.8300	272.6950	64.4000
159.2900	272.5650	64.4000
171.3200	272.5850	64.4000
180.8400	272.6100	64.4000
185.4000	272.6700	64.4000
187.1800	272.7300	64.4000
190.0700	272.7800	64.4000
194.3900	272.8600	64.4000
194.7500	272.9500	64.4000
188.3700	273.0500	64.4000
178.1500	273.1250	64.4000
169.0400	273.1800	64.4000
162.7700	273.2150	64.4000
158.2600	273.2150	64.4000
154.3100	273.2150	64.4000
150.4500	273.2050	64.4000
146.7000	273.2150	64.4000
143.1400	273.2000	64.4000
139.7000	273.1700	64.4000
136.2500	273.1400	64.4000
132.8500	273.1350	64.4000
129.5700	273.1050	64.4000
126.5300	273.0800	64.4000
124.0000	273.0700	64.4000
122.2000	273.0650	64.4000
121.1300	273.0650	64.2400
120.6200	273.0400	57.0900
120.4300	273.0550	57.0900
120.3200	273.1000	57.0900
120.3200	273.1050	57.0900
120.7800	273.1450	57.0900
121.6600	273.1850	57.0900
123.3800	273.1850	57.0900
126.1500	273.1600	57.0900
129.3400	273.1700	57.0900
131.6400	273.1850	57.0900
132.0400	273.2100	57.0900
130.4300	273.2250	57.0900
127.3900	273.2400	57.0900
123.7200	273.2200	57.0900
120.0600	273.2350	57.0900
116.6800	273.2000	57.0900
113.6700	273.2200	57.0900
111.1100	273.2400	57.0900
109.3000	273.3150	57.0900
108.6800	273.3150	57.0900
109.3800	273.3300	57.0900
111.3100	273.3650	57.0900
114.7200	273.4150	57.0900
120.6700	273.4750	57.0900
130.6700	273.5450	57.0900
143.8300	273.5600	57.0900
155.1800	273.5600	57.0900
161.1500	273.5950	57.3400
163.4000	273.6600	69.0800
165.3300	273.8150	69.0800
167.5600	274.2550	69.0800
167.6100	274.3750	69.0800
163.7000	274.0200	69.0800
157.0300	274.3100	69.0800
150.7000	274.6800	69.0800
146.6300	274.9950	69.0800
144.3000	275.6150	69.0800
142.7800	274.7900	69.0800
141.5100	275.4100	69.0800
142.1200	277.2500	69.0800
152.2000	277.8950	69.0800
169.1100	278.6500	69.0800
166.2200	276.6450	69.0800
159.9800	276.5600	69.0800
170.0400	277.2650	69.0800
199.7700	278.7200	69.0800
254.1000	278.6100	69.0800
313.2300	280.7300	69.0800
355.8500	278.6150	69.0800
381.9300	277.2550	69.0800
393.3600	276.0800	69.0800
392.0000	275.2250	69.0800
385.6600	275.1800	69.0800
380.6500	275.7000	69.0800
376.0200	278.5150	69.0800
370.3700	278.1900	69.0800
362.3800	279.7500	69.0800
351.8100	278.8150	69.0800
343.8600	276.4800	70.8100
345.5600	277.7750	151.7700
362.0000	279.0450	151.7700
394.1100	278.7400	151.7700
429.2500	278.6300	151.7700
444.9300	278.0050	151.7700
441.2500	278.7850	151.7700
433.2100	280.5600	151.7700
443.7100	279.3650	151.7700
515.2000	278.8400	151.7700
632.1900	278.8350	151.7700
700.2100	278.8950	151.7700
707.2800	278.1850	151.7700
690.8600	278.7950	151.7700
666.4900	278.9600	151.7700
634.3900	277.1650	151.7700
595.6600	275.6800	151.7700
552.6200	277.0050	151.7700
510.7800	282.2850	151.7700
476.3500	283.2450	151.7700
451.2800	281.3050	151.7700
432.1700	278.5950	151.7700
413.7400	278.4900	151.7700
395.7900	281.2800	151.7700
384.8500	282.4950	151.7700
391.9100	283.8950	151.7700
423.4400	285.6450	151.7700
479.3600	287.1050	151.7700
577.0600	288.1750	151.7700
693.5900	286.8250	151.7700
762.2200	283.4000	157.2200
779.3900	284.2050	413.0400
773.6600	282.6250	413.0400
760.6700	281.6000	413.0400
743.3200	282.6350	413.0400
726.6000	284.3150	413.0400
720.9100	283.3250	413.0400
758.7800	282.8550	413.0400
873.9800	285.0550	413.0400
938.8800	286.5400	413.0400
874.0400	284.8950	413.0400
768.4700	285.1950	413.0400
681.3500	287.4250	413.0400
623.4700	290.6600	413.0400
594.1000	291.3500	413.0400
588.9800	289.7050	413.0400
594.1500	286.7300	413.0400
597.8400	285.5250	413.0400
603.4500	285.9400	413.0400
613.6200	287.0550	413.0400
621.7800	285.0300	413.0400
628.7700	283.2550	413.0400
643.0400	285.3350	413.0400
665.8700	286.0350	413.0400
697.3700	286.7850	413.0400
740.9600	287.6350	413.0400
788.3400	289.4300	413.0400
821.1700	289.5900	413.0400
824.5600	289.6400	413.0400
799.0700	289.6750	413.0400
773.1700	284.4300	413.0400
729.0700	287.4900	416.2100
688.7100	286.5700	565.1800
654.9700	286.6150	565.1800
626.4900	287.0400	565.1800
617.8600	284.9100	565.1800
669.7200	284.0100	565.1800
646.4700	285.5850	565.1800
622.1000	288.0600	565.1800
617.4700	290.1150	565.1800
638.9000	291.5150	565.1800
678.6800	291.5050	565.1800
707.4500	291.3300	565.1800
723.2900	288.9000	565.1800
752.6800	286.5050	565.1800
856.3300	286.7950	565.1800
856.7200	288.9250	565.1800
816.2700	288.6850	565.1800
760.1700	289.7250	565.1800
713.9100	288.8650	565.1800
683.9500	287.8900	565.1800
662.3800	289.0400	565.1800
667.5800	289.9200	565.1800
719.5000	291.6550	565.1800
790.0600	293.4100	565.1800
831.3900	293.2950	565.1800
835.4500	292.6300	565.1800
813.0100	289.8500	565.1800
761.4000	290.6200	565.1800
693.2700	292.2100	565.1800
625.7100	292.0400	565.1800
572.4300	290.9700	576.4000
535.2000	288.5900	1103.8800
524.7300	291.2600	1103.8800
494.1600	293.0100	1103.8800
474.2400	293.3600	1103.8800
466.8100	294.8350	1103.8800
467.0900	296.1550	1103.8800
468.4900	294.7900	1103.8800
469.8300	295.9400	1103.8800
469.3400	297.4700	1103.8800
464.6900	297.8450	1103.8800
457.2800	296.7450	1103.8800
449.4900	296.6300	1103.8800
447.3900	297.7150	1103.8800
440.1500	298.0700	1103.8800
423.6400	299.0500	1103.8800
411.0100	298.7450	1103.8800
408.6700	298.4200	1103.8800
420.2500	298.3150	1103.8800
445.0900	298.2750	1103.8800
477.5600	298.6350	1103.8800
505.6000	300.0850	1103.8800
521.0700	299.7900	1103.8800
544.0400	297.6500	1103.8800
558.1200	297.0950	1103.8800
568.2700	298.1950	1103.8800
570.6300	297.8650	1103.8800
573.4900	298.2800	1103.8800
592.5400	298.4250	1103.8800
573.9500	298.4850	1103.8800
541.7200	296.7050	1103.8800
513.8800	293.8650	1103.1100
515.9200	292.3250	1067.1000
507.6000	296.0150	1067.1000
495.7900	299.1550	1067.1000
480.4200	300.5750	1067.1000
463.8700	300.0450	1067.1000
454.2900	298.2500	1067.1000
456.6800	300.2300	1067.1000
469.0800	300.1600	1067.1000
478.5000	294.5350	1067.1000
471.1500	294.6800	1067.1000
449.0100	296.6150	1067.1000
423.9100	297.2050	1067.1000
403.7900	297.8800	1067.1000
389.4100	299.4650	1067.1000
378.1600	297.5500	1067.1000
368.0300	296.5050	1067.1000
358.7000	298.2400	1067.1000
350.7700	297.5650	1067.1000
344.6400	297.9350	1067.1000
340.1000	298.1100	1067.1000
336.7200	298.8850	1067.1000
334.0900	299.3950	1067.1000
331.9000	300.3850	1067.1000
330.1200	300.2500	1067.1000
328.9800	297.7350	1067.1000
329.2300	298.7700	1067.1000
332.5700	298.8900	1067.1000
340.0300	300.0150	1067.1000
349.2200	298.9000	1067.1000
355.8900	297.6800	1067.1000
358.2000	297.3450	1061.8600
357.1500	300.2350	815.5800
354.4100	299.0500	815.5800
351.1300	297.8200	815.5800
347.8700	300.0350	815.5800
345.1700	299.7750	815.5800
343.9400	296.3050	815.5800
347.2900	292.8400	815.5800
348.0100	293.0350	815.5800
342.3000	293.3100	815.5800
336.9200	293.6000	815.5800
336.6500	294.4300	815.5800
350.7400	292.7750	815.5800
388.4800	292.0750	815.5800
439.2800	290.2050	815.5800
476.7100	290.1750	815.5800
487.0700	291.3300	815.5800
485.0800	292.2350	815.5800
488.9700	291.8900	815.5800
493.0300	293.0400	815.5800
481.4400	291.7050	815.5800
453.7500	290.9700	815.5800
419.3500	292.4850	815.5800
385.5800	289.5850	815.5800
355.7300	289.7600	815.5800
330.7500	292.0350	815.5800
310.9100	291.7950	815.5800
296.3500	292.1650	815.5800
286.5200	292.2400	815.5800
280.1900	292.2650	815.5800
276.0600	290.0000	806.4200
273.3400	291.3200	375.6000
271.6300	290.8150	375.6000
270.5700	288.0100	375.6000
269.7400	285.7450	375.6000
268.9400	285.1850	375.6000
268.3500	285.6850	375.6000
267.8400	288.0750	375.6000
265.8500	288.5650	375.6000
260.2400	288.3550	375.6000
251.3400	288.7700	375.6000
241.9000	287.4900	375.6000
235.7800	287.0000	375.6000
233.0600	287.4650	375.6000
232.3500	285.1450	375.6000
233.9300	285.0500	375.6000
236.9100	284.5400	375.6000
239.0600	287.8450	375.6000
239.1700	286.1850	375.6000
237.7800	285.7900	375.6000
236.2400	286.1750	375.6000
235.9000	286.2750	375.6000
237.2600	286.8500	375.6000
239.6600	285.7750	375.6000
242.5200	282.8250	375.6000
245.0300	281.2100	375.6000
246.4200	281.2700	375.6000
246.1500	282.3900	375.6000
244.1300	285.3100	375.6000
241.3400	282.7150	375.6000
239.0900	282.9650	375.6000
237.9400	285.7900	370.0900
237.4800	283.7450	110.7800
237.1100	281.0300	110.7800
236.6800	281.9250	110.7800
236.9600	281.3050	110.7800
239.2200	281.6500	110.7800
243.3700	281.0950	110.7800
247.2600	278.6700	110.7800
248.4400	277.6800	110.7800
245.6800	279.9300	110.7800
239.6800	280.4800	110.7800
232.5500	279.7350	110.7800
226.1800	278.4450	110.7800
221.1300	279.5400	110.7800
217.0600	280.2950	110.7800
213.5300	282.2900	110.7800
210.4600	280.8400	110.7800
207.9500	281.6450	110.7800
206.0500	279.9100	110.7800
204.6900	276.7350	110.7800
203.7300	277.3350	110.7800
203.0000	279.4050	110.7800
202.3100	279.5800	110.7800
201.5000	279.8450	110.7800
200.5700	278.0200	110.7800
199.5800	276.9300	110.7800
198.6600	276.2800	110.7800
197.7100	276.0700	110.7800
195.7800	275.9400	110.7800
191.1500	275.8200	110.7800
182.7700	275.7550	109.8400
171.7900	275.6500	65.9200
162.1500	275.7750	65.9200
156.9800	275.6700	65.9200
160.0700	275.5050	65.9200
173.3400	275.3500	65.9200
191.6100	275.2600	65.9200
207.9900	275.1900	65.9200
217.2000	275.1050	65.9200
219.6900	275.3200	65.9200
218.0600	275.1450	65.9200
213.6700	274.8500	65.9200
207.0900	274.5850	65.9200
199.3000	274.4200	65.9200
191.4600	274.3100	65.9200
184.2800	274.6950	65.9200
177.7100	274.1800	65.9200
171.8700	274.2900	65.9200
166.6700	274.1200	65.9200
161.9000	273.6750	65.9200
157.4700	273.5650	65.9200
153.2100	273.4800	65.9200
148.9400	273.3750	65.9200
144.6800	273.2650	65.9200
140.6200	273.1550	65.9200
137.0200	273.0700	65.9200
134.0300	273.0150	65.9200
131.4500	272.9450	65.9200
128.7700	272.8700	65.9200
125.7800	272.8150	65.9200
122.7900	272.7450	65.9200
120.3700	272.6600	65.7600
119.0100	272.5750	58.1100
118.8700	272.4900	58.1100
119.6800	272.4400	58.1100
120.7400	272.4650	58.1100
121.2600	272.4700	58.1100
120.8100	272.4450	58.1100
119.3700	272.5500	58.1100
117.2100	274.7700	58.1100
114.6700	274.4600	58.1100
112.0200	273.1250	58.1100
109.5700	273.0100	58.1100
108.0800	272.7500	58.1100
108.4800	274.5700	58.1100
111.9600	272.9300	58.1100
118.6700	272.5950	58.1100
131.9300	272.6400	58.1100
152.3200	272.7150	58.1100
176.6300	272.8050	58.1100
197.9600	272.9600	58.1100
210.2800	273.2100	58.1100
212.0100	273.4350	58.1100
207.7500	273.5450	58.1100
201.7900	273.4300	58.1100
195.7800	273.4850	58.1100
189.8200	273.6050	58.1100
183.9900	273.6100	58.1100
178.3700	273.6350	58.1100
173.9700	273.6400	58.1100
171.4600	273.6200	58.1100
170.9000	273.5850	58.1100
171.7800	273.5750	57.9800
173.2800	273.5750	51.5200
174.1700	273.5750	51.5200
172.6800	273.5450	51.5200
167.8000	273.5100	51.5200
160.7000	273.4850	51.5200
153.8400	273.4600	51.5200
149.0900	273.5400	51.5200
148.2600	273.6600	51.5200
148.9400	273.7600	51.5200
151.5800	273.4850	51.5200
154.3800	274.1600	51.5200
158.6600	273.5400	51.5200
163.5600	273.4400	51.5200
167.0800	273.4950	51.5200
167.6500	273.5100	51.5200
165.0400	273.5550	51.5200
160.2500	273.7550	51.5200
154.7800	274.7600	51.5200
149.7700	274.9600	51.5200
145.5200	274.5300	51.5200
141.9300	274.8300	51.5200
138.9500	276.8050	51.5200
136.6500	276.3150	51.5200
134.9400	274.0250	51.5200
133.5000	274.0450	51.5200
131.9000	274.0300	51.5200
129.9000	274.0750	51.5200
127.6100	274.1250	51.7500
125.4300	274.1550	62.3400
123.8900	274.1750	62.3400
124.0600	274.2000	62.3400
128.3300	274.3400	62.3400
141.1700	274.4700	62.3400
162.2400	274.3800	62.3400
180.5300	274.4450	62.3400
190.8000	274.4900	62.3400
196.4300	274.5050	62.3400
200.1300	274.5350	62.3400
203.3600	274.5750	62.3400
208.5000	275.6650	62.3400
221.3700	275.1150	62.3400
220.2500	274.8950	62.3400
217.3500	274.6550	62.3400
213.4700	274.6800	62.3400
211.6100	274.6600	62.3400
215.7700	274.6500	62.3400
225.6100	274.6500	62.3400
237.8900	274.6150	62.3400
250.3800	274.5800	62.3400
258.8800	274.6000	62.3400
260.3500	274.6250	62.3400
256.2900	274.6700	62.3400
248.6000	274.7050	62.3400
238.6700	274.7600	62.3400
227.8200	275.2800	62.3400
218.9900	275.5250	62.3400
218.0700	275.3700	62.3400
224.4600	275.0950	62.3400
228.2900	275.1100	63.9000
227.8400	275.5200	136.9700
231.6100	275.0800	136.9700
243.7000	275.0900	136.9700
261.3900	275.4550	136.9700
288.7800	276.4250	136.9700
329.1900	277.2900	136.9700
366.0800	277.8950	136.9700
378.3200	276.2800	136.9700
370.9000	277.0750	136.9700
358.6900	278.1850	136.9700
352.8700	279.6700	136.9700
354.5600	281.2450	136.9700
380.5900	282.5150	136.9700
424.4900	282.7800	136.9700
469.8600	281.4150	136.9700
552.9900	279.0900	136.9700
683.8000	279.6450	136.9700
759.3500	279.1200	136.9700
778.6500	277.7250	136.9700
782.8200	278.5200	136.9700
786.8000	278.6500	136.9700
788.6100	280.8450	136.9700
776.2200	281.4700	136.9700
758.5500	277.3450	136.9700
751.8400	276.9000	136.9700
752.1000	277.8350	136.9700
748.3700	278.0600	136.9700
739.3800	279.6450	136.9700
727.7900	280.4100	136.9700
704.9800	279.8300	141.8800
655.2500	278.3350	372.7400
585.8600	279.5200	372.7400
522.3500	282.6600	372.7400
479.3400	278.1800	372.7400
455.3600	281.1400	372.7400
443.5600	278.6600	372.7400
445.9100	276.6000	372.7400
471.1300	277.5450	372.7400
540.8900	278.3100	372.7400
613.0900	277.7150	372.7400
660.2800	280.0650	372.7400
684.2200	282.4500	372.7400
704.8900	282.4650	372.7400
727.7400	284.2150	372.7400
749.2500	282.7350	372.7400
769.3900	280.1000	372.7400
782.5100	279.7900	372.7400
776.2600	281.8700	372.7400
750.5600	282.6100	372.7400
723.7900	282.9250	372.7400
718.8000	285.2250	372.7400
742.8600	286.9200	372.7400
780.4800	279.2650	372.7400
783.8300	279.4850	372.7400
749.7000	282.6000	372.7400
714.5500	283.6450	372.7400
712.9900	285.4000	372.7400
761.0900	287.3000	372.7400
833.4300	287.6050	372.7400
906.6500	288.2700	372.7400
981.7500	288.0200	375.6000
1069.6200	287.3650	510.0400
1154.7700	286.3200	510.0400
1197.7100	284.2200	510.0400
1171.7700	284.3500	510.0400
1128.8100	286.2950	510.0400
1089.2300	287.6900	510.0400
1043.9400	285.8550	510.0400
991.2400	285.1850	510.0400
985.8900	283.3250	510.0400
970.8900	283.8500	510.0400
1001.9200	283.9550	510.0400
1090.6400	284.8500	510.0400
1122.2500	286.7150	510.0400
1066.9500	289.2500	510.0400
1044.2300	290.0700	510.0400
1120.8500	290.1550	510.0400
1242.8000	291.6000	510.0400
1304.5000	290.1100	510.0400
1279.7200	285.9250	510.0400
1194.8800	287.0150	510.0400
1069.4000	289.1100	510.0400
949.5300	291.1750	510.0400
873.1800	290.9100	510.0400
849.2300	289.6050	510.0400
843.6800	290.3600	510.0400
844.9900	291.7000	510.0400
851.1200	293.0400	510.0400
866.5900	294.4850	510.0400
879.1500	294.8550	510.0400
882.1100	292.1050	520.1700
871.3700	292.7600	996.1700
844.0000	291.4400	996.1700
809.4400	293.2100	996.1700
782.8200	294.5800	996.1700
817.2500	295.4050	996.1500
797.1300	293.5650	996.0700
748.7600	295.7350	996.1600
689.9800	295.2900	996.1700
647.1600	294.8300	996.1700
613.5400	293.8550	996.1700
564.5500	294.9400	996.1700
535.0000	297.0100	996.1700
530.9400	299.4650	996.1700
546.6300	299.5100	996.1700
556.9000	301.0700	996.1700
555.2200	300.2700	996.1400
552.5600	299.3900	996.1500
559.3600	298.5300	996.1500
580.1500	299.3900	996.0500
616.9200	300.0550	995.9300
600.9700	297.5450	995.8000
573.2100	295.5650	996.1400
557.9500	296.1300	996.1700
549.1500	298.0850	996.1700
538.7400	299.7800	996.1700
524.6200	300.5400	996.1700
509.4000	299.5050	996.1700
496.5100	298.4700	996.1700
488.0000	298.9700	996.1700
483.1400	299.5850	996.1700
479.4800	300.0900	998.1500
476.3500	295.7600	1090.9900
476.1900	295.6400	1090.9900
481.0000	298.1050	1090.9900
487.6300	296.5450	1090.9900
494.1000	297.7800	1090.9900
504.3800	299.5500	1090.9900
507.0700	299.9500	1090.9900
540.4100	297.2200	1090.9900
541.6400	291.6950	1090.9900
518.1400	294.3700	1090.9900
505.9000	296.7600	1090.9900
509.8600	293.7000	1090.9900
540.1600	294.3900	1090.9900
614.6500	295.7400	1090.9900
668.4000	292.5750	1090.9900
669.7200	291.3550	1090.9900
647.1000	288.4950	1090.9900
619.3800	290.8700	1090.9900
600.6200	291.9750	1090.9900
590.1200	294.5650	1090.9900
575.9000	293.4300	1090.9900
567.4700	293.8750	1090.9900
529.7200	295.5300	1090.9900
496.3200	295.5450	1090.9900
468.9700	295.4050	1090.9900
460.3800	295.1350	1090.9900
460.9700	294.2550	1090.9900
465.3900	294.2050	1090.9900
476.7700	294.2950	1090.9900
490.9200	295.7300	1090.9900
500.7900	294.8950	1085.6400
498.4900	294.7950	833.8500
488.5900	292.8450	833.8500
480.6900	294.1700	833.8500
476.7900	296.3600	833.8500
474.2900	296.0300	833.8500
471.0000	295.5200	833.8500
476.0600	293.2100	833.8500
475.6700	292.4700	833.8500
470.6600	291.8700	833.8500
466.6700	292.7100	833.8500
460.5700	293.5400	833.8500
451.5600	294.4700	833.8500
445.0700	294.1500	833.8500
442.6000	292.1800	833.8500
440.5300	292.4800	833.8500
437.8600	295.2900	833.8500
436.0300	294.3350	833.8500
442.7800	289.7850	833.8500
462.7900	289.4550	833.8500
468.8600	291.3750	833.8500
455.8500	287.7200	833.8500
428.1800	287.5000	833.8500
396.1500	286.8550	833.8500
367.5100	286.8350	833.8500
348.6800	284.9900	833.8500
332.5400	286.8250	833.8500
324.8500	287.4450	833.8500
323.2000	285.1200	833.8500
325.5600	287.6300	833.8500
333.8300	289.0700	824.4800
349.3100	285.6050	384.0200
364.3400	284.3650	384.0200
370.4600	285.7400	384.0200
369.4100	286.1250	384.0200
366.7400	284.0750	384.0200
366.2700	284.3150	384.0200
366.2300	287.0700	384.0200
361.8700	286.0250	384.0200
349.7600	285.8150	384.0200
334.5600	286.3500	384.0200
323.2600	285.4600	384.0200
317.0500	280.7850	384.0200
312.5900	281.4800	384.0200
306.8100	283.4050	384.0200
299.5500	282.2050	384.0200
292.0500	282.8650	384.0200
285.0200	281.7300	384.0200
278.6900	283.6300	384.0200
273.7800	280.6450	384.0200
271.1100	281.3950	384.0200
270.5300	280.5600	384.0200
272.6800	278.1550	384.0200
273.4500	277.5700	384.0200
272.0900	277.4600	384.0200
268.5300	277.3150	384.0200
263.8700	277.2250	384.0200
259.8600	277.3000	384.0200
257.1000	277.4100	384.0200
255.0900	277.0800	384.0200
253.5500	276.8500	384.0200
253.0200	276.7500	378.3800
254.0300	276.6600	113.2600
255.9000	276.6650	113.2600
257.2900	276.6700	113.2600
257.6100	276.6950	113.2600
256.9800	276.6850	113.2600
255.4500	277.1600	113.2600
252.9500	278.6350	113.2600
249.4600	278.7400	113.2600
245.3000	278.9850	113.2600
241.8100	275.9850	113.2600
241.5500	276.3300	113.2600
245.2500	276.5850	113.2600
252.2100	278.3250	113.2600
259.8300	278.1850	113.2600
265.7100	276.8800	113.2600
268.7400	276.1850	113.2600
268.5600	277.3650	113.2600
265.6700	276.9800	113.2600
261.1200	277.2750	113.2600
255.8200	276.9450	113.2600
250.8100	277.3000	113.2600
247.2500	277.4200	113.2600
245.5600	275.3950	113.2600
244.7600	274.1750	113.2600
243.2600	274.1150	113.2600
240.4500	274.1000	113.2600
236.8100	274.1250	113.2600
233.1800	274.8150	113.2600
230.3400	275.8200	113.2600
228.6700	274.7150	112.3000
227.8500	274.5250	67.4000
227.3300	274.9500	67.4000
227.0900	274.6100	67.4000
227.9400	274.2250	67.4000
231.1000	274.1800	67.4000
237.1600	274.1400	67.4000
245.3400	274.0950	67.4000
253.9600	274.0600	67.4000
260.3100	274.0500	67.4000
260.8300	274.1200	67.4000
254.0100	274.3800	67.4000
242.0400	274.2500	67.4000
228.8100	274.2650	67.4000
217.6400	274.8050	67.4000
210.5100	274.8400	67.4000
208.1500	275.3450	67.4000
209.4900	274.1700	67.4000
212.2500	273.9650	67.4000
214.4000	273.6400	67.4000
216.6000	273.4700	67.4000
222.3500	273.3850	67.4000
232.6300	273.3350	67.4000
242.5900	273.2950	67.4000
248.0400	273.2650	67.4000
247.8300	273.2450	67.4000
241.9300	273.2150	67.4000
232.0400	273.1800	67.4000
220.8500	273.2350	67.4000
210.5400	273.2000	67.4000
202.0900	273.1000	67.4000
195.1800	273.0550	67.2300
189.5200	273.0950	59.4200
185.0600	273.0550	59.4200
182.0100	273.3000	59.4200
181.5900	274.1700	59.4200
183.0100	273.4350	59.4200
187.6900	273.4750	59.4200
197.5700	273.6500	59.4200
210.6600	273.9200	59.4200
219.6200	273.4600	59.4200
220.1000	273.2450	59.4200
214.7000	273.2300	59.4200
208.0400	273.2300	59.4200
202.9800	273.2700	59.4200
199.9200	273.2950	59.4200
197.7200	273.3300	59.4200
194.9400	273.3700	59.4200
190.7100	273.4000	59.4200
185.2600	273.4100	59.4200
179.4200	273.4600	59.4200
174.3300	273.5650	59.4200
170.8900	273.5000	59.4200
169.0000	273.4750	59.4200
168.4400	273.4600	59.4200
169.4600	273.4650	59.4200
172.9600	273.4650	59.4200
179.2400	273.4400	59.4200
187.2400	273.5750	59.4200
195.5000	273.5900	59.4200
203.3200	273.4500	59.4200
212.5300	273.5400	59.4200
229.2800	273.5750	59.2800
258.1500	273.8950	52.6700
303.2900	273.7550	52.6700
326.2100	273.6750	52.6700
327.6300	273.7550	52.6700
316.0400	273.8350	52.6700
302.3600	273.9050	52.6700
291.8500	273.9350	52.6700
283.4200	273.9600	52.6700
274.0000	273.9500	52.6700
267.2400	273.9700	52.6700
267.6600	273.9950	52.6700
270.8300	274.0200	52.6700
269.6200	274.0400	52.6700
263.9700	274.0450	52.6700
258.3200	274.0650	52.6700
257.2200	274.0700	52.6700
262.6800	274.0900	52.6700
272.0200	274.0800	52.6700
278.7400	274.0600	52.6700
280.1800	274.0400	52.6700
278.3300	274.0400	52.6700
276.2200	274.0400	52.6700
277.8200	274.0350	52.6700
283.1700	274.0100	52.6700
287.0200	273.9800	52.6700
286.5400	273.9750	52.6700
283.2000	273.9800	52.6700
280.2400	273.9800	52.9000
279.1400	273.9850	63.7400
277.4100	273.9850	63.7400
271.6400	274.0150	63.7400
261.4800	274.0100	63.7400
249.7200	273.9950	63.7400
239.8700	274.0100	63.7400
233.5300	274.0200	63.7400
229.8600	274.0150	63.7400
229.5800	273.9850	63.7400
239.5800	274.0100	63.7400
270.6900	274.0400	63.7400
319.2200	274.0650	63.7400
361.4300	274.1400	63.7400
388.1600	274.9100	63.7400
407.3800	277.3450	63.7400
442.2900	277.1400	63.7400
496.4900	278.1350	63.7400
560.4700	277.2500	63.7400
633.4800	276.5000	63.7400
687.0900	278.0000	63.7400
710.6100	278.2600	63.7400
694.3100	279.1750	63.7400
639.4700	280.8300	63.7400
573.1000	278.0850	63.7400
514.3700	278.6000	63.7400
471.2800	279.0100	63.7400
443.4700	278.1050	63.7400
427.5000	277.4150	63.7400
419.9800	276.8050	63.7400
415.0000	280.2900	63.7400
409.7400	283.1400	65.3300
404.3800	283.0850	140.0300
398.8200	277.8650	140.0300
395.5800	276.0400	140.0300
402.1600	276.2800	140.0300
414.6800	276.3700	140.0300
433.1500	276.3450	140.0300
457.3800	278.2200	140.0300
522.6500	279.8100	140.0300
671.4100	283.1950	140.0300
789.6900	282.6400	140.0300
816.6300	282.4450	140.0300
800.9400	284.8050	140.0300
775.2400	284.9300	140.0300
750.6900	283.1550	140.0300
731.4100	281.8700	140.0300
720.0500	281.0200	140.0300
716.8100	281.5550	140.0300
717.0700	282.2200	140.0300
732.9100	280.6800	140.0300
784.4000	281.5850	140.0300
857.7100	282.9150	140.0300
894.4500	283.2350	140.0300
894.7200	284.3350	140.0300
904.2400	284.6650	140.0300
937.6700	283.6400	140.0300
956.8400	284.0150	140.0300
944.8100	281.8050	140.0300
915.1900	281.1250	140.0300
887.8500	281.4150	140.0300
900.2000	281.8800	145.0600
990.0900	282.5900	381.0900
1119.1000	283.1600	381.0900
1195.9900	284.0150	381.0900
1210.1700	284.8450	381.0900
1188.3200	282.3700	381.0900
1167.4800	280.5900	381.0900
1173.2100	280.2700	381.0900
1228.6400	280.5150	381.0900
1275.0900	281.1300	381.0900
1308.5800	280.1550	381.0900
1317.9300	280.3450	381.0900
1302.6500	281.2300	381.0900
1280.0500	283.5050	381.0900
1278.4400	283.7950	381.0900
1285.9300	284.6650	381.0900
1293.4900	285.2800	381.0900
1291.5200	281.7300	381.0900
1279.5500	281.6350	381.0900
1267.6100	279.1000	381.0900
1253.2600	279.6600	381.0900
1234.7400	282.5050	381.0900
1220.6300	283.6200	381.0900
1215.3400	285.1700	381.0900
1197.4900	286.1650	381.0900
1162.5500	285.9750	381.0900
1121.1100	287.5000	381.0900
1073.2900	287.4400	381.0900
1028.4100	287.1850	381.0900
1007.1500	288.8200	381.0900
1017.1300	287.4100	381.0900
1033.9000	285.4500	384.0100
1034.4600	284.3000	521.4600
1036.8100	284.8200	521.4600
1027.5600	285.1850	521.4600
1034.2400	285.2950	521.4600
1048.5100	285.0600	521.4600
1048.7100	285.3500	521.4600
1016.7100	285.8350	521.4600
951.4300	288.3200	521.4600
881.7500	289.8100	521.4600
839.2600	288.6050	521.4600
827.8800	288.2400	521.4600
844.0100	289.4100	521.4600
856.3500	291.3700	521.4600
854.0100	292.1450	521.4600
848.7100	292.1000	521.4600
857.3500	291.9150	521.4600
862.7800	292.2050	521.4600
858.7500	291.0500	521.4600
845.6600	291.5950	521.4600
829.6100	292.7850	521.4600
817.3100	290.7550	521.4600
809.2500	288.2600	521.4600
805.8900	288.8850	521.4600
799.0200	288.6200	521.4600
784.7300	288.3700	521.4600
758.5600	290.2600	521.4600
717.1300	292.9250	521.4600
673.0800	292.0800	521.4600
643.7400	292.4200	521.4600
640.7900	293.9350	531.8200
665.2300	296.6850	1018.4800
693.3600	297.0300	1018.4800
691.7200	294.3600	1018.4800
658.1400	293.5900	1018.4800
615.3800	294.8400	1018.4800
575.0200	293.1250	1018.4800
542.1700	291.7500	1018.4800
518.5000	292.3050	1018.4800
523.3900	292.2600	1018.4800
512.9900	293.2700	1018.4800
487.3700	292.8300	1018.4800
462.5200	293.9800	1018.4800
438.6200	296.9900	1018.4800
417.4400	295.7350	1018.4800
401.1300	295.6550	1018.4800
388.4500	297.2400	1018.4800
379.4600	297.2950	1018.4800
374.8600	299.1400	1018.4800
376.8200	300.1950	1018.4800
386.9300	298.9100	1018.4800
402.6500	298.2200	1018.4800
417.0900	298.2000	1018.4800
424.9400	299.1350	1018.4800
425.8200	301.7400	1018.4800
422.0100	301.2200	1018.4800
416.0500	298.2150	1018.4800
409.8900	298.8750	1018.4800
404.6700	300.3050	1018.4800
400.5500	300.3350	1018.4800
397.0000	298.8400	1018.4800
393.6200	299.6600	1023.9200
391.1100	298.9250	1279.6800
391.4200	299.3300	1279.6800
395.0200	300.9000	1279.6800
400.1300	301.6600	1279.6800
406.4300	300.7600	1279.6800
414.4500	300.2800	1279.6800
426.3500	301.5150	1279.6800
441.4200	301.8950	1279.6800
449.2500	302.0900	1279.6800
440.7800	301.0750	1279.6800
407.0900	302.1550	1279.6800
381.5900	303.6300	1279.6800
366.8100	303.9300	1279.6800
360.4900	304.1850	1279.6800
358.8200	303.5700	1279.6800
359.2200	303.1300	1279.6800
361.2100	302.4250	1279.6800
364.3300	301.0300	1279.6800
366.6100	301.9950	1279.6800
366.5200	302.2950	1279.6800
364.5200	299.3150	1279.6800
361.6500	299.5350	1279.6800
358.4400	301.0150	1279.6800
355.6000	299.7950	1279.6800
353.6000	300.5950	1279.6800
351.9900	300.3100	1279.6800
350.2000	300.2400	1279.6800
347.9900	296.9100	1279.6800
345.4300	295.6850	1279.6800
343.0500	295.8200	1279.6800
341.3600	296.7250	1273.4000
340.2100	298.0600	978.0600
338.9900	298.6000	978.0600
337.5600	296.7600	978.0600
337.9300	298.1050	978.0600
344.7000	301.5500	978.0600
358.8800	301.4100	978.0600
371.7100	300.8700	978.0600
374.0300	300.2100	978.0600
367.2300	297.4300	978.0600
358.7300	294.4750	978.0600
349.8500	294.3750	978.0600
340.9000	294.3600	978.0600
330.9900	291.7050	978.0600
319.8600	291.2950	978.0600
307.2300	293.8300	978.0600
296.0400	291.6550	978.0600
289.0800	289.7050	978.0600
288.9800	288.0400	978.0600
297.9000	290.4100	978.0600
318.4400	292.9850	978.0600
341.2400	290.8850	978.0600
360.0500	289.5000	978.0600
369.3300	292.2000	978.0600
373.0700	288.1000	978.0600
375.2900	288.0250	978.0600
377.0600	290.8200	978.0600
376.7800	288.5450	978.0600
372.1100	288.0600	978.0600
363.0400	286.8650	978.0600
351.8800	285.2500	967.0700
341.2500	285.8350	450.4300
332.2400	286.1650	450.4300
323.7700	286.7750	450.4300
314.2800	287.7300	450.4300
303.8800	288.5200	450.4300
293.9900	288.8450	450.4300
285.2400	289.1550	450.4300
276.3200	289.2900	450.4300
265.4900	287.9250	450.4300
253.0600	287.2250	450.4300
241.5700	284.7500	450.4300
233.1600	285.0050	450.4300
229.4800	284.5850	450.4300
227.5400	284.9850	450.4300
227.1600	284.1450	450.4300
228.5400	282.7600	450.4300
229.0400	286.7500	450.4300
229.3600	289.1850	450.4300
229.4900	289.1350	450.4300
229.4700	289.3000	450.4300
229.7200	289.9600	450.4300
231.6200	290.3450	450.4300
237.4800	287.9700	450.4300
247.6800	286.1400	450.4300
258.5500	284.0300	450.4300
266.4600	285.5650	450.4300
269.7700	288.0900	450.4300
267.9600	284.7700	450.4300
267.5200	283.0750	450.4300
277.9700	280.0450	450.4300
273.3100	279.4800	443.8200
263.0900	279.1400	132.8500
254.4300	278.8400	132.8500
248.7500	278.5650	132.8500
247.9500	278.3100	132.8500
252.5200	278.0500	132.8500
256.2100	277.8200	132.8500
252.1400	277.6400	132.8500
241.1800	277.4800	132.8500
228.0300	277.3300	132.8500
216.2800	277.3750	132.8500
208.4700	277.6800	132.8500
209.5400	277.2250	132.8500
213.5300	276.9950	132.8500
221.2200	276.8550	132.8500
227.6200	276.6400	132.8500
229.8900	276.4700	132.8500
228.9200	276.5600	132.8500
225.4800	276.4750	132.8500
220.0000	277.3400	132.8500
214.7500	277.4100	132.8500
212.0400	275.3850	132.8500
211.5300	275.1500	132.8500
211.9400	274.9050	132.8500
213.4200	274.6800	132.8500
216.1400	274.5100	132.8500
218.7200	274.3250	132.8500
218.9800	274.1600	132.8500
215.6200	274.0150	132.8500
209.6400	274.2200	132.8500
205.3300	273.9800	131.7300
200.8700	273.7800	79.0600
194.8200	273.7350	79.0600
188.4600	273.6950	79.0600
183.1700	273.6950	79.0600
180.2400	273.6050	79.0600
180.4700	273.6050	79.0600
183.2100	273.6550	79.0600
189.0600	273.6800	79.0600
192.5400	273.6600	79.0600
192.2100	273.6550	79.0600
189.7200	273.6750	79.0600
184.8800	273.6650	79.0600
179.1400	273.6500	79.0600
177.0300	273.6500	79.0600
182.2000	273.6650	79.0600
193.1100	273.6450	79.0600
204.1700	273.7250	79.0600
209.5100	273.6500	79.0600
208.2700	273.6100	79.0600
203.2400	273.5900	79.0600
198.4700	273.5950	79.0600
196.0600	273.5700	79.0600
194.4900	273.5450	79.0600
192.3200	273.5200	79.0600
190.0200	273.5100	79.0600
187.6600	273.5000	79.0600
184.9600	273.5200	79.0600
182.6700	273.5300	79.0600
181.5300	273.5100	79.0600
182.7700	273.4900	79.0600
188.9600	273.4600	78.8600
198.5300	273.4500	69.6900
204.4100	273.4400	69.6900
202.3600	273.4100	69.6900
194.3300	273.3500	69.6900
184.1100	273.2900	69.6900
174.2400	273.2150	69.6900
166.3200	273.1350	69.6900
159.4300	273.1200	69.6900
152.4100	273.0900	69.6900
144.9100	273.0650	69.6900
137.1900	273.0500	69.6900
129.8100	273.0100	69.6900
123.7900	272.9800	69.6900
122.0100	272.9700	69.6900
128.8400	272.9800	69.6900
139.2100	273.0050	69.6900
147.1100	273.0300	69.6900
151.4800	273.0650	69.6900
154.0200	273.0900	69.6900
156.9500	273.1400	69.6900
163.6600	273.2050	69.6900
176.1300	273.2500	69.6900
189.8400	273.3200	69.6900
200.6100	273.3700	69.6900
207.9400	273.4050	69.6900
213.2100	273.4250	69.6900
216.6000	273.4600	69.6900
216.0100	273.4900	69.6900
210.4600	273.5350	69.6900
201.5900	273.5850	69.6900
191.6900	273.6250	69.5300
181.6600	273.6500	61.7800
171.7200	273.6500	61.7800
161.6500	273.6250	61.7800
151.2400	273.6050	61.7800
141.7500	273.5950	61.7800
134.6800	273.5650	61.7800
130.5200	273.5500	61.7800
128.3700	273.5800	61.7800
126.8600	273.5850	61.7800
125.6600	273.6050	61.7800
125.6200	273.6400	61.7800
128.0700	273.6150	61.7800
133.3000	273.6150	61.7800
140.1700	273.6100	61.7800
147.7000	273.6150	61.7800
154.8300	273.6450	61.7800
159.5500	273.6750	61.7800
160.6400	273.8000	61.7800
161.0700	273.8050	61.7800
164.1700	273.8400	61.7800
168.2500	273.8450	61.7800
166.9300	273.8450	61.7800
162.2400	273.8550	61.7800
155.6600	273.8800	61.7800
150.5600	273.9450	61.7800
151.5900	274.0150	61.7800
156.3800	274.1500	61.7800
158.0900	274.2150	62.0500
156.4800	274.2950	74.7600
156.0400	274.3850	74.7600
162.0100	274.5000	74.7600
173.9700	274.6000	74.7600
188.8200	274.6600	74.7600
205.8200	274.9150	74.7600
223.1200	274.8700	74.7600
235.4800	275.1150	74.7600
240.1600	275.3050	74.7600
239.4100	276.2650	74.7600
238.1900	275.1250	74.7600
227.7300	275.3600	74.7600
214.9400	276.4600	74.7600
210.4300	275.2700	74.7600
223.8000	275.6100	74.7600
254.9300	276.3700	74.7600
280.1200	276.3200	74.7600
297.0600	276.0650	74.7600
324.1800	278.6700	74.7600
345.3100	276.4100	74.7600
347.6300	275.7900	74.7600
367.7300	276.0100	74.7600
394.6900	276.1800	74.7600
416.8200	277.9850	74.7600
432.7300	279.8600	74.7600
430.2800	278.6750	74.7600
429.2300	280.0900	74.7600
385.2500	279.4250	74.7600
365.9600	278.3350	74.7600
360.2000	279.2500	74.7600
372.2900	281.9750	76.6300
392.7100	281.7050	164.2500
404.6100	278.9900	164.2500
402.2500	279.1700	164.2500
392.5200	280.9400	164.2500
387.4000	283.3700	164.2500
389.4500	283.7400	164.2500
388.8200	282.7750	164.2500
394.5100	281.8450	164.2500
460.5000	280.6400	164.2500
595.5300	280.0550	164.2500
683.6100	279.9450	164.2500
701.4300	279.2600	164.2500
694.2500	283.5100	164.2500
683.5100	281.9550	164.2500
676.8400	281.8350	164.2500
683.0200	281.6250	164.2500
699.3500	279.6850	164.2500
716.6100	281.0000	164.2500
716.0900	281.5300	164.2500
707.9200	283.1400	164.2500
698.5200	282.8050	164.2500
681.2300	283.0550	164.2500
649.7900	283.0250	164.2500
614.7500	284.1150	164.2500
584.9900	282.7100	164.2500
561.2300	282.9550	164.2500
547.8000	286.1000	164.2500
555.2300	285.4950	164.2500
588.5200	280.4750	164.2500
624.3800	282.3350	170.1400
638.2600	281.9750	447.0000
629.7000	282.6000	447.0000
614.5600	285.6700	447.0000
605.2200	284.1200	447.0000
605.6400	286.4750	447.0000
613.6000	281.9700	447.0000
623.9800	283.5000	447.0000
631.7000	286.7400	447.0000
635.3900	286.6100	447.0000
637.0400	282.2850	447.0000
642.8100	280.5200	447.0000
651.7600	277.5400	447.0000
652.3200	277.7550	447.0000
662.3200	279.6400	447.0000
697.1600	283.1050	447.0000
766.8800	283.0150	447.0000
846.0900	284.3050	447.0000
905.8400	285.6100	447.0000
944.1600	285.5650	447.0000
960.6900	286.8900	447.0000
959.7600	286.3900	447.0000
956.5100	284.8800	447.0000
948.2700	282.2800	447.0000
996.3300	281.5800	447.0000
1025.9200	282.0250	447.0000
1077.6800	283.2850	447.0000
1166.9900	284.1650	447.0000
1264.9000	285.7500	447.0000
1306.4800	285.5300	447.0000
1304.5600	284.1900	447.0000
1287.2200	284.2850	450.4300
1258.9200	284.0750	611.6500
1219.4200	285.5800	611.6500
1157.0300	286.6700	611.6500
1071.8000	288.7750	611.6500
993.2200	289.0750	611.6500
948.2700	288.6700	611.6500
926.6700	285.3400	611.6500
885.1600	283.5550	611.6500
831.9000	283.9000	611.6500
785.3400	284.4650	611.6500
793.7400	285.1700	611.6500
766.2100	285.5600	611.6500
719.0400	285.3750	611.6500
682.5300	286.4400	611.6500
674.6800	286.2750	611.6500
713.7000	285.7550	611.6500
776.7300	286.3850	611.6500
821.2900	284.5500	611.6500
842.7300	286.4800	611.6500
836.7200	287.9350	611.6500
813.3900	288.2600	611.6500
788.9300	288.5150	611.6500
773.6500	289.0700	611.6500
769.5900	287.4250	611.6500
767.6700	287.7100	611.6500
746.8800	288.2700	611.6500
701.7900	287.5300	611.6500
654.5800	289.1400	611.6500
628.2500	290.5200	611.6500
624.1900	291.4400	623.7900
624.9300	290.9400	1194.6300
616.1700	291.6350	1194.6300
597.8000	292.1400	1194.6300
588.8600	290.6550	1194.6300
604.8100	287.8300	1194.6300
600.2000	288.3150	1194.6300
602.4900	292.2300	1194.6300
608.3700	291.8250	1194.6300
589.3300	291.6350	1194.6300
552.8000	293.9900	1194.6300
522.8200	294.9300	1194.6300
512.8700	294.7050	1194.6300
511.6500	294.3750	1194.6300
509.4000	296.0750	1194.6300
504.0600	296.9950	1194.6300
497.8300	296.3950	1194.6300
493.0200	297.5550	1194.6300
486.8700	299.6350	1194.6300
479.3500	299.2250	1194.6300
473.6200	298.2700	1194.6300
467.4600	296.3200	1194.6300
465.5800	294.2800	1194.6300
473.6000	293.1000	1194.6300
487.5400	293.1950	1194.6300
497.3900	294.6500	1194.6300
500.5700	296.7700	1194.6300
500.6000	296.8000	1194.6300
500.7000	293.6500	1194.6300
505.5400	292.8150	1194.6300
524.6900	294.9650	1194.6300
558.0600	297.7650	1193.7200
585.6000	297.9900	1150.7900
588.1800	297.1400	1150.7900
564.3300	297.7850	1150.7900
534.2900	296.7550	1150.7900
507.4700	296.6200	1150.7900
487.1900	297.8500	1150.7900
469.9900	298.0200	1150.7900
456.4800	295.0000	1150.7900
448.5900	293.6500	1150.7900
444.9100	293.3200	1150.7900
444.2600	293.9000	1150.7900
447.8300	295.1700	1150.7900
455.1200	295.1750	1150.7900
465.0500	296.0950	1150.7900
475.7100	296.8900	1150.7900
481.6900	296.2250	1150.7900
478.6900	296.0500	1150.7900
467.5300	295.5150	1150.7900
451.6500	294.0600	1150.7900
434.3700	294.6900	1150.7900
418.1300	296.2100	1150.7900
404.1200	295.3850	1150.7900
393.1100	294.7600	1150.7900
385.8600	293.5300	1150.7900
381.2000	295.2850	1150.7900
380.5700	293.5650	1150.7900
384.9300	292.4300	1150.7900
398.1500	293.6300	1150.7900
429.4400	294.5500	1150.7900
484.5800	294.8850	1150.7900
544.4200	296.5100	1145.1400
582.9400	296.7400	879.5500
598.2400	297.0650	879.5500
605.5100	292.6450	879.5500
609.3200	291.3050	879.5500
603.3100	292.1850	879.5500
585.3600	290.4350	879.5500
557.6500	289.4800	879.5500
523.4800	290.5000	879.5500
487.5400	292.5450	879.5500
454.0000	291.3150	879.5500
424.8000	289.2600	879.5500
400.0300	292.4450	879.5500
379.4100	288.9750	879.5500
363.4900	288.0150	879.5500
353.3400	288.7800	879.5500
349.0100	289.5500	879.5500
348.4500	290.1250	879.5500
348.4500	292.0100	879.5500
347.4700	292.0600	879.5500
349.0500	288.1800	879.5500
356.8600	286.0400	879.5500
368.7800	287.7200	879.5500
381.0100	288.7050	879.5500
394.0000	290.5000	879.5500
415.3300	290.0950	879.5500
444.2300	291.5650	879.5500
468.0900	289.2550	879.5500
477.1300	287.4600	879.5500
473.3100	289.0150	879.5500
467.5700	288.0950	869.6700
472.7400	283.6850	405.0600
485.8900	283.0450	405.0600
486.9000	285.6100	405.0600
467.2100	283.5850	405.0600
435.4000	285.7750	405.0600
401.4700	287.0350	405.0600
369.7900	287.6300	405.0600
340.3700	285.2350	405.0600
312.5100	286.3950	405.0600
287.4300	287.7600	405.0600
266.7700	284.9150	405.0600
251.1100	285.6300	405.0600
239.9400	283.5850	405.0600
232.2100	285.4300	405.0600
226.9100	284.3400	405.0600
223.4100	282.0200	405.0600
222.0700	282.2600	405.0600
223.5500	280.6400	405.0600
225.9300	281.6600	405.0600
227.5400	280.6750	405.0600
231.5400	280.6100	405.0600
239.7800	280.8950	405.0600
253.7600	280.4750	405.0600
267.6700	280.3350	405.0600
277.1500	280.8750	405.0600
283.4900	280.5000	405.0600
286.5900	280.8450	405.0600
287.1300	282.3550	405.0600
287.0300	282.2600	405.0600
286.7700	280.3600	405.0600
285.7200	281.4450	399.1100
285.7500	279.6850	119.4700
292.9000	279.3600	119.4700
310.7000	282.2650	119.4700
331.7000	279.2700	119.4700
344.9700	279.5900	119.4700
346.9200	281.7700	119.4700
339.7200	279.6950	119.4700
327.9300	278.1450	119.4700
317.3600	279.1000	119.4700
312.6600	278.1250	119.4700
312.9600	276.1850	119.4700
311.7000	276.3400	119.4700
303.7800	275.7700	119.4700
289.9900	276.0800	119.4700
274.3200	275.8400	119.4700
260.7500	277.7350	119.4700
251.7600	278.0000	119.4700
247.6100	276.6500	119.4700
246.3200	276.1350	119.4700
245.0000	275.1700	119.4700
241.5400	274.5600	119.4700
235.6500	274.6500	119.4700
228.5900	274.5300	119.4700
221.9800	274.5250	119.4700
216.9000	275.2950	119.4700
214.6600	275.8250	119.4700
216.2800	274.6400	119.4700
215.7200	274.3600	119.4700
215.3900	274.3200	119.4700
215.4400	274.3150	118.4600
216.3900	274.3700	71.0900
219.6000	274.5700	71.0900
225.3700	275.1450	71.0900
232.1300	275.3900	71.0900
238.9100	274.7650	71.0900
244.4800	274.2350	71.0900
246.3200	274.1500	71.0900
243.4500	274.0700	71.0900
237.2100	274.0550	71.0900
229.1000	273.9100	71.0900
219.7400	274.8850	71.0900
209.5700	274.6600	71.0900
199.3900	273.7200	71.0900
190.3800	273.6500	71.0900
183.7700	273.8300	71.0900
180.0400	273.6350	71.0900
178.9700	273.7800	71.0900
180.4200	273.6650	71.0900
184.8400	273.6250	71.0900
192.3700	275.2850	71.0900
202.0700	273.4500	71.0900
210.7100	273.4050	71.0900
215.0700	273.3650	71.0900
216.2500	273.3450	71.0900
220.1200	273.3600	71.0900
230.9700	273.3950	71.0900
243.5000	273.4300	71.0900
248.2500	273.4450	71.0900
243.3700	273.4650	71.0900
233.0700	273.5050	71.0900
221.4500	273.5400	70.9200
210.6500	273.5450	62.6700
201.6400	273.5350	62.6700
194.9600	273.5000	62.6700
191.1300	273.4600	62.6700
190.4900	273.3900	62.6700
192.4400	273.3150	62.6700
194.8400	273.2700	62.6700
195.5700	273.2350	62.6700
194.6900	273.1900	62.6700
193.8600	273.1300	62.6700
193.9300	273.0550	62.6700
194.0100	272.9900	62.6700
192.7900	272.9400	62.6700
189.7500	272.8650	62.6700
185.1000	272.7850	62.6700
179.0700	272.7100	62.6700
172.3700	272.6900	62.6700
166.1100	272.6900	62.6700
160.7000	272.7950	62.6700
157.1400	272.9300	62.6700
158.7600	272.7750	62.6700
166.0500	272.7650	62.6700
180.0600	272.8200	62.6700
203.1500	272.9250	62.6700
256.9500	273.1000	62.6700
347.7400	273.3650	62.6700
430.8200	273.7300	62.6700
471.3000	274.0800	62.6700
476.5000	274.3200	62.6700
499.8100	274.4700	62.6700
545.2000	274.5750	62.5200
552.3500	274.6700	55.5600
513.4500	274.7400	55.5600
458.2500	274.7500	55.5600
405.3500	274.9650	55.5600
360.3000	275.0400	55.5600
322.9100	274.7100	55.5600
291.8600	274.6700	55.5600
265.9500	274.6450	55.5600
244.2400	274.6150	55.5600
226.4000	274.5900	55.5600
212.5400	274.5600	55.5600
202.6200	274.5250	55.5600
196.1600	274.5950	55.5600
192.2800	274.7250	55.5600
190.1100	274.4450	55.5600
188.7800	274.4100	55.5600
187.6800	274.3700	55.5600
186.5700	274.3350	55.5600
185.6000	274.2750	55.5600
185.0700	274.2350	55.5600
185.0700	274.1950	55.5600
185.2600	274.1650	55.5600
185.2300	274.1450	55.5600
184.6600	274.1400	55.5600
183.4600	274.1750	55.5600
182.1100	274.7800	55.5600
181.3400	274.6950	55.5600
181.6900	274.5100	55.8000
183.5600	274.5100	67.2300
186.8600	275.1350	67.2300
190.8900	276.1000	67.2300
194.6500	276.1300	67.2300
197.0400	276.9250	67.2300
198.7200	277.7250	67.2300
222.8000	276.6600	67.2300
212.4000	277.1700	67.2300
205.1900	277.8600	67.2300
204.9200	278.1200	67.2300
220.5900	277.5150	67.2300
255.3400	279.1200	67.2300
292.1500	275.7400	67.2300
313.2300	274.9750	67.2300
322.7400	274.8950	67.2300
328.1000	274.9300	67.2300
331.5100	274.9850	67.2300
328.1400	275.0450	67.2300
316.8200	275.1050	67.2300
308.5800	275.3050	67.2300
318.0300	276.0350	67.2300
352.9200	276.6050	67.2300
397.7500	276.8050	67.2300
429.0500	275.5400	67.2300
439.1000	275.5750	67.2300
436.3500	276.1400	67.2300
431.5000	278.2600	67.2300
424.2600	281.2250	67.2300
412.7200	280.4950	67.2300
398.5800	279.0450	67.2300
384.0400	278.7800	68.9100
375.1700	278.0450	147.7100
386.0700	280.4550	147.7100
417.4600	280.5950	147.7100
442.3300	282.0550	147.7100
464.7400	281.4300	147.7100
463.6600	281.4000	147.7100
435.3100	282.8000	147.7100
408.8100	284.7250	147.7100
395.9300	283.3950	147.7100
416.0600	279.8900	147.7100
446.5100	279.8200	147.7100
458.6700	281.1300	147.7100
460.7100	282.3150	147.7100
470.6300	283.2750	147.7100
507.0900	280.4950	147.7100
555.7400	281.4150	147.7100
595.7100	283.9200	147.7100
625.2600	284.9000	147.7100
630.6200	281.7450	147.7100
607.5500	281.1550	147.7100
568.3400	281.6100	147.7100
546.0600	282.8250	147.7100
574.6200	282.0150	147.7100
643.6800	282.8300	147.7100
687.2400	282.8500	147.7100
697.3400	281.7300	147.7100
725.4300	278.6800	147.7100
773.9900	276.8400	147.7100
800.7700	276.8100	147.7100
787.4700	277.1000	153.0100
756.7500	276.6250	401.9700
727.7000	277.4750	401.9700
708.0900	278.9800	401.9700
701.3000	281.7950	401.9700
705.5300	284.1850	401.9700
712.8600	284.5600	401.9700
712.1900	285.7000	401.9700
695.1700	283.9650	401.9700
665.2600	282.8400	401.9700
635.3400	283.7950	401.9700
616.2700	280.9400	401.9700
617.8300	280.3250	401.9700
652.8100	280.4550	401.9700
713.7400	281.0350	401.9700
782.5800	282.4500	401.9700
868.4300	286.1650	401.9700
992.8700	286.5500	401.9700
1129.5300	284.3650	401.9700
1212.4200	285.8800	401.9700
1223.7900	286.3800	401.9700
1193.4700	286.7400	401.9700
1173.1100	285.1800	401.9700
1160.1700	285.4450	401.9700
1168.2000	284.3350	401.9700
1170.7300	283.8050	401.9700
1178.3300	283.3050	401.9700
1225.1100	283.6150	401.9700
1293.0700	284.1200	401.9700
1293.3300	283.7350	401.9700
1231.1600	283.8950	401.9700
1167.7200	283.3000	405.0600
1131.8800	283.7150	550.0400
1113.8200	284.5300	550.0400
1109.3000	283.8750	550.0400
1101.0000	285.2100	550.0400
1096.6500	286.7450	550.0400
1103.7500	288.0500	550.0400
1113.1900	288.0150	550.0400
1112.0800	285.6200	550.0400
1137.3300	284.3350	550.0400
1104.8700	284.6900	550.0400
1042.1900	285.7000	550.0400
979.7700	288.3750	550.0400
937.5500	288.5100	550.0400
911.8600	286.7950	550.0400
889.4500	288.1250	550.0400
867.8600	289.6550	550.0400
860.9200	290.8900	550.0400
893.3700	291.6300	550.0400
915.0100	289.2150	550.0400
913.1900	290.5650	550.0400
901.2300	291.9100	550.0400
892.8700	293.1550	550.0400
884.9300	292.8550	550.0400
872.7900	288.5700	550.0400
860.7400	288.9550	550.0400
847.3300	290.9350	550.0400
854.6100	288.7350	550.0400
830.7100	289.9450	550.0400
826.6500	290.4000	550.0400
835.6800	288.9300	560.9600
833.1700	291.8400	1074.3100
829.0200	293.3350	1074.3100
843.3100	291.8750	1074.3100
863.8900	292.1600	1074.3100
870.6100	293.5050	1074.3100
860.6700	295.2000	1074.3100
828.8200	296.8250	1074.3100
763.4800	296.5500	1074.3100
678.1800	298.1500	1074.3100
600.9800	295.3250	1074.3100
551.7700	293.0300	1074.3100
513.2500	295.8150	1074.3100
487.7400	297.4750	1074.3100
472.0500	297.5050	1074.3100
463.9700	295.1450	1074.3100
465.4700	297.4350	1074.3100
482.6300	294.4900	1074.3100
516.9600	293.6650	1074.3100
554.7900	296.2450	1074.3100
586.8900	295.6200	1074.3100
614.8800	295.7600	1074.3100
631.8000	296.2850	1074.3100
626.1100	297.0200	1074.3100
601.7500	296.9150	1074.3100
571.5500	294.4750	1074.3100
544.6900	293.2950	1074.3100
524.0200	295.2900	1074.3100
509.6500	295.4300	1074.3100
501.2300	297.1350	1074.3100
496.3700	299.5050	1074.3100
492.2600	298.9000	1077.8400
488.7400	300.1900	1243.9600
485.1900	300.1750	1243.9600
480.7500	298.1150	1243.9600
480.4300	295.6500	1243.9600
479.6200	297.5250	1243.9600
479.8000	299.8000	1243.9600
476.9200	299.6600	1243.9600
469.6500	299.0500	1243.9600
461.7400	297.0950	1243.9600
458.3300	296.5650	1243.9600
479.5900	295.8950	1243.9600
526.1700	294.1550	1243.9600
559.0000	292.5800	1243.9600
586.4000	293.6150	1243.9600
592.9100	296.1500	1243.9600
571.3300	296.7900	1243.9600
543.3700	297.5000	1243.9600
523.5800	295.9800	1243.9600
511.0000	292.6150	1243.9600
506.8700	294.3700	1243.9600
514.3700	296.1650	1243.9600
522.1500	297.6350	1243.9600
520.8400	298.0800	1243.9600
513.0800	297.2150	1243.9600
503.7400	293.2100	1243.9600
492.4700	293.5750	1243.9600
479.6400	295.5250	1243.9600
468.2200	296.2900	1243.9600
461.3900	296.3850	1243.9600
461.2000	295.7600	1243.9600
466.6100	290.7150	1237.8600
471.0600	292.8300	950.7600
464.4000	293.5100	950.7600
451.9400	295.4000	950.7600
438.7500	297.2050	950.7600
428.7500	295.2800	950.7600
424.2900	291.8400	950.7600
423.0800	292.3750	950.7600
419.8600	294.6100	950.7600
413.4300	296.0050	950.7600
407.6600	296.1050	950.7600
428.7200	291.3100	950.7600
421.4700	290.1100	950.7600
413.9700	290.9100	950.7600
401.9300	291.0200	950.7600
385.8000	291.9700	950.7600
368.6200	292.7400	950.7600
353.3600	291.2250	950.7600
341.8600	290.5950	950.7600
335.2700	290.8950	950.7600
333.8600	292.5700	950.7600
335.5200	292.1700	950.7600
338.4500	290.3650	950.7600
342.4400	291.0500	950.7600
348.8300	288.3800	950.7600
359.4500	288.6500	950.7600
373.5700	289.5850	950.7600
385.2900	290.0700	950.7600
389.4300	286.7550	950.7600
390.6500	288.1400	950.7600
400.2300	290.5850	940.0800
419.3100	290.0450	437.8600
433.3100	288.9300	437.8600
435.0100	284.7500	437.8600
434.6400	283.1850	437.8600
431.5700	281.2500	437.8600
431.6600	280.0350	437.8600
428.3700	281.8800	437.8600
415.3900	285.7500	437.8600
397.2400	284.8550	437.8600
384.1600	283.6350	437.8600
379.9700	282.9850	437.8600
387.0300	284.5150	437.8600
415.6100	283.9150	437.8600
465.5400	284.4350	437.8600
506.7900	284.0650	437.8600
513.7300	284.7200	437.8600
491.6800	284.7900	437.8600
457.2500	285.8550	437.8600
422.9200	282.9050	437.8600
395.0400	284.4650	437.8600
374.9400	282.1950	437.8600
357.6300	279.7500	437.8600
339.9000	278.3150	437.8600
321.9000	278.9600	437.8600
304.6400	282.1700	437.8600
288.8000	282.5400	437.8600
274.4100	282.5250	437.8600
261.8400	282.3350	437.8600
251.9000	281.2150	437.8600
245.0200	280.4950	437.8600
240.6200	279.7250	431.4300
237.5500	280.6100	129.1400
234.9800	282.2200	129.1400
233.3400	280.0500	129.1400
236.9500	279.2050	129.1400
238.7000	279.4850	129.1400
240.0800	279.0400	129.1400
241.1900	279.3450	129.1400
242.5000	280.3850	129.1400
243.7500	278.6950	129.1400
244.8600	279.6700	129.1400
246.9000	282.4150	129.1400
250.1300	282.7700	129.1400
253.5000	278.9450	129.1400
256.6300	278.0700	129.1400
259.2100	277.4400	129.1400
260.9000	277.1150	129.1400
263.4300	277.3200	129.1400
270.0500	277.8800	129.1400
288.5900	277.8300	129.1400
326.1500	278.1500	129.1400
364.6800	277.7050	129.1400
380.7800	276.9600	129.1400
377.4300	276.8650	129.1400
366.0100	276.6800	129.1400
352.5600	275.3450	129.1400
339.0600	275.3150	129.1400
327.6200	275.1500	129.1400
322.6300	274.2050	129.1400
313.3900	274.1850	129.1400
307.0600	274.1800	128.0500
301.2200	274.1750	76.8500
293.3800	274.1550	76.8500
283.7900	274.1200	76.8500
274.3100	274.0750	76.8500
265.7000	274.0050	76.8500
257.5800	273.9100	76.8500
249.7400	273.8150	76.8500
242.5000	273.7150	76.8500
235.8600	273.6250	76.8500
228.9300	273.5600	76.8500
220.6200	273.5650	76.8500
210.9400	273.5200	76.8500
201.7400	273.4650	76.8500
194.9100	273.5000	76.8500
193.1500	273.3100	76.8500
196.7500	273.2650	76.8500
201.5200	273.2150	76.8500
204.2800	273.1550	76.8500
205.1700	273.0850	76.8500
205.0900	273.0150	76.8500
204.4500	272.9750	76.8500
203.5900	273.0600	76.8500
202.8900	273.6350	76.8500
203.5400	273.4350	76.8500
202.2200	273.3900	76.8500
200.9500	274.1700	76.8500
203.8500	273.5400	76.8500
216.8400	273.3050	76.8500
242.7300	273.0750	76.8500
283.7800	273.1550	76.8500
337.7200	273.3150	76.6600
380.0500	273.4600	67.7500
403.1600	273.6250	67.7500
431.4000	273.8150	67.7500
460.8100	273.9500	67.7500
466.3300	274.0150	67.7500
449.3500	274.1800	67.7500
425.5900	274.9550	67.7500
402.7900	274.5550	67.7500
382.6800	274.3100	67.7500
367.1600	274.5200	67.7500
355.6300	275.2400	67.7500
344.6000	274.9550	67.7500
332.1800	274.3050	67.7500
317.7400	275.0800	67.7500
301.6200	275.1850	67.7500
284.9400	274.3650	67.7500
269.6200	274.1150	67.7500
257.2100	274.1650	67.7500
248.2300	274.1550	67.7500
243.6100	273.9700	67.7500
244.1900	273.9550	67.7500
247.3500	273.9350	67.7500
250.0500	274.0100	67.7500
252.0000	274.1350	67.7500
254.1800	274.0100	67.7500
255.3900	274.0900	67.7500
254.4000	274.0550	67.7500
250.8200	273.9300	67.7500
245.7900	274.0750	67.7500
240.2100	274.0800	67.7500
233.1000	274.5750	67.5900
226.0100	274.2750	60.0600
219.5400	274.5750	60.0600
213.8800	274.2150	60.0600
208.7500	274.1400	60.0600
204.2500	274.5100	60.0600
200.3500	274.2650	60.0600
195.3400	273.9450	60.0600
190.6700	273.9200	60.0600
187.6500	274.0550	60.0600
187.5800	273.8950	60.0600
191.0100	273.8500	60.0600
196.8500	273.8400	60.0600
202.8200	273.9750	60.0600
207.0800	274.2000	60.0600
209.5700	273.8600	60.0600
210.7200	273.8500	60.0600
210.3500	273.8050	60.0600
208.5900	273.7700	60.0600
206.8500	273.7500	60.0600
206.6700	273.7500	60.0600
208.0600	273.7800	60.0600
209.5600	273.7800	60.0600
210.1700	273.7700	60.0600
210.6500	273.7800	60.0600
210.6100	273.7400	60.0600
208.6400	273.7500	60.0600
207.3900	273.7750	60.0600
206.3300	274.0650	60.3200
221.2500	274.6850	72.6800
230.2700	273.9150	72.6800
226.5400	273.8950	72.6800
225.9600	273.9400	72.6800
230.7700	274.0000	72.6800
242.4500	274.1400	72.6800
257.7500	274.9150	72.6800
274.9300	275.1400	72.6800
303.1900	275.3450	72.6800
349.4200	275.0150	72.6800
397.9200	274.6900	72.6800
428.3900	274.6050	72.6800
437.7000	274.6300	72.6800
430.9500	274.9450	72.6800
416.4400	275.4800	72.6800
400.6400	275.3700	72.6800
386.0800	275.9250	72.6800
373.7100	275.6550	72.6800
363.9400	275.1850	72.6800
356.8400	274.8800	72.6800
352.5300	274.8900	72.6800
350.9700	274.9000	72.6800
351.2100	274.9050	72.6800
350.3800	274.9300	72.6800
345.0000	275.1200	72.6800
333.5100	275.2350	72.6800
317.3500	275.5300	72.6800
301.0200	275.6150	72.6800
293.5000	277.1250	72.6800
302.9000	276.9850	72.6800
322.9900	276.5800	74.4900
338.6300	278.4200	159.6700
344.8200	279.0450	159.6700
347.0800	278.2350	159.6700
350.0500	279.2850	159.6700
357.9000	282.0700	159.6700
376.4100	281.7050	159.6700
413.6000	278.7200	159.6700
454.9800	279.4000	159.6700
496.5300	282.5300	159.6700
545.6200	281.6350	159.6700
621.0500	281.2500	159.6700
719.7100	281.3350	159.6700
806.7100	283.2850	159.6700
874.0900	282.4850	159.6700
888.8800	284.3200	159.6700
875.7300	284.7100	159.6700
886.4200	281.7850	159.6700
910.6900	279.4550	159.6700
899.9800	279.3100	159.6700
891.9200	279.7650	159.6700
924.7300	281.5600	159.6700
1008.8800	282.8500	159.6700
1088.0500	281.5750	159.6700
1104.7900	277.8450	159.6700
1081.3300	278.2250	159.6700
1078.5500	279.3100	159.6700
1102.6600	282.0000	159.6700
1103.2300	281.4750	159.6700
1083.2800	283.1350	159.6700
1080.3300	282.7000	165.3900
1116.9400	282.4000	434.5200
1154.0600	280.6850	434.5200
1135.5300	278.7900	434.5200
1083.2000	277.4300	434.5200
1058.7200	279.2200	434.5200
1098.2900	282.9350	434.5200
1190.8900	284.4800	434.5200
1308.8000	283.1650	434.5200
1415.7700	281.4400	434.5200
1458.7600	280.4700	434.5200
1445.7300	280.7000	434.5200
1414.6500	283.0000	434.5200
1388.4400	284.2800	434.5200
1381.8800	283.3500	434.5200
1407.2800	283.5250	434.5200
1448.6000	284.5750	434.5200
1453.9300	287.5500	434.5200
1424.5500	287.9050	434.5200
1433.9100	288.1100	434.5200
1525.2400	287.5850	434.5200
1619.6000	284.2550	434.5200
1642.3500	287.6850	434.5200
1619.9100	288.7650	434.5200
1603.6700	286.6450	434.5200
1609.6000	287.8350	434.5200
1644.4300	288.8250	434.5200
1725.9100	286.8650	434.5200
1892.4300	286.6900	434.5200
2091.9000	287.0350	434.5200
2184.7800	286.9100	434.5200
2210.2800	288.8200	437.8500
2257.0200	289.5750	594.5800
2296.1800	290.4600	594.5800
2318.0800	291.1350	594.5800
2267.1100	288.6600	594.5800
2105.3500	288.7550	1643.5300
1890.1800	288.3450	1919.8400
1673.8300	288.2400	1703.1200
1477.6000	288.1550	1504.3900
1317.7100	285.9650	1338.6700
1198.3100	284.3900	1214.8600
1113.9800	284.4600	1127.1800
1030.8400	286.6550	1042.5400
980.4400	287.6200	986.6800
980.2700	288.9300	975.8400
1092.4000	289.5500	1067.4000
1299.9900	289.1950	1266.4100
1498.9100	289.7450	1474.0400
1580.6400	289.7100	1576.7600
1520.5000	290.9450	1535.1200
1373.3200	291.1400	1397.2500
1205.5400	289.6850	1230.6200
1056.1400	290.9000	1078.0500
942.5600	291.9950	958.7300
873.9800	291.0600	882.9900
839.0400	291.1650	844.0300
814.4700	292.4700	818.5100
793.1900	292.7700	796.6400
777.4500	293.3200	779.8300
767.9300	295.3800	769.3200
762.0400	294.2650	771.3400
757.2400	293.3000	1161.2900
753.9800	293.7300	1161.2900
751.8900	293.4650	1161.2900
750.6100	293.3600	1161.2900
751.7000	293.3900	1161.2900
746.9900	294.7350	1161.2900
720.0100	296.0650	1161.2900
668.6800	294.3400	1161.2900
610.5000	294.2900	1161.2900
560.8800	295.6200	1161.2900
525.6000	297.0000	1161.2900
504.5500	298.0900	1161.2900
493.2300	298.1600	1161.2900
486.6000	296.9450	1161.2900
482.2600	299.2800	1161.2900
479.6100	299.7650	1161.2900
478.3500	298.1350	1161.2900
479.7400	299.5250	1161.2900
485.1400	298.6600	1161.2900
491.6500	297.9700	1161.2900
495.8200	297.9450	1161.2900
495.0500	299.4200	1161.2900
488.0100	301.3100	1161.2900
477.4000	301.6200	1161.2900
468.5700	300.6950	1161.2900
467.0500	299.8900	1161.2900
473.6800	300.3400	1161.2900
480.0200	300.4100	1161.2900
480.0100	299.9200	1161.2900
475.8400	301.2350	1161.2900
471.7300	299.4100	1166.1000
469.2000	296.8900	1392.3500
467.1300	297.0450	1392.4000
463.6000	298.4700	1392.4000
458.6500	299.5650	1392.4000
454.4200	299.1350	1392.4000
451.9500	297.8350	1392.4000
450.1400	299.1600	1392.4000
447.7500	301.8600	1392.4000
443.8900	302.6950	1392.4000
438.3900	301.7950	1392.4000
433.5000	300.7200	1392.4000
431.0200	299.6100	1392.4000
429.7200	297.1150	1392.4000
431.5700	298.3950	1392.4000
433.4900	299.1550	1392.4000
433.3200	300.1300	1392.4000
432.1700	297.8200	1392.4000
437.7900	295.2700	1392.4000
441.3500	296.1850	1392.4000
442.2600	297.6850	1392.4000
444.7200	297.1300	1392.4000
449.5000	297.5050	1392.4000
463.5000	299.7100	1392.4000
487.5600	298.5450	1392.4000
509.9000	295.3000	1392.4000
523.5800	295.4600	1392.4000
526.3900	296.3250	1392.4000
521.1100	296.5850	1392.4000
514.0700	296.5350	1392.4000
506.3900	297.3200	1392.4000
494.6400	294.4300	1385.5700
478.4300	292.0400	1064.2100
461.2100	292.6850	1064.2100
446.5900	292.6400	1064.2100
435.2800	293.9350	1064.2100
426.3900	294.9800	1064.2100
422.4900	295.9500	1064.2100
428.6300	296.6300	1064.2100
441.6900	294.5300	1064.2100
448.9800	293.6700	1064.2100
443.1400	295.1550	1064.2100
427.1400	295.2000	1064.2100
406.8900	295.2050	1064.2100
386.6700	296.1500	1064.2100
368.4300	294.3650	1064.2100
352.8800	292.1450	1064.2100
348.2500	288.4600	1064.2100
342.2800	286.1100	1064.2100
346.8100	285.9150	1064.2100
329.6300	287.4500	1064.2100
314.2000	288.6050	1064.2100
306.0900	289.7300	1064.2100
314.4600	289.3800	1064.2100
376.7900	288.0550	1064.2100
398.9000	289.0600	1064.2100
408.4400	290.6750	1064.2100
408.1000	291.1450	1064.2100
407.5200	288.6250	1064.2100
418.3000	287.2000	1064.2100
442.3000	290.6650	1064.2100
469.7600	290.9450	1052.2500
485.7600	290.8750	490.1100
483.1400	289.4750	490.1100
467.5400	287.0200	490.1100
450.0700	284.9750	490.1100
435.2800	285.3850	490.1100
419.2500	287.7200	490.1100
401.1600	286.5950	490.1100
396.6500	282.1800	490.1100
356.3500	282.3050	490.1100
320.8900	281.0950	490.1100
293.4600	279.9350	490.1100
276.8600	278.8250	490.1100
276.5200	279.1000	490.1100
293.9900	279.9250	490.1100
310.6500	281.6650	490.1100
318.2600	285.0650	490.1100
324.0500	279.6500	490.1100
335.3100	279.2100	490.1100
361.9800	280.8350	490.1100
406.8600	281.2100	490.1100
434.6800	279.9800	490.1100
431.7300	279.2450	490.1100
415.9200	278.9600	490.1100
401.1200	278.9750	490.1100
387.8000	279.5100	490.1100
376.2100	279.4300	490.1100
371.9000	279.5700	490.1100
381.7000	280.1900	490.1100
403.1000	280.5750	490.1100
422.1900	277.2500	490.1100
429.3700	276.1100	482.9100
424.3100	275.9700	144.5500
411.6000	275.8500	144.5500
394.5800	275.7450	144.5500
376.9800	275.8500	144.5500
363.3200	276.5700	144.5500
350.2000	276.7150	144.5500
336.8000	279.7200	144.5500
321.6000	281.9700	144.5500
304.9700	276.8550	144.5500
290.8600	275.4100	144.5500
281.1800	275.7750	144.5500
275.1600	276.0650	144.5500
272.1400	275.5300	144.5500
270.8100	275.9550	144.5500
268.5700	275.2100	144.5500
264.8300	276.9350	144.5500
262.1100	277.5250	144.5500
262.9700	275.8650	144.5500
266.8100	275.3000	144.5500
271.7800	276.0550	144.5500
279.6400	277.7050	144.5500
292.3600	277.4450	144.5500
304.1500	276.1450	144.5500
307.2600	276.0250	144.5500
301.4200	274.8900	144.5500
290.9700	274.5600	144.5500
279.2900	274.5250	144.5500
268.0600	274.4850	144.5500
258.7500	274.4150	144.5500
253.2200	274.3150	143.3300
252.3700	274.2400	86.0200
255.2100	274.1550	86.0200
262.0900	274.0400	86.0200
276.3700	273.9400	86.0200
295.3400	273.8800	86.0200
306.3400	273.7650	86.0200
302.6100	273.6500	86.0200
288.6300	273.5950	86.0200
271.4800	273.6550	86.0200
255.8700	273.6950	86.0200
243.9200	273.5450	86.0200
235.6900	273.5150	86.0200
229.9000	273.5500	86.0200
226.3200	274.1350	86.0200
227.2200	273.5850	86.0200
233.8200	273.6150	86.0200
240.0700	273.4150	86.0200
242.0500	273.3700	86.0200
242.3600	273.3450	86.0200
242.9500	273.3300	86.0200
245.2800	273.3100	86.0200
255.7100	273.2950	86.0200
280.6300	273.2700	86.0200
309.8100	273.2750	86.0200
324.3400	273.2800	86.0200
320.9800	273.3100	86.0200
308.7800	273.3600	86.0200
295.6400	273.4100	86.0200
283.5600	273.4300	86.0200
270.9900	273.4300	86.0200
256.7600	273.4150	85.8100
241.9300	273.4050	75.8300
228.5900	273.4500	75.8300
218.4600	273.6600	75.8300
212.7100	273.6100	75.8300
211.4200	273.3450	75.8300
213.3300	273.3050	75.8300
217.3500	273.2950	75.8300
224.1700	273.2350	75.8300
236.4600	273.1900	75.8300
255.8800	273.4150	75.8300
276.6800	273.2300	75.8300
290.1100	273.1150	75.8300
293.8800	273.0950	75.8300
291.3200	273.0950	75.8300
286.9200	273.0950	75.8300
284.0700	273.1000	75.8300
281.6600	273.1050	75.8300
275.3200	273.1250	75.8300
264.1600	273.1200	75.8300
250.7900	273.1300	75.8300
237.4400	273.1450	75.8300
225.1200	273.1400	75.8300
214.4900	273.1450	75.8300
206.0800	273.1450	75.8300
199.8900	273.1500	75.8300
195.4700	273.2000	75.8300
192.6700	273.1500	75.8300
191.8200	273.1500	75.8300
192.8500	273.1550	75.8300
195.0500	273.1350	75.8300
198.3900	273.1450	75.6500
203.6000	273.1500	67.2300
209.1900	273.1150	67.2300
211.2600	273.0750	67.2300
208.6900	273.0450	67.2300
203.7100	273.0550	67.2300
198.3300	273.0800	67.2300
193.2100	273.1000	67.2300
188.5400	273.1100	67.2300
184.6700	273.1200	67.2300
182.8400	273.1250	67.2300
189.7600	273.1500	67.2300
220.5500	273.2350	67.2300
269.9000	273.3350	67.2300
311.6200	273.4700	67.2300
337.1800	273.6000	67.2300
344.3200	273.8500	67.2300
338.4700	273.8350	67.2300
326.7700	273.9450	67.2300
314.9500	274.0600	67.2300
312.4200	274.0900	67.2300
334.7400	274.3300	67.2300
381.4400	274.0400	67.2300
424.8000	274.0850	67.2300
450.6100	274.1250	67.2300
458.6900	274.0750	67.2300
444.3000	274.0900	67.2300
414.2700	274.1100	67.2300
380.9900	274.1250	67.5200
351.2600	274.1250	81.3500
327.4100	274.1200	81.3500
310.7300	274.1000	81.3500
303.2000	274.1100	81.3500
304.7900	274.1350	81.3500
311.8700	274.2150	81.3500
319.5100	274.2900	81.3500
324.1100	274.5200	81.3500
326.8000	274.8450	81.3500
334.3400	274.8950	81.3500
351.8700	275.3200	81.3500
382.4700	277.4950	81.3500
423.9800	278.0900	81.3500
432.3600	275.7150	81.3500
435.9500	275.2300	81.3500
428.8400	275.4800	81.3500
426.2600	276.9000	81.3500
434.0500	279.6400	81.3500
444.0900	276.1350	81.3500
458.9800	277.2500	81.3500
472.9900	279.7400	81.3500
467.4100	277.9100	81.3500
449.7800	280.0550	81.3500
438.3900	280.4100	81.3500
434.9700	283.0650	81.3500
430.8200	281.9050	81.3500
420.4500	280.8450	81.3500
406.9200	281.0050	81.3500
396.0300	277.2650	81.3500
389.0100	276.8000	81.3500
384.7800	277.0950	83.3800
387.0600	278.9450	178.7200
406.8900	277.7500	178.7200
450.2900	276.5250	178.7200
520.4900	275.8100	178.7200
639.4900	275.6900	178.7200
756.5900	275.5150	178.7200
796.6000	275.3550	178.7200
788.7300	275.2900	178.7200
778.7800	275.6500	178.7200
776.5500	276.4650	178.7200
777.6400	275.7050	178.7200
775.9200	275.1350	178.7200
785.8800	276.0750	178.7200
822.6600	277.7850	178.7200
846.4400	280.7000	178.7200
834.9800	280.3750	178.7200
814.3500	280.2450	178.7200
797.9300	282.2850	178.7200
793.2700	282.0450	178.7200
803.2500	279.4650	178.7200
801.5500	279.8900	178.7200
773.1300	281.0650	178.7200
733.5600	281.7450	178.7200
708.2000	282.9600	178.7200
749.8500	283.0700	178.7200
845.3200	283.1950	178.7200
890.9700	281.9800	178.7200
867.7700	283.9150	178.7200
827.0800	285.1250	178.7200
791.8600	285.0550	185.1300
766.0500	282.7950	486.3700
747.2400	283.9050	486.3700
735.6000	286.7200	486.3700
766.7600	283.1500	486.3700
784.0400	282.6550	486.3700
777.5400	283.8050	486.3700
833.3600	284.3500	486.3700
1008.9600	286.4750	486.3700
1197.5800	287.5150	486.3700
1307.8900	285.0750	486.3700
1362.6200	284.8250	486.3700
1384.7300	287.5200	486.3700
1353.4900	289.1100	486.3700
1294.5700	285.2350	486.3700
1244.4600	283.0350	486.3700
1216.3500	284.7900	486.3700
1209.6000	285.2250	486.3700
1221.6800	288.6950	486.3700
1245.3000	285.3150	486.3700
1262.1800	285.8200	486.3700
1287.0000	285.3800	486.3700
1294.2600	284.8700	486.3700
1319.9700	283.0550	486.3700
1337.5200	283.2850	486.3700
1307.3500	284.4950	486.3700
1329.5200	283.6900	486.3700
1385.4400	285.9250	486.3700
1448.9300	288.3700	486.3700
1503.5900	285.8050	486.3700
1584.8600	285.0100	486.3700
1693.6200	284.6100	490.1000
1737.7800	285.4800	1199.7000
1651.8200	287.2250	1664.6700
1579.8900	288.4900	1589.0500
1512.7200	288.6000	1523.3400
1435.4500	286.9550	1446.7100
1365.3500	287.9300	1375.3800
1293.8200	284.7700	1305.5200
1196.1700	285.5800	1212.7200
1085.3100	287.9300	1102.3100
993.6400	288.9850	1006.7400
935.0900	290.2800	942.9400
905.6700	289.4200	909.4000
893.3500	288.8550	894.5100
927.1100	288.5600	914.1000
1111.2900	288.0800	1076.0300
1312.5000	289.3300	1289.8300
1436.5500	290.1350	1420.1800
1367.1500	288.5600	1400.9900
1120.7000	288.4800	1156.0100
963.8600	289.8300	985.6900
883.0200	291.5050	893.3400
859.7000	292.0900	861.5900
866.5400	292.7500	865.0200
873.8900	291.9550	873.4600
869.8200	292.0100	871.0500
860.5600	288.9200	862.5900
839.2700	289.5250	843.7100
814.5300	289.7100	818.6100
795.9800	292.8950	798.8200
785.1000	295.1850	797.3800
782.0500	294.0500	1299.8600
783.6000	294.7450	1299.8600
782.5600	295.5200	1299.8600
775.8900	295.1750	1299.8600
766.5500	295.0800	1299.8600
759.2300	295.7500	1299.8600
745.0200	298.6550	1299.8600
704.4500	295.1600	1299.8600
639.1600	294.3950	1299.8600
571.7000	292.9800	1299.8600
519.9400	294.3500	1299.8600
491.3300	296.1950	1299.8600
487.5600	297.2800	1299.8600
498.5500	299.0400	1299.8600
502.8500	299.5300	1299.8600
494.7200	300.6900	1299.8600
481.6200	300.4650	1299.8600
470.5600	300.0600	1299.8600
464.0900	299.3200	1299.8600
458.3700	299.8950	1299.8600
453.9000	301.7550	1299.8600
451.7200	302.4000	1299.8600
451.4700	303.6900	1299.8600
452.7100	304.2450	1299.8600
456.3200	303.2250	1299.8600
463.3300	300.3650	1299.8600
466.7500	299.4350	1299.8600
466.6100	300.6400	1299.8600
462.1400	302.6450	1299.8600
455.2800	303.3050	1299.8600
450.0700	303.5600	1301.2900
450.7300	300.6750	1368.6800
456.9800	299.8900	1368.6800
462.2200	300.9900	1368.6800
465.9500	302.3950	1368.6800
475.4400	301.2050	1368.6800
494.2800	300.1800	1368.6800
514.4200	300.6500	1368.6800
517.0400	301.4750	1368.6800
503.5100	300.6100	1368.6800
481.9700	300.1050	1368.6800
461.2100	299.3450	1368.6800
449.0400	297.5450	1368.6800
449.2600	300.7050	1368.6800
459.3100	299.5850	1368.6800
473.9800	299.8700	1368.6800
488.4300	297.8600	1368.6800
499.4500	298.2450	1368.6800
503.2400	298.2550	1368.6800
496.9100	299.3350	1368.6800
481.9500	298.7600	1368.6800
461.5200	296.7800	1368.6800
440.2300	295.8650	1368.6800
421.6300	294.8600	1368.6800
407.0900	293.8700	1368.6800
396.4700	294.0300	1368.6800
389.0200	297.5000	1368.6800
384.7900	295.7650	1368.6800
387.9000	293.9550	1368.6800
409.2900	293.8800	1368.6800
446.3000	296.2550	1368.6800
477.0200	298.6350	1361.9500
482.9200	299.5100	1046.0800
469.0900	297.3950	1046.0800
448.1400	298.6600	1046.0800
427.3300	299.0700	1046.0800
416.4700	298.9500	1046.0800
403.5700	294.9600	1046.0800
387.8000	293.7950	1046.0800
382.4400	290.8850	1046.0800
381.8600	290.5250	1046.0800
364.8600	291.0950	1046.0800
348.8700	292.9950	1046.0800
338.5400	293.3000	1046.0800
333.0700	288.9550	1046.0800
330.3700	287.8750	1046.0800
329.3100	290.5000	1046.0800
332.0100	293.3450	1046.0800
344.2800	295.0950	1046.0800
372.3000	292.2550	1046.0800
403.2100	291.3500	1046.0800
412.8500	290.9050	1046.0800
399.8300	291.0850	1046.0800
376.1200	291.5400	1046.0800
352.2100	291.9450	1046.0800
333.0100	289.6600	1046.0800
320.3400	287.6300	1046.0800
310.3000	290.1300	1046.0800
305.2000	289.6000	1046.0800
304.9700	289.6550	1046.0800
307.0400	291.0500	1046.0800
312.4800	286.9550	1034.3200
320.7900	287.9000	481.7600
333.5500	289.3300	481.7600
350.7000	287.8800	481.7600
366.0000	286.3750	481.7600
385.5900	285.3000	481.7600
436.9600	283.3650	481.7600
485.6800	283.1850	481.7600
460.9000	285.2000	481.7600
421.3400	285.4050	481.7600
381.9600	284.0100	481.7600
357.2200	283.4200	481.7600
359.6100	284.8550	481.7600
383.5800	284.0250	481.7600
405.6400	284.4650	481.7600
413.0500	283.1800	481.7600
412.6700	282.0850	481.7600
416.8700	281.9550	481.7600
426.1500	283.3250	481.7600
426.5500	281.8000	481.7600
410.2100	282.5950	481.7600
382.5100	280.3850	481.7600
351.3700	280.5300	481.7600
321.7100	282.9100	481.7600
296.3000	283.5350	481.7600
276.7700	284.3600	481.7600
263.5100	281.7100	481.7600
256.0100	278.7200	481.7600
252.9300	279.4050	481.7600
253.2000	281.8750	481.7600
262.7500	283.1850	481.7600
305.2500	279.1950	474.6800
382.9600	280.7000	142.0900
433.0300	279.7100	142.0900
433.5600	278.9550	142.0900
411.4100	280.8550	142.0900
385.0100	278.2800	142.0900
359.5300	276.7100	142.0900
334.9600	277.8750	142.0900
310.8800	279.5500	142.0900
288.0000	278.7400	142.0900
267.7300	278.4900	142.0900
251.9700	280.2050	142.0900
242.7800	278.1900	142.0900
240.6200	281.0500	142.0900
242.2300	277.6800	142.0900
242.7300	276.5250	142.0900
241.1700	278.7600	142.0900
241.1100	279.1550	142.0900
244.7200	278.6600	142.0900
248.1700	278.8450	142.0900
246.2400	276.2600	142.0900
238.6300	275.6000	142.0900
228.8000	275.4900	142.0900
219.9900	275.3900	142.0900
213.7500	275.2850	142.0900
210.2600	275.2200	142.0900
209.6100	275.1150	142.0900
211.3600	275.0350	142.0900
215.2800	274.9750	142.0900
220.6700	274.9150	142.0900
225.9100	274.8450	140.8900
230.1500	274.7900	84.5600
233.1400	274.7300	84.5600
234.3700	274.6500	84.5600
233.7100	275.4300	84.5600
233.7200	274.6600	84.5600
235.0800	274.4050	84.5600
235.8900	274.2900	84.5600
236.7300	274.1600	84.5600
238.0300	274.0400	84.5600
248.7200	273.9450	84.5600
273.1300	273.8750	84.5600
294.5600	273.8150	84.5600
306.0200	273.7950	84.5600
311.6700	273.7450	84.5600
306.4600	273.6700	84.5600
289.0900	273.5900	84.5600
266.5300	273.5200	84.5600
245.1400	273.4750	84.5600
227.4700	273.4500	84.5600
213.6400	273.4550	84.5600
202.9400	273.4350	84.5600
194.7000	273.4000	84.5600
188.5300	273.3550	84.5600
184.1400	273.3300	84.5600
181.2200	273.3100	84.5600
179.7700	273.2650	84.5600
179.8200	273.2200	84.5600
181.0700	273.1700	84.5600
183.1200	273.1050	84.5600
185.4500	273.0500	84.5600
187.3300	272.9950	84.3500
188.2800	272.9050	74.5400
188.1700	272.8250	74.5400
187.2200	272.7900	74.5400
186.0000	272.7600	74.5400
185.0600	272.7950	74.5400
184.2800	272.8000	74.5400
183.2100	272.7300	74.5400
181.6200	272.7100	74.5400
179.7700	272.7150	74.5400
178.7600	272.7200	74.5400
179.2000	272.7500	74.5400
180.2800	272.7700	74.5400
180.8700	272.7750	74.5400
180.4200	272.7950	74.5400
179.0200	272.8600	74.5400
177.0200	272.8450	74.5400
174.4700	272.8550	74.5400
171.5600	272.8700	74.5400
168.6600	272.8650	74.5400
166.2100	272.8600	74.5400
164.5100	272.8450	74.5400
163.6700	272.8050	74.5400
163.6000	272.8100	74.5400
163.9300	272.7950	74.5400
164.1100	272.8000	74.5400
163.7900	272.8200	74.5400
163.0700	272.8550	74.5400
162.3300	272.9050	74.5400
162.2900	272.9000	74.5400
163.3700	272.9150	74.5400
165.5200	272.9150	74.3600
169.0600	272.9350	66.0800
173.8000	272.9500	66.0800
178.8200	272.9650	66.0800
183.0700	272.9950	66.0800
186.5700	273.0100	66.0800
190.6700	273.0350	66.0800
196.2100	273.0600	66.0800
202.6100	273.0850	66.0800
206.8300	273.1000	66.0800
206.9300	273.1000	66.0800
205.1800	273.1300	66.0800
203.9000	273.1500	66.0800
203.7800	273.2350	66.0800
204.7800	273.2400	66.0800
206.9500	273.2750	66.0800
211.0500	273.4000	66.0800
222.6700	273.4800	66.0800
248.7200	273.4350	66.0800
274.3100	273.5050	66.0800
286.6000	273.5600	66.0800
287.1700	273.6050	66.0800
283.6500	273.6550	66.0800
277.3800	273.7000	66.0800
270.4600	273.7500	66.0800
264.7900	273.8100	66.0800
261.0800	273.8600	66.0800
258.3300	274.0250	66.0800
253.9700	274.7350	66.3700
249.6900	275.1050	79.9600
249.1500	275.7200	79.9600
246.3900	274.4850	79.9600
239.1100	275.2350	79.9600
228.7600	274.4550	79.9600
220.5600	274.4950	79.9600
216.7400	274.8050	79.9600
216.2300	275.6450	79.9600
219.2600	275.7600	79.9600
228.0200	276.8600	79.9600
245.0100	278.8650	79.9600
262.8800	279.3150	79.9600
269.5600	276.9300	79.9600
264.9200	275.9650	79.9600
256.1600	275.7200	79.9600
247.7200	276.5500	79.9600
240.4900	277.8800	79.9600
234.6000	277.9750	79.9600
230.1700	278.3250	79.9600
227.9600	277.6400	79.9600
230.4400	277.5450	79.9600
238.4600	276.8650	79.9600
247.6400	276.5750	79.9600
253.5200	278.9950	79.9600
257.0700	277.4050	79.9600
261.7600	277.2550	79.9600
267.8300	277.8350	79.9600
272.3000	278.3100	79.9600
273.2900	277.2700	79.9600
270.7200	276.4750	79.9600
265.5500	275.9600	81.9600
259.3200	275.9750	175.6700
253.1100	276.5900	175.6700
246.6000	277.6300	175.6700
239.0000	278.9550	175.6700
229.7900	279.3500	175.6700
220.2700	278.2200	175.6700
212.4900	279.0000	175.6700
207.0000	280.7750	175.6700
203.4400	280.6550	175.6700
204.0000	280.3250	175.6700
208.2800	280.0500	175.6700
210.6500	280.6250	175.6700
212.9500	280.4100	175.6700
218.1900	284.4850	175.6700
232.1100	284.9750	175.6700
257.5400	280.2500	175.6700
281.3100	281.1600	175.6700
294.2000	282.3600	175.6700
299.5300	282.7750	175.6700
307.3600	282.9650	175.6700
329.8400	277.1700	175.6700
381.1600	278.5850	175.6700
454.4000	278.2100	175.6700
550.3700	279.3250	175.6700
652.5400	279.4000	175.6700
716.8800	279.3950	175.6700
739.0300	279.5350	175.6700
738.4500	282.0650	175.6700
735.8100	285.1700	175.6700
743.1400	285.3800	181.9700
760.8600	281.7200	478.0800
816.7800	279.9000	478.0800
779.8500	280.7100	478.0800
743.6400	282.7700	478.0800
721.0100	283.8450	478.0800
712.0700	284.0300	478.0800
740.7900	281.5500	478.0800
848.3700	281.7500	478.0800
945.2000	281.7650	478.0800
925.0800	279.9000	478.0800
826.2400	281.6100	478.0800
721.7900	282.8150	478.0800
662.5000	282.3600	478.0800
723.3600	283.8350	478.0800
920.2900	284.5250	478.0800
1072.4900	285.8850	478.0800
1118.8900	286.3650	478.0800
1102.7800	287.4800	478.0800
1036.1800	287.6800	478.0800
956.2000	286.0750	478.0800
897.4900	285.3250	478.0800
858.7800	283.3050	478.0800
834.4900	283.7400	478.0800
852.9100	282.8150	478.0800
958.4100	282.2050	478.0800
1104.3700	281.6300	478.0800
1278.8100	281.9300	478.0800
1469.4800	283.0650	478.0800
1616.8700	285.5400	478.0800
1689.8600	287.9900	478.0800
1823.4500	288.2050	481.7500
2113.9900	288.6350	654.1800
2187.6700	286.9650	654.1800
2070.5200	285.1000	654.1800
1929.6600	283.1500	654.1800
1809.3800	285.5250	654.1800
1718.6000	284.8700	654.1800
1647.6600	284.2400	654.1800
1575.9100	283.4950	654.1800
1506.3400	283.3700	654.1800
1452.9900	284.0250	654.1800
1444.9200	284.1200	654.1800
1474.2600	283.0050	654.1800
1538.7300	284.4150	654.1800
1565.4800	286.6550	654.1800
1541.8000	285.5600	654.1800
1506.3400	286.4550	654.1800
1482.1400	287.7700	654.1800
1451.1900	289.2550	654.1800
1421.1200	287.4700	654.1800
1398.6500	287.2850	654.1800
1353.6600	288.2200	654.1800
1264.7900	288.6450	654.1800
1153.7400	288.7000	654.1800
1048.8500	288.2400	654.1800
974.7400	287.9800	654.1800
909.0800	289.6850	654.1800
865.5200	288.5200	654.1800
837.4000	287.5350	654.1800
819.0300	290.1500	654.1800
808.6500	291.6400	667.1700
803.0100	294.8000	1277.7100
797.8900	292.3750	1277.7100
791.5400	291.6800	1277.7100
784.2100	293.8600	1277.7100
777.5100	295.8950	1277.7100
771.5000	294.3750	1277.7100
758.4100	294.2300	1277.7100
722.2500	293.4900	1277.7100
666.0500	293.7000	1277.7100
610.6000	295.7200	1277.7100
572.8800	294.0850	1277.7100
552.5700	291.5900	1277.7100
552.6900	294.0250	1277.7100
578.3900	296.0200	1277.7100
613.4700	296.1550	1277.7100
630.8100	296.4600	1277.7100
624.6900	296.2550	1277.7100
605.7400	295.7300	1277.7100
585.6400	296.2800	1277.7100
565.7600	296.9050	1277.7100
548.4500	297.6900	1277.7100
534.3100	298.9150	1277.7100
522.7900	298.6950	1277.7100
514.0500	296.2550	1277.7100
512.0800	295.3300	1277.7100
504.6600	296.5950	1277.7100
500.2000	297.7300	1277.7100
513.0500	298.0700	1277.7100
514.9700	296.1800	1277.7100
517.5500	297.1200	1277.7100
528.0700	295.9800	1278.7900
546.8200	296.7300	1329.5100
572.5600	298.9500	1329.5100
599.9800	296.3350	1329.5100
613.8400	295.5900	1329.5100
592.9900	295.6900	1329.5100
556.9100	296.8100	1329.5100
520.9900	296.8200	1329.5100
492.5100	298.4400	1329.5100
475.7600	298.6650	1329.5100
471.3700	298.6200	1329.5100
473.7800	297.7550	1329.5100
474.7200	295.9300	1329.5100
471.7400	296.2650	1329.5100
470.5400	295.5450	1329.5100
477.4300	294.0350	1329.5100
480.1100	295.4700	1329.5100
475.4300	297.5950	1329.5100
469.1500	298.8200	1329.5100
471.3900	298.7300	1329.5100
489.0000	299.4300	1329.5100
511.3100	298.3050	1329.5100
518.1400	294.3750	1329.5100
506.1700	292.8550	1329.5100
481.9700	295.9950	1329.5100
455.9500	298.1900	1329.5100
433.3100	298.3600	1329.5100
415.8200	293.3550	1329.5100
404.5600	293.7000	1329.5100
400.7800	294.7950	1329.5100
403.7900	296.3650	1329.5100
409.3200	296.4000	1322.9800
416.6400	291.2650	1016.1500
428.2900	288.9700	1016.1500
431.2300	290.4000	1016.1500
429.8700	290.2500	1016.1500
432.7100	291.0550	1016.1500
440.1200	291.6200	1016.1500
460.5500	290.4250	1016.1500
495.3300	290.2150	1016.1500
526.2500	290.6500	1016.1500
540.4300	292.3500	1016.1500
536.9100	290.6300	1016.1500
533.7100	290.1200	1016.1500
549.5600	290.0950	1016.1500
568.7700	287.5950	1016.1500
548.1100	289.4350	1016.1500
514.7300	291.5450	1016.1500
479.0500	291.3200	1016.1500
444.3500	291.9650	1016.1500
413.2500	291.9800	1016.1500
389.3200	291.0600	1016.1500
372.8400	290.8450	1016.1500
360.5000	289.4550	1016.1500
349.8900	286.8100	1016.1500
342.9400	285.5800	1016.1500
333.7800	287.5700	1016.1500
324.4000	288.8000	1016.1500
315.2500	287.6650	1016.1500
306.9100	288.7750	1016.1500
299.8900	287.5300	1016.1500
294.3900	289.1950	1004.7300
290.4400	290.2750	467.9700
288.0300	290.1050	467.9700
287.1600	290.3150	467.9700
288.0700	290.6300	467.9700
292.2500	290.2200	467.9700
303.2600	286.4400	467.9700
309.4700	286.6500	467.9700
308.2300	288.3650	467.9700
298.1200	285.5450	467.9700
281.7200	284.6100	467.9700
265.2600	283.4650	467.9700
253.4400	281.7250	467.9700
262.7500	280.3200	467.9700
261.5100	280.7550	467.9700
255.6100	280.4100	467.9700
252.0400	280.7250	467.9700
250.3300	282.8350	467.9700
250.7700	286.1550	467.9700
255.8100	286.0450	467.9700
269.5300	283.2950	467.9700
292.2000	284.1450	467.9700
319.7700	281.9050	467.9700
336.0000	281.5400	467.9700
340.8900	282.9750	467.9700
333.8400	283.3550	467.9700
318.6400	280.9450	467.9700
301.5500	278.5250	467.9700
286.8600	279.2800	467.9700
276.3700	280.7950	467.9700
270.2600	282.3200	467.9700
267.2000	281.1800	461.1000
265.6200	281.7000	138.0200
264.7600	282.3550	138.0200
263.6600	282.4600	138.0200
260.9500	279.7450	138.0200
256.5400	279.5500	138.0200
255.0600	277.2750	138.0200
250.0700	276.2550	138.0200
244.3100	276.7300	138.0200
238.0300	276.6100	138.0200
232.1200	276.8750	138.0200
229.8700	277.8350	138.0200
235.8800	279.0700	138.0200
251.9800	279.5500	138.0200
274.9900	278.4050	138.0200
292.2100	276.6400	138.0200
297.9100	277.8000	138.0200
297.0400	277.0000	138.0200
292.8700	276.9650	138.0200
285.8900	278.5800	138.0200
279.1700	275.7700	138.0200
279.6600	275.6550	138.0200
294.1100	276.0800	138.0200
317.2600	276.3250	138.0200
337.4700	275.7650	138.0200
354.2300	275.7700	138.0200
365.5200	275.9400	138.0200
366.1300	275.4900	138.0200
354.6900	275.0400	138.0200
335.4100	274.9850	138.0200
314.1900	274.9200	136.8600
294.6000	274.8300	82.1400
278.1400	275.4850	82.1400
265.5000	274.3850	82.1400
256.5600	274.3150	82.1400
250.4700	274.2500	82.1400
246.2900	274.2200	82.1400
243.4800	274.2650	82.1400
243.5000	274.3600	82.1400
242.0700	274.1000	82.1400
238.5000	274.1500	82.1400
234.2100	274.0700	82.1400
229.0200	273.9650	82.1400
224.4400	273.9350	82.1400
223.0000	273.8700	82.1400
225.8400	273.7700	82.1400
232.9100	273.6600	82.1400
242.2600	273.5700	82.1400
249.9600	273.4900	82.1400
254.1000	273.4250	82.1400
255.1100	273.3600	82.1400
252.9000	273.2900	82.1400
246.6700	273.2250	82.1400
236.8000	273.1900	82.1400
224.9500	273.1400	82.1400
213.0200	273.0750	82.1400
202.2800	273.0350	82.1400
193.4300	272.9750	82.1400
186.6700	272.9100	82.1400
181.8200	272.8750	82.1400
178.5100	272.8400	82.1400
176.7100	272.7850	81.9300
176.2400	272.7450	72.4100
177.5900	272.7250	72.4100
180.9000	272.7100	72.4100
185.9000	272.6500	72.4100
193.6100	272.6150	72.4100
204.3600	272.6200	72.4100
216.4800	272.6400	72.4100
229.7400	272.6850	72.4100
243.3000	272.7500	72.4100
252.3700	272.7800	72.4100
254.3400	272.8200	72.4100
257.3500	272.9050	72.4100
276.3500	272.9450	72.4100
315.9500	273.1000	72.4100
361.0200	273.1450	72.4100
403.4800	273.2650	72.4100
442.7100	273.3750	72.4100
450.9000	273.4600	72.4100
426.7300	273.5250	72.4100
392.8100	273.5850	72.4100
362.4700	273.6400	72.4100
337.7800	273.6950	72.4100
316.9500	273.7400	72.4100
298.9500	273.7500	72.4100
284.1300	273.7450	72.4100
272.4700	273.7250	72.4100
261.8400	273.6950	72.4100
249.9200	273.6900	72.4100
237.0800	273.6700	72.4100
225.3600	273.7950	72.4100
215.6300	274.2050	72.2300
207.7900	273.7500	64.1900
201.4800	273.6050	64.1900
196.0700	273.5500	64.1900
192.3900	273.5450	64.1900
191.9400	273.7650	64.1900
194.2500	273.6700	64.1900
197.8300	273.6400	64.1900
201.8100	273.6750	64.1900
206.7300	273.9250	64.1900
213.2900	273.9000	64.1900
219.7300	273.6600	64.1900
226.6400	273.6000	64.1900
233.8800	273.6450	64.1900
240.9800	273.6900	64.1900
245.9700	273.7450	64.1900
247.0100	273.8000	64.1900
243.4700	273.8500	64.1900
236.2000	273.8850	64.1900
227.0800	273.9050	64.1900
218.0600	273.9450	64.1900
210.3900	273.9600	64.1900
204.6400	273.9900	64.1900
200.7200	274.0200	64.1900
198.3100	274.0650	64.1900
197.1500	274.1050	64.1900
196.9500	274.1300	64.1900
197.3400	274.1400	64.1900
198.1900	274.1450	64.4700
199.9900	274.1700	77.6700
204.6600	274.2300	77.6700
212.8400	274.4200	77.6700
220.5800	274.6050	77.6700
225.1900	274.6450	77.6700
228.7700	274.6450	77.6700
233.8900	274.5900	77.6700
242.6800	274.7250	77.6700
255.7700	274.7400	77.6700
269.8500	274.8050	77.6700
283.0600	274.8400	77.6700
297.3100	274.8900	77.6700
313.0100	274.9250	77.6700
328.6100	274.9700	77.6700
344.4400	275.2200	77.6700
359.6700	276.5300	77.6700
371.0900	276.4800	77.6700
375.7700	275.9950	77.6700
372.8000	275.8550	77.6700
362.7000	277.5050	77.6700
347.2200	279.0050	77.6700
335.2500	280.2450	77.6700
322.1100	277.4150	77.6700
292.0100	275.3150	77.6700
268.7200	275.2350	77.6700
255.2600	274.9550	77.6700
251.7000	275.0300	77.6700
263.3200	275.5150	77.6700
303.2500	275.7000	77.6700
370.7500	275.5150	77.6700
417.0200	275.5450	79.6100
432.7800	276.1150	170.6500
423.1300	276.5100	170.6500
410.7800	276.4900	170.6500
404.4800	276.5800	170.6500
406.7300	276.2550	170.6500
414.4200	276.4550	170.6500
425.9700	278.5800	170.6500
455.3900	279.9000	170.6500
530.3900	278.5050	170.6500
603.7900	277.4750	170.6500
601.0200	278.5400	170.6500
551.4700	280.9600	170.6500
506.1600	280.7300	170.6500
483.7600	281.6650	170.6500
481.5900	280.1500	170.6500
497.4600	278.4650	170.6500
511.8100	278.4500	170.6500
534.8300	279.6600	170.6500
608.4700	280.8800	170.6500
708.9400	282.0200	170.6500
770.1900	283.6950	170.6500
792.2400	284.4600	170.6500
798.7400	283.2200	170.6500
796.7300	277.7750	170.6500
790.2200	278.1850	170.6500
781.0800	280.6350	170.6500
772.0200	279.5350	170.6500
764.2900	279.2950	170.6500
762.3600	279.3700	170.6500
812.2200	278.1550	176.7700
944.8500	278.7550	464.4000
1103.5700	279.8300	464.4000
1137.1700	281.8300	464.4000
1101.4700	282.1600	464.4000
1066.1300	282.0750	464.4000
1052.3800	283.6200	464.4000
1102.0200	282.5350	464.4000
1226.0900	281.4600	464.4000
1320.5800	280.7900	464.4000
1313.4000	280.8850	464.4000
1227.1000	282.0300	464.4000
1152.4000	282.7650	464.4000
1154.0600	280.5500	464.4000
1192.1800	278.6700	464.4000
1200.0300	281.0900	464.4000
1162.0600	279.8650	464.4000
1096.8300	283.8950	464.4000
1042.4500	285.5800	464.4000
1039.3100	283.2500	464.4000
1093.2800	285.3250	464.4000
1141.0000	282.0550	464.4000
1155.0600	283.3150	464.4000
1173.5000	282.4850	464.4000
1205.3000	284.5450	464.4000
1235.1600	285.2500	464.4000
1251.3100	284.5700	464.4000
1254.4800	285.5300	464.4000
1246.6500	286.6600	464.4000
1232.5100	286.9700	464.4000
1226.6800	288.0050	464.4000
1235.1800	289.8150	467.9600
1243.7400	287.7900	635.4600
1238.1200	285.8900	635.4600
1221.5800	285.8900	635.4600
1203.9800	287.1150	635.4600
1188.1800	286.1900	635.4600
1166.8500	283.7950	635.4600
1150.1800	282.3050	635.4600
1215.5300	283.1900	635.4600
1287.9200	284.2650	635.4600
1279.6000	285.1250	635.4600
1228.0100	287.2400	635.4600
1209.7300	288.1800	635.4600
1227.2500	289.4600	635.4600
1248.1400	289.6900	635.4600
1253.2200	289.4850	635.4600
1215.1400	289.7250	635.4600
1141.1100	290.3800	635.4600
1055.7800	290.7050	635.4600
976.8500	288.9100	635.4600
906.2500	290.2450	635.4600
846.9000	290.8550	635.4600
807.6700	289.0400	635.4600
790.5700	287.5050	635.4600
787.2800	288.9000	635.4600
789.6500	291.0250	635.4600
809.6600	292.5000	635.4600
839.2200	290.0200	635.4600
852.0400	290.3300	635.4600
848.0400	292.8500	635.4600
835.4800	292.3200	648.0800
815.2400	293.1200	1241.1500
792.7200	291.8000	1241.1500
774.7100	291.8150	1241.1500
770.6200	292.0850	1241.1500
759.9100	291.7850	1241.1500
748.2500	292.3350	1241.1500
762.5100	292.4450	1241.1500
741.3200	291.6900	1241.1500
683.6500	290.8100	1241.1500
605.1400	290.2950	1241.1500
545.0900	291.5750	1241.1500
517.9800	293.5000	1241.1500
522.1900	294.0600	1241.1500
537.4200	294.2200	1241.1500
540.6700	291.8050	1241.1500
528.5800	293.2750	1241.1500
517.6700	294.5300	1241.1500
528.8800	296.3000	1241.1500
569.4100	297.6500	1241.1500
614.9000	296.6550	1241.1500
640.1700	294.8400	1241.1500
653.0100	295.8950	1241.1500
669.4200	297.4250	1241.1500
683.6000	296.7400	1241.1500
675.1200	296.7850	1241.1500
642.0700	297.3600	1241.1500
599.2100	295.6600	1241.1500
558.9600	293.6850	1241.1500
528.4300	292.6800	1241.1500
506.9200	293.0800	1241.1500
493.0400	293.9900	1243.6100
490.4700	293.7450	1359.1900
502.6700	296.9050	1359.1900
531.4200	296.5450	1359.1900
574.3500	294.4000	1359.1900
624.7200	294.1750	1359.1900
658.0000	294.9100	1359.1900
675.6900	295.5250	1359.1900
673.2600	295.0150	1359.1900
646.9400	295.0650	1359.1900
611.4000	296.0800	1359.1900
577.7100	297.5300	1359.1900
556.6500	298.2650	1359.1900
553.7500	297.8150	1359.1900
564.0800	296.2600	1359.1900
597.4000	294.8300	1359.1900
633.4100	292.7400	1359.1900
678.7500	291.3850	1359.1900
719.0700	293.3850	1359.1900
729.5800	294.3300	1359.1900
713.1900	292.8450	1359.1900
676.8000	293.2100	1359.1900
629.6000	294.7500	1359.1900
584.3400	296.3400	1359.1900
549.7300	295.8750	1359.1900
527.2500	293.8450	1359.1900
515.3900	295.2750	1359.1900
509.9100	295.9150	1359.1900
503.8500	294.2250	1359.1900
493.9900	293.3050	1359.1900
480.3800	292.4950	1359.1900
464.7400	293.1950	1352.5100
449.0600	294.7100	1038.8300
435.8200	295.8900	1038.8300
428.3800	295.8250	1038.8300
430.2300	295.8000	1038.8300
440.1000	295.3300	1038.8300
448.4100	296.3350	1038.8300
446.0700	296.1350	1038.8300
433.4800	293.5950	1038.8300
417.7100	292.6750	1038.8300
402.1100	294.9150	1038.8300
393.3500	293.1450	1038.8300
395.3400	292.7100	1038.8300
404.1200	293.6300	1038.8300
410.4400	294.2150	1038.8300
408.4800	296.4550	1038.8300
398.0300	296.7750	1038.8300
382.8700	296.9100	1038.8300
367.6200	296.9000	1038.8300
353.8800	297.0650	1038.8300
341.0700	296.6150	1038.8300
328.2200	291.6350	1038.8300
315.3500	291.7250	1038.8300
303.5000	294.7300	1038.8300
293.7600	294.9350	1038.8300
286.6700	294.3200	1038.8300
282.7600	294.4050	1038.8300
283.0400	292.8050	1038.8300
287.4900	288.8550	1038.8300
293.2700	289.6200	1038.8300
297.5100	291.3850	1027.1500
305.4900	288.2100	478.4200
311.9800	287.0700	478.4200
309.6800	287.0250	478.4200
306.5100	286.9700	478.4200
303.5000	286.3350	478.4200
302.8200	286.5200	478.4200
308.0700	287.4850	478.4200
315.6800	284.3150	478.4200
320.0400	283.3400	478.4200
320.1600	281.9550	478.4200
317.9900	281.5900	478.4200
315.2000	281.2050	478.4200
313.2900	280.9200	478.4200
315.4200	280.6850	478.4200
328.2400	280.4600	478.4200
340.8500	281.5050	478.4200
350.1000	282.3250	478.4200
354.9000	286.3100	478.4200
355.5600	283.2450	478.4200
362.1800	280.9150	478.4200
373.6500	279.8250	478.4200
371.6500	279.4550	478.4200
365.0600	280.1750	478.4200
359.9500	280.7300	478.4200
367.7300	279.2300	478.4200
395.1500	278.1400	478.4200
425.8900	280.7850	478.4200
443.1600	278.2450	478.4200
448.4500	276.4500	478.4200
462.7700	275.8400	478.4200
501.5600	277.5350	471.3900
532.5700	279.9850	141.1000
525.5700	277.6350	141.1000
495.2800	277.6250	141.1000
462.9000	277.2900	141.1000
439.3800	277.3450	141.1000
423.2700	279.9250	141.1000
403.8300	279.3600	141.1000
380.9500	277.8850	141.1000
361.1400	277.3150	141.1000
344.7800	276.9300	141.1000
330.5200	278.1650	141.1000
321.2700	278.5000	141.1000
318.3100	276.4150	141.1000
315.4000	275.3600	141.1000
305.5400	275.1950	141.1000
288.8100	275.5350	141.1000
269.8200	276.9450	141.1000
253.3600	277.0600	141.1000
243.4300	276.1000	141.1000
240.8200	275.8950	141.1000
241.7100	276.6100	141.1000
243.3400	275.7800	141.1000
246.6700	274.9850	141.1000
252.0600	275.0100	141.1000
256.4600	274.9900	141.1000
257.0700	274.9750	141.1000
255.0900	276.6250	141.1000
252.4400	276.1750	141.1000
248.8900	274.5250	141.1000
243.9500	274.3600	139.9100
238.9300	274.5350	83.9700
236.1500	273.9950	83.9700
236.5000	273.9250	83.9700
238.4300	273.8350	83.9700
240.1600	273.7650	83.9700
241.0100	273.7000	83.9700
240.5800	273.6300	83.9700
238.5000	273.5500	83.9700
234.7500	273.4550	83.9700
229.2500	273.3750	83.9700
221.8300	273.2950	83.9700
212.8900	273.2400	83.9700
203.5600	273.1900	83.9700
195.0900	273.1200	83.9700
188.3300	273.0300	83.9700
183.4500	272.9600	83.9700
180.1000	272.9200	83.9700
177.8700	272.8750	83.9700
176.7300	272.8150	83.9700
176.2500	272.7900	83.9700
176.2500	272.7850	83.9700
178.0700	272.7700	83.9700
184.3500	272.7600	83.9700
196.6800	272.7150	83.9700
211.9800	272.6600	83.9700
226.9700	272.6350	83.9700
242.9800	272.6000	83.9700
258.8100	272.5900	83.9700
269.1300	272.5950	83.9700
273.0900	272.6100	83.9700
272.6300	272.6600	83.7600
267.4100	272.7000	74.0200
257.2800	272.7500	74.0200
244.3100	272.8000	74.0200
231.1600	272.8150	74.0200
219.6100	272.8500	74.0200
210.4200	272.8800	74.0200
203.9200	272.8900	74.0200
200.2600	272.8650	74.0200
199.6200	272.8550	74.0200
201.6600	272.8700	74.0200
204.7500	272.8800	74.0200
207.2100	272.8900	74.0200
208.6900	272.9050	74.0200
211.1600	272.9100	74.0200
218.9300	272.9200	74.0200
235.3400	272.9600	74.0200
256.4300	273.0400	74.0200
276.4200	273.1100	74.0200
296.8200	273.1900	74.0200
310.0100	273.2750	74.0200
313.6600	273.3500	74.0200
311.4900	273.4000	74.0200
304.1700	273.4450	74.0200
293.5800	273.4650	74.0200
282.1600	273.4850	74.0200
271.0200	273.4950	74.0200
260.0200	273.4900	74.0200
248.8600	273.4800	74.0200
237.7100	273.4800	74.0200
226.8500	273.4900	74.0200
216.6200	273.5050	73.8500
207.2400	273.5050	65.6200
199.2000	273.4900	65.6200
193.5500	273.4750	65.6200
191.4600	273.4650	65.6200
193.9900	273.4750	65.6200
200.9400	273.4800	65.6200
210.1300	273.5050	65.6200
221.8600	273.4900	65.6200
237.7900	273.4600	65.6200
253.7800	273.4350	65.6200
265.0800	273.4300	65.6200
271.4500	273.4400	65.6200
273.9400	273.4400	65.6200
272.8000	273.4300	65.6200
267.0600	273.4150	65.6200
257.6600	273.4050	65.6200
248.2200	273.4250	65.6200
242.3300	273.4550	65.6200
242.0700	273.4950	65.6200
246.6800	273.5250	65.6200
253.3800	273.5550	65.6200
259.7100	273.5700	65.6200
263.6800	273.5900	65.6200
264.2900	273.6050	65.6200
261.9700	273.6500	65.6200
257.5700	273.6750	65.6200
250.9100	273.7050	65.6200
243.7400	273.7450	65.9100
239.5700	273.8000	79.4100
241.2200	273.8600	79.4100
248.6100	273.9300	79.4100
257.0300	274.0000	79.4100
261.0900	274.0750	79.4100
259.7100	274.1400	79.4100
254.9600	274.2100	79.4100
250.0200	274.2900	79.4100
252.3300	274.3750	79.4100
277.3700	274.4500	79.4100
329.0700	274.5250	79.4100
375.4300	274.5800	79.4100
391.4200	274.6700	79.4100
383.9900	274.7500	79.4100
367.0100	274.7700	79.4100
350.2100	274.9250	79.4100
339.6600	275.8950	79.4100
339.4600	277.0500	79.4100
347.7400	275.6550	79.4100
345.0200	275.6050	79.4100
337.5800	277.8100	79.4100
340.1000	280.1300	79.4100
359.3900	277.9300	79.4100
348.2800	277.6250	79.4100
343.0300	277.7600	79.4100
350.4100	278.1450	79.4100
364.0500	278.6550	79.4100
377.7500	280.5450	79.4100
392.1700	281.9600	79.4100
408.6500	282.2100	79.4100
420.7200	280.0550	81.3900
419.7400	279.5100	174.4600
411.2100	279.5350	174.4600
402.3700	279.2100	174.4600
396.2200	279.0300	174.4600
391.1700	278.9500	174.4600
384.8200	279.8400	174.4600
380.1300	280.4500	174.4600
380.9300	280.4900	174.4600
391.4100	280.9800	174.4600
420.7900	278.6450	174.4600
463.5600	278.8050	174.4600
487.5600	280.0450	174.4600
479.2500	280.7850	174.4600
456.6200	280.7400	174.4600
429.2900	279.9450	174.4600
408.9200	280.3700	174.4600
399.4700	281.2950	174.4600
400.7300	282.5100	174.4600
411.5600	283.9950	174.4600
429.0400	283.8000	174.4600
456.8700	283.0150	174.4600
527.5500	282.9650	174.4600
655.1200	282.8850	174.4600
755.5000	281.1450	174.4600
779.1200	282.2900	174.4600
770.0500	279.3850	174.4600
761.4800	280.0900	174.4600
766.5500	283.5500	174.4600
782.3300	282.4200	174.4600
809.5700	281.2800	180.7100
876.2000	280.6500	474.7700
942.1300	280.4450	474.7700
939.1200	281.4400	474.7700
915.6200	282.7900	474.7700
917.0300	280.0900	474.7700
928.7900	279.4600	474.7700
1001.1300	279.2350	474.7700
1156.7800	279.4650	474.7700
1260.7400	279.9950	474.7700
1247.0600	281.2000	474.7700
1136.9600	281.2550	474.7700
997.2200	281.9250	474.7700
894.5700	281.9250	474.7700
848.0300	282.5750	474.7700
840.7900	284.0500	474.7700
852.4200	284.6950	474.7700
866.2100	285.5350	474.7700
873.7200	285.9150	474.7700
880.4800	286.6050	474.7700
893.8500	286.0900	474.7700
905.7000	283.4550	474.7700
897.1800	282.8350	474.7700
869.2300	281.9900	474.7700
834.6800	282.2100	474.7700
853.5400	281.0850	474.7700
873.4000	282.9100	474.7700
871.6300	285.4100	474.7700
927.8900	285.8200	474.7700
1053.8800	285.4000	474.7700
1197.2200	284.0900	474.7700
1277.8800	285.3400	478.4100
1318.7000	284.9050	649.6500
1363.7400	285.3300	649.6500
1420.3500	286.7300	649.6500
1428.9400	285.1200	649.6500
1393.0000	285.5750	649.6500
1339.2400	285.0300	649.6500
1238.6700	285.4150	649.6500
1110.2700	285.9550	649.6500
996.2400	285.5200	649.6500
926.6300	286.0750	649.6500
910.8800	285.2900	649.6500
943.4800	284.5500	649.6500
973.9100	286.3050	649.6500
992.6400	286.3450	649.6500
1012.6400	287.2300	649.6500
1073.9600	287.6800	649.6500
1152.1900	289.1300	649.6500
1210.9500	284.3600	649.6500
1249.7000	286.0100	649.6500
1234.5800	288.6850	649.6500
1187.2700	290.1450	649.6500
1160.4200	288.8750	649.6500
1142.9400	288.8500	649.6500
1151.5500	290.2600	649.6500
1203.2800	292.1000	649.6500
1250.2400	291.4100	649.6500
1217.3300	290.6900	649.6500
1122.7200	291.2100	649.6500
1023.9900	292.7350	649.6500
950.2100	293.9700	662.5500
902.4600	293.0200	1268.8500
872.6900	293.1900	1268.8500
853.4800	291.1750	1268.8500
836.6200	289.4050	1268.8500
818.8900	290.6500	1268.8500
808.4500	289.0850	1268.8500
797.2500	290.3250	1268.8500
771.3600	292.3000	1268.8500
743.4200	293.7850	1268.8500
737.5200	295.2000	1268.8500
754.5000	293.0300	1268.8500
778.7000	292.4650	1268.8500
792.8900	294.3500	1268.8500
790.7800	291.9950	1268.8500
772.0100	293.7850	1268.8500
745.2300	295.7150	1268.8500
717.3900	295.8250	1268.8500
689.4500	294.2450	1268.8500
662.4500	294.1100	1268.8500
641.7400	293.1100	1268.8500
630.3900	292.7400	1268.8500
623.9400	291.8500	1268.8500
618.6800	293.8100	1268.8500
610.0700	292.5250	1268.8500
593.2100	294.5300	1268.8500
581.9300	297.4700	1268.8500
577.7500	297.1900	1268.8500
574.4100	295.1950	1268.8500
594.2800	296.9350	1268.8500
576.8200	298.1700	1268.8500
558.1800	297.7850	1271.0900
547.4500	297.7750	1376.0700
544.1300	297.0150	1376.0700
540.8800	296.3450	1376.0700
533.3100	295.0300	1376.0700
523.5300	295.3100	1376.0700
515.3700	296.4650	1376.0700
521.9300	298.4100	1376.0700
533.5100	298.3600	1376.0700
547.3900	298.4750	1376.0700
561.2500	298.9600	1376.0700
567.4200	297.9500	1376.0700
567.7900	298.3300	1376.0700
563.6300	295.9750	1376.0700
549.2700	292.2700	1376.0700
537.2500	293.8950	1376.0700
525.6500	294.9900	1376.0700
524.6700	296.1700	1376.0700
542.3800	296.6050	1376.0700
585.1800	297.8100	1376.0700
648.1700	297.7550	1376.0700
703.2000	297.1100	1376.0700
718.4500	299.0200	1376.0700
694.3800	294.8950	1376.0700
653.7000	292.0650	1376.0700
606.8400	293.5100	1376.0700
562.5100	295.5500	1376.0700
523.3100	296.8200	1376.0700
492.7100	293.6850	1376.0700
476.7900	291.7000	1376.0700
476.5600	290.7050	1376.0700
494.3400	289.1250	1369.3100
484.5900	290.5900	1051.7300
467.6200	290.0250	1051.7300
470.9100	291.3450	1051.7300
515.6200	292.4000	1051.7300
589.0000	294.3050	1051.7300
622.4200	290.3800	1051.7300
608.5000	289.4400	1051.7300
587.3500	290.3800	1051.7300
582.7600	291.0600	1051.7300
612.9400	289.7200	1051.7300
631.3000	289.2650	1051.7300
616.7800	289.4600	1051.7300
588.8800	289.9700	1051.7300
557.5900	289.0300	1051.7300
542.2700	288.7750	1051.7300
534.5600	288.4600	1051.7300
515.6400	286.1900	1051.7300
504.7500	282.7000	1051.7300
504.2000	284.3650	1051.7300
531.6800	287.1850	1051.7300
582.2300	286.3400	1051.7300
605.9000	285.5750	1051.7300
587.2500	285.1300	1051.7300
550.6400	286.3000	1051.7300
512.9200	287.0500	1051.7300
480.7500	289.3600	1051.7300
456.2400	290.1250	1051.7300
436.7200	289.7950	1051.7300
418.6000	289.8200	1051.7300
400.4100	287.9150	1039.9100
382.0200	288.1300	484.3600
363.8200	286.3100	484.3600
346.6300	287.8300	484.3600
331.2900	289.5600	484.3600
318.3900	290.4450	484.3600
308.0500	287.4800	484.3600
299.6800	289.4700	484.3600
291.7700	290.6850	484.3600
282.9300	290.1050	484.3600
274.4600	289.4550	484.3600
266.4600	289.3100	484.3600
261.6400	286.0150	484.3600
258.1700	286.1350	484.3600
254.8700	287.5800	484.3600
254.9800	288.1350	484.3600
259.2600	286.6750	484.3600
263.7300	285.3900	484.3600
265.0400	285.1000	484.3600
264.2600	286.1000	484.3600
263.2000	286.8350	484.3600
262.3400	286.6850	484.3600
260.8900	287.7850	484.3600
257.9800	286.9650	484.3600
253.7600	287.1950	484.3600
249.2300	287.2000	484.3600
245.4800	283.7950	484.3600
242.8800	281.5050	484.3600
241.3600	281.2950	484.3600
239.7800	282.4000	484.3600
238.4800	284.1950	484.3600
238.4500	282.6950	477.2400
241.1000	284.1250	142.8500
246.9800	284.6700	142.8500
256.2400	282.6700	142.8500
268.0900	280.7950	142.8500
278.7200	280.4350	142.8500
283.6700	282.8500	142.8500
283.8700	283.8500	142.8500
285.1600	283.3700	142.8500
290.0500	281.2150	142.8500
293.6700	278.7200	142.8500
291.1000	277.6000	142.8500
282.9100	277.4000	142.8500
272.6300	277.6750	142.8500
265.4500	277.0450	142.8500
267.1200	277.7050	142.8500
277.4700	276.9250	142.8500
289.7900	276.0200	142.8500
298.9700	275.6100	142.8500
300.9100	275.4350	142.8500
295.7500	275.1250	142.8500
290.6600	275.0250	142.8500
296.2100	274.9450	142.8500
311.0800	274.8800	142.8500
322.5600	274.8100	142.8500
329.2300	274.7050	142.8500
333.8100	274.5950	142.8500
332.1500	274.4850	142.8500
322.6700	274.3850	142.8500
310.0200	274.2850	142.8500
298.7800	274.1600	141.6500
289.9600	274.0300	85.0100
283.5600	273.8950	85.0100
279.7900	273.7750	85.0100
278.6400	273.6550	85.0100
279.5600	273.5300	85.0100
281.7400	273.4150	85.0100
286.8700	273.3200	85.0100
296.8200	273.2450	85.0100
306.9200	273.1950	85.0100
307.9900	273.1550	85.0100
299.0800	273.1300	85.0100
288.1600	273.0850	85.0100
281.8100	273.0750	85.0100
280.3300	273.0650	85.0100
280.9700	273.0750	85.0100
280.7800	273.0600	85.0100
278.8800	273.0500	85.0100
287.0900	273.0450	85.0100
318.1400	273.0650	85.0100
343.0400	273.1550	85.0100
341.8300	273.2400	85.0100
332.2400	273.2850	85.0100
324.9100	273.2950	85.0100
318.8800	273.2650	85.0100
317.2100	273.2150	85.0100
322.6200	273.1850	85.0100
326.3000	273.1700	85.0100
318.0100	273.1700	85.0100
298.8600	273.1800	85.0100
276.6400	273.2000	85.0100
